((11, 4.6), '([\'AAAAAAAAAAA\', \'BBBBBBBBBBB\', \'CCCCCCCCCCC\', \'DDDDDDDDDDD\', \'EEEEEEEEEEE\', \'FFFFFFFFFFF\', \'GGGGGGGGGGG\', \'HHHHHHHHHHH\', \'IIIIIIIIIII\', \'JJJJJJJJJJJ\', \'KKKKKKKKKKK\', \'LLLLLLLLLLL\', \'MMMMMMMMMMM\', \'NNNNNNNNNNN\', \'OOOOOOOOOOO\', \'PPPPPPPPPPP\', \'QQQQQQQQQQQ\', \'RRRRRRRRRRR\', \'SSSSSSSSSSS\', \'TTTTTTTTTTT\', \'UUUUUUUUUUU\', \'VVVVVVVVVVV\', \'WWWWWWWWWWW\', \'XXXXXXXXXXX\', \'YYYYYYYYYYY\', \'ZZZZZZZZZZZ\'], ["([1, 0, 0, 0, 0, 0, 0, 0, 0, 0, 0, 0, 0], [[0, 1, 0, 0, 0, 0, 0, 0, 0, 0, 0, 0, 0], [0, 0.018181818181818184, 0.8, 0.018181818181818184, 0.018181818181818184, 0.018181818181818184, 0.018181818181818184, 0.018181818181818184, 0.018181818181818184, 0.018181818181818184, 0.018181818181818184, 0.018181818181818184, 0.018181818181818184], [0, 0, 0.02, 0.8, 0.02, 0.02, 0.02, 0.02, 0.02, 0.02, 0.02, 0.02, 0.02], [0, 0, 0, 0.022222222222222223, 0.8, 0.022222222222222223, 0.022222222222222223, 0.022222222222222223, 0.022222222222222223, 0.022222222222222223, 0.022222222222222223, 0.022222222222222223, 0.022222222222222223], [0, 0, 0, 0, 0.025, 0.8, 0.025, 0.025, 0.025, 0.025, 0.025, 0.025, 0.025], [0, 0, 0, 0, 0, 0.028571428571428574, 0.8, 0.028571428571428574, 0.028571428571428574, 0.028571428571428574, 0.028571428571428574, 0.028571428571428574, 0.028571428571428574], [0, 0, 0, 0, 0, 0, 0.03333333333333333, 0.8, 0.03333333333333333, 0.03333333333333333, 0.03333333333333333, 0.03333333333333333, 0.03333333333333333], [0, 0, 0, 0, 0, 0, 0, 0.04, 0.8, 0.04, 0.04, 0.04, 0.04], [0, 0, 0, 0, 0, 0, 0, 0, 0.05, 0.8, 0.05, 0.05, 0.05], [0, 0, 0, 0, 0, 0, 0, 0, 0, 0.06666666666666667, 0.8, 0.06666666666666667, 0.06666666666666667], [0, 0, 0, 0, 0, 0, 0, 0, 0, 0, 0.1, 0.8, 0.1], [0, 0, 0, 0, 0, 0, 0, 0, 0, 0, 0, 0.2, 0.8], [1, 0, 0, 0, 0, 0, 0, 0, 0, 0, 0, 0, 0]], [[1, 0, 0, 0, 0, 0, 0, 0, 0, 0, 0, 0], [0, 0.013103151749645436, 0.018824248029446298, 0.003463973700462715, 0.012224726819314696, 0.0009073275710006831, 0.0011689438576970633, 0.5066063256566122, 0.28770754627351386, 0.13819288918481662, 0.017800867157490276, 0], [0, 0.00631520179065714, 0.013718181468843984, 0.014449009752041709, 0.004732541431533978, 0.006437376497159988, 0.013560262230383523, 0.7006266502701887, 0.17302320026020696, 0.06700486686873065, 0.00013270943025343244, 0], [0, 0.0008448128046769037, 0.012906949231508693, 0.014080351504884936, 0.012547499901452736, 0.005072250238819728, 0.006917562917806214, 0.7414966193664565, 0.17165132382462697, 0.029349133027118914, 0.005133497182648467, 0], [0, 0.008039135974907931, 0.004879740187467582, 0.012327011007536134, 0.016033105647072863, 0.01388993896630343, 0.00025912373196056995, 0.8028432570555284, 0.12413209131615205, 0.00942886999708221, 0.008167726115988826, 0], [0, 0.004577854034254396, 0.010583563554225073, 0.005097082909026957, 0.015832800004361356, 0.012032269874433952, 0.010528985745512939, 0.8399454133513861, 0.08225740707918683, 0.009579109547331672, 0.009565513900280861, 0], [0, 0.011460057404486523, 0.019700287804712065, 0.0064793946256818235, 0.0047790814853883035, 0.0021664326199963796, 0.005076078391800892, 0.8027124845706759, 0.1271926530629945, 0.019679724979854235, 0.0007538050544093582, 0], [0, 0.0022159283038300937, 0.01591465637241201, 0.018484264298794854, 0.006358314004641574, 0.000602938476906554, 0.02042096107516462, 0.8217084378467803, 0.09108514537636613, 0.01802073445926366, 0.005188619785840246, 0], [0, 0.002670346430464253, 0.01764991447704021, 0.005272978976868661, 0.0015442842852869858, 0.018156019644882566, 0.0036031729356562256, 0.8110808439250786, 0.11927078947970444, 0.020409529107327296, 0.0003421207376906331, 0], [0, 0.0009392280421628975, 0.01482994947460609, 0.01181543573128501, 0.012876481126214201, 0.012294654985540217, 0.013854792953859963, 0.7239881026550682, 0.15661402362715493, 0.04482780554012609, 0.007959525863982448, 0], [0, 0.003325035644787633, 0.011163365400357715, 0.015839874177071504, 0.006862393704117298, 0.004887835409423769, 0.014757409785392923, 0.7351232393567854, 0.13709457376539114, 0.06855767358073586, 0.0023885991759369455, 0], [0, 0.005858211099508637, 0.01899413052018653, 0.015807950704209733, 0.004466593142788558, 0.002953966128842584, 0.0015021233866719067, 0.6007666979289618, 0.21153933333693462, 0.13688059698052094, 0.0012303967713746967, 0], [0, 0, 0, 0, 0, 0, 0, 0, 0, 0, 0, 1]], [\'@\', \'a\', \'b\', \'c\', \'d\', \'e\', \'f\', \'g\', \'h\', \'i\', \'j\', \'$\'])", "([1, 0, 0, 0, 0, 0, 0, 0, 0, 0, 0, 0, 0], [[0, 1, 0, 0, 0, 0, 0, 0, 0, 0, 0, 0, 0], [0, 0.018181818181818184, 0.8, 0.018181818181818184, 0.018181818181818184, 0.018181818181818184, 0.018181818181818184, 0.018181818181818184, 0.018181818181818184, 0.018181818181818184, 0.018181818181818184, 0.018181818181818184, 0.018181818181818184], [0, 0, 0.02, 0.8, 0.02, 0.02, 0.02, 0.02, 0.02, 0.02, 0.02, 0.02, 0.02], [0, 0, 0, 0.022222222222222223, 0.8, 0.022222222222222223, 0.022222222222222223, 0.022222222222222223, 0.022222222222222223, 0.022222222222222223, 0.022222222222222223, 0.022222222222222223, 0.022222222222222223], [0, 0, 0, 0, 0.025, 0.8, 0.025, 0.025, 0.025, 0.025, 0.025, 0.025, 0.025], [0, 0, 0, 0, 0, 0.028571428571428574, 0.8, 0.028571428571428574, 0.028571428571428574, 0.028571428571428574, 0.028571428571428574, 0.028571428571428574, 0.028571428571428574], [0, 0, 0, 0, 0, 0, 0.03333333333333333, 0.8, 0.03333333333333333, 0.03333333333333333, 0.03333333333333333, 0.03333333333333333, 0.03333333333333333], [0, 0, 0, 0, 0, 0, 0, 0.04, 0.8, 0.04, 0.04, 0.04, 0.04], [0, 0, 0, 0, 0, 0, 0, 0, 0.05, 0.8, 0.05, 0.05, 0.05], [0, 0, 0, 0, 0, 0, 0, 0, 0, 0.06666666666666667, 0.8, 0.06666666666666667, 0.06666666666666667], [0, 0, 0, 0, 0, 0, 0, 0, 0, 0, 0.1, 0.8, 0.1], [0, 0, 0, 0, 0, 0, 0, 0, 0, 0, 0, 0.2, 0.8], [1, 0, 0, 0, 0, 0, 0, 0, 0, 0, 0, 0, 0]], [[1, 0, 0, 0, 0, 0, 0, 0, 0, 0, 0, 0], [0, 0.0010340162059695773, 0.005047326391838126, 0.008543914089423605, 0.009777493602609013, 0.012102324961324797, 0.016031425769067374, 0.6110992762942222, 0.21721086789323746, 0.11838825810499565, 0.0007650966873121218, 0], [0, 0.0053488430592090646, 0.001144652033179806, 0.01975168846402061, 0.03735257091281098, 0.009689130822345416, 0.015247350251062162, 0.7354579972554661, 0.127098315658888, 0.035221356767529674, 0.013688094775488258, 0], [0, 0.005120268071317703, 0.005354108744366151, 0.005386502187637766, 0.02504318804396988, 0.006524258900728382, 0.038559717698303644, 0.8154358984819154, 0.056920431665142095, 0.02219204533208296, 0.019463580874536066, 0], [0, 0.0064297508215009095, 0.014425148082873821, 0.03366444486174692, 0.0017734211037230393, 0.012006162243667488, 0.0067844270863446935, 0.868477067557568, 0.03609954791200065, 0.00305488109395076, 0.01728514923662375, 0], [0, 0.004401328462204656, 0.0036273663251972423, 0.01941801525911532, 0.003700507490273132, 0.00818893048476982, 0.0067114121578275765, 0.89593481625689, 0.02887640308568757, 0.010986002113177759, 0.01815521836485691, 0], [0, 0.012105525136942977, 0.0037368459453966073, 0.00898781503152875, 0.010651733318817538, 0.0037190939938549776, 0.015281172146713018, 0.9237126572383463, 0.0036276598055966403, 0.006559881434934003, 0.011617615947869205, 0], [0, 0.0001650697681524704, 0.009367762811145638, 0.013149725736156534, 0.010506157914032544, 0.0159163782337103, 0.0041889551201173105, 0.9130572979111994, 0.015381286845448091, 0.0030855648418306853, 0.015181800818206892, 0], [0, 0.013561984324812417, 0.006496086905108032, 0.01511180789826692, 0.0042828956237554085, 0.010618546826063559, 0.0074762088765536455, 0.9224295135625126, 0.0038824445741169884, 0.0022875336029789645, 0.013852977805831546, 0], [0, 0.0025722521786423224, 0.014487317122300588, 0.006819402062519437, 0.010628334708216707, 0.014712665404513152, 0.013471454456158348, 0.8935693663406923, 0.02858450730439949, 7.057895269220087e-06, 0.015147642527288478, 0], [0, 0.0023137550459944277, 0.006651151642460797, 0.01518397260305108, 0.015613573104849869, 0.000772340570205979, 0.0006648906143006818, 0.9038554703906393, 0.030259077638085927, 0.021098426267378716, 0.003587342123033163, 0], [0, 0.008046801827537524, 0.012491531786235424, 0.013974788922156972, 0.005515051302201413, 0.0015242294650757503, 0.011913227802803315, 0.920851484918733, 0.011361670850102229, 0.0010876851415362564, 0.013233527983618126, 0], [0, 0, 0, 0, 0, 0, 0, 0, 0, 0, 0, 1]], [\'@\', \'a\', \'b\', \'c\', \'d\', \'e\', \'f\', \'g\', \'h\', \'i\', \'j\', \'$\'])", "([1, 0, 0, 0, 0, 0, 0, 0, 0, 0, 0, 0, 0], [[0, 1, 0, 0, 0, 0, 0, 0, 0, 0, 0, 0, 0], [0, 0.018181818181818184, 0.8, 0.018181818181818184, 0.018181818181818184, 0.018181818181818184, 0.018181818181818184, 0.018181818181818184, 0.018181818181818184, 0.018181818181818184, 0.018181818181818184, 0.018181818181818184, 0.018181818181818184], [0, 0, 0.02, 0.8, 0.02, 0.02, 0.02, 0.02, 0.02, 0.02, 0.02, 0.02, 0.02], [0, 0, 0, 0.022222222222222223, 0.8, 0.022222222222222223, 0.022222222222222223, 0.022222222222222223, 0.022222222222222223, 0.022222222222222223, 0.022222222222222223, 0.022222222222222223, 0.022222222222222223], [0, 0, 0, 0, 0.025, 0.8, 0.025, 0.025, 0.025, 0.025, 0.025, 0.025, 0.025], [0, 0, 0, 0, 0, 0.028571428571428574, 0.8, 0.028571428571428574, 0.028571428571428574, 0.028571428571428574, 0.028571428571428574, 0.028571428571428574, 0.028571428571428574], [0, 0, 0, 0, 0, 0, 0.03333333333333333, 0.8, 0.03333333333333333, 0.03333333333333333, 0.03333333333333333, 0.03333333333333333, 0.03333333333333333], [0, 0, 0, 0, 0, 0, 0, 0.04, 0.8, 0.04, 0.04, 0.04, 0.04], [0, 0, 0, 0, 0, 0, 0, 0, 0.05, 0.8, 0.05, 0.05, 0.05], [0, 0, 0, 0, 0, 0, 0, 0, 0, 0.06666666666666667, 0.8, 0.06666666666666667, 0.06666666666666667], [0, 0, 0, 0, 0, 0, 0, 0, 0, 0, 0.1, 0.8, 0.1], [0, 0, 0, 0, 0, 0, 0, 0, 0, 0, 0, 0.2, 0.8], [1, 0, 0, 0, 0, 0, 0, 0, 0, 0, 0, 0, 0]], [[1, 0, 0, 0, 0, 0, 0, 0, 0, 0, 0, 0], [0, 0.008911612921617592, 0.0036780419045439198, 0.0015834409718266664, 0.00978747161637353, 0.01755341476187492, 0.008070799354602304, 0.8906751502793014, 0.03307130853698974, 0.017296244644780502, 0.00937251500808929, 0], [0, 0.004285207348578778, 0.004715183611782636, 0.017617404533129127, 0.012049795424763043, 0.010618749907617514, 0.005455536000192052, 0.9249757502323862, 0.0018545446466830006, 0.0183647283082456, 6.309998662217467e-05, 0], [0, 0.006290054505833752, 0.015219905269044206, 0.010697420195480832, 0.002625495293043482, 0.001960060547201015, 0.005776911103702668, 0.9273075288634498, 0.008469248220697868, 0.015120684531306007, 0.006532691470240244, 0], [0, 0.0026361212357980616, 0.012767142801720376, 0.01502874562292856, 0.007870365107258736, 0.013384534851364434, 0.0085337977005267, 0.9047063112495893, 0.01978182241219437, 0.012139976836956204, 0.0031511821816632758, 0], [0, 0.015892330886041917, 0.019655597125911334, 0.004495307179927227, 0.004605387563665761, 0.0010517530727665602, 0.011080893337616332, 0.8572079792688387, 0.054906460264332775, 0.012890729979667375, 0.018213561321232065, 0], [0, 0.0005695533845762088, 0.0010952376054094322, 0.010361761804959195, 0.007515364363405082, 0.0013452298455864098, 0.020854395733840472, 0.741466698402251, 0.18458298159236558, 0.030843449625813816, 0.0013653276417928241, 0], [0, 0.014857548130008044, 0.0151087482142273, 0.0008911220392843501, 0.007623703051954964, 0.014710570609406835, 0.008377062572425441, 0.5844244337567986, 0.25659443466567583, 0.09123545958162962, 0.006176917378588895, 0], [0, 0.011894113169644187, 0.0012111499625546654, 0.01843399905689442, 0.0021016639786500366, 0.006586458539723347, 0.019069767609285367, 0.5200346452116233, 0.29113935295336596, 0.11434798055927735, 0.015180868958981335, 0], [0, 0.009760694566443733, 0.002169869954224386, 0.01353146470786831, 0.006655935590402943, 0.018707814796316072, 0.007161036500848731, 0.4858382430184743, 0.22802343665686162, 0.1802776065401682, 0.047873897668391785, 0], [0, 0.0073571898507012266, 0.00042796123831985666, 0.005373257833278631, 0.00880997354057707, 0.012150493349820156, 0.015103832469609165, 0.40852711087039684, 0.304101938514486, 0.16063387104592028, 0.07751437128689084, 0], [0, 0.013833852732789398, 0.01224488512631185, 0.00969789825272397, 0.012579559596882627, 0.007415694453260773, 0.003997005045823375, 0.41689345677176376, 0.2730185356545601, 0.20846269793016978, 0.04185641443571442, 0], [0, 0, 0, 0, 0, 0, 0, 0, 0, 0, 0, 1]], [\'@\', \'a\', \'b\', \'c\', \'d\', \'e\', \'f\', \'g\', \'h\', \'i\', \'j\', \'$\'])", "([1, 0, 0, 0, 0, 0, 0, 0, 0, 0, 0, 0, 0], [[0, 1, 0, 0, 0, 0, 0, 0, 0, 0, 0, 0, 0], [0, 0.018181818181818184, 0.8, 0.018181818181818184, 0.018181818181818184, 0.018181818181818184, 0.018181818181818184, 0.018181818181818184, 0.018181818181818184, 0.018181818181818184, 0.018181818181818184, 0.018181818181818184, 0.018181818181818184], [0, 0, 0.02, 0.8, 0.02, 0.02, 0.02, 0.02, 0.02, 0.02, 0.02, 0.02, 0.02], [0, 0, 0, 0.022222222222222223, 0.8, 0.022222222222222223, 0.022222222222222223, 0.022222222222222223, 0.022222222222222223, 0.022222222222222223, 0.022222222222222223, 0.022222222222222223, 0.022222222222222223], [0, 0, 0, 0, 0.025, 0.8, 0.025, 0.025, 0.025, 0.025, 0.025, 0.025, 0.025], [0, 0, 0, 0, 0, 0.028571428571428574, 0.8, 0.028571428571428574, 0.028571428571428574, 0.028571428571428574, 0.028571428571428574, 0.028571428571428574, 0.028571428571428574], [0, 0, 0, 0, 0, 0, 0.03333333333333333, 0.8, 0.03333333333333333, 0.03333333333333333, 0.03333333333333333, 0.03333333333333333, 0.03333333333333333], [0, 0, 0, 0, 0, 0, 0, 0.04, 0.8, 0.04, 0.04, 0.04, 0.04], [0, 0, 0, 0, 0, 0, 0, 0, 0.05, 0.8, 0.05, 0.05, 0.05], [0, 0, 0, 0, 0, 0, 0, 0, 0, 0.06666666666666667, 0.8, 0.06666666666666667, 0.06666666666666667], [0, 0, 0, 0, 0, 0, 0, 0, 0, 0, 0.1, 0.8, 0.1], [0, 0, 0, 0, 0, 0, 0, 0, 0, 0, 0, 0.2, 0.8], [1, 0, 0, 0, 0, 0, 0, 0, 0, 0, 0, 0, 0]], [[1, 0, 0, 0, 0, 0, 0, 0, 0, 0, 0, 0], [0, 0.0037754888527981242, 0.011805577362346229, 0.026249061596186753, 0.026668253203057664, 0.012401660111602215, 0.029183430407603437, 0.5601725404631478, 0.20329258914160936, 0.12419752181739664, 0.002253877044251779, 0], [0, 0.010465792928374008, 0.0023980395420175847, 0.03196207602262818, 0.01909852254486625, 0.0016176173242529077, 0.0100088598284248, 0.7802116092523206, 0.07526823312989502, 0.05883454192003571, 0.01013470750718496, 0], [0, 0.006472320541954902, 0.006294586216372531, 0.022145125401664856, 0.021676808314861046, 0.0019238874006977133, 0.016509073069749164, 0.8196109672179074, 0.06364879794135739, 0.033929350366747796, 0.0077890835286870104, 0], [0, 0.006726281464446206, 0.013591069078441561, 0.011533729232218003, 0.007482611458750641, 0.0135044633139222, 0.005303114414093603, 0.7548051422238689, 0.15366920303551368, 0.020416541924304064, 0.012967843854441326, 0], [0, 0.006791232836121697, 0.014397829088513517, 0.009573350304781826, 0.0034845093176816802, 0.008755311130309463, 0.01384908159226044, 0.8337196761911788, 0.06641562175259182, 0.0353434311384226, 0.00766995664813817, 0], [0, 0.004921276270233996, 0.00591046308635928, 0.01580170834256392, 0.009594642156562075, 0.009346863513862044, 0.012454458102424197, 0.7697120929106066, 0.13781229072683562, 0.02774552536619964, 0.0067006795243526205, 0], [0, 0.0046701863185802436, 0.017370166017351647, 0.005874062190510329, 0.004424641936068277, 0.0035280210581831763, 0.011700831233215648, 0.888056008191624, 0.04406118952485209, 0.020203658746845887, 0.00011123478276879469, 0], [0, 0.009314912866814852, 0.020177618229671394, 0.007589123778329804, 0.007109254723963934, 0.0019511814073809323, 0.0038284064384413435, 0.8819551439283172, 0.047729931627745185, 0.017693005994045902, 0.002651421005289515, 0], [0, 0.011406093478445973, 0.01013587487164358, 0.007475009361443906, 0.01309779365419559, 0.010298227167584053, 0.003820303734066373, 0.9134336299928361, 0.014638467802302548, 0.006653410857780436, 0.009041189079701471, 0], [0, 0.005817669026766701, 0.014253816342620691, 0.011660251156230738, 0.004212789259874712, 0.008105701670843783, 0.011286891216342736, 0.9124410328474445, 0.01600618223879497, 0.005046914300033302, 0.011168751941047788, 0], [0, 0.01404504823077144, 0.006829960800040725, 0.0016423484753901186, 0.005443956367235996, 0.00846463087256113, 0.008375591802567363, 0.9128665469364825, 0.021696184561479998, 0.006677024519067129, 0.013958707434403396, 0], [0, 0, 0, 0, 0, 0, 0, 0, 0, 0, 0, 1]], [\'@\', \'a\', \'b\', \'c\', \'d\', \'e\', \'f\', \'g\', \'h\', \'i\', \'j\', \'$\'])", "([1, 0, 0, 0, 0, 0, 0, 0, 0, 0, 0, 0, 0], [[0, 1, 0, 0, 0, 0, 0, 0, 0, 0, 0, 0, 0], [0, 0.018181818181818184, 0.8, 0.018181818181818184, 0.018181818181818184, 0.018181818181818184, 0.018181818181818184, 0.018181818181818184, 0.018181818181818184, 0.018181818181818184, 0.018181818181818184, 0.018181818181818184, 0.018181818181818184], [0, 0, 0.02, 0.8, 0.02, 0.02, 0.02, 0.02, 0.02, 0.02, 0.02, 0.02, 0.02], [0, 0, 0, 0.022222222222222223, 0.8, 0.022222222222222223, 0.022222222222222223, 0.022222222222222223, 0.022222222222222223, 0.022222222222222223, 0.022222222222222223, 0.022222222222222223, 0.022222222222222223], [0, 0, 0, 0, 0.025, 0.8, 0.025, 0.025, 0.025, 0.025, 0.025, 0.025, 0.025], [0, 0, 0, 0, 0, 0.028571428571428574, 0.8, 0.028571428571428574, 0.028571428571428574, 0.028571428571428574, 0.028571428571428574, 0.028571428571428574, 0.028571428571428574], [0, 0, 0, 0, 0, 0, 0.03333333333333333, 0.8, 0.03333333333333333, 0.03333333333333333, 0.03333333333333333, 0.03333333333333333, 0.03333333333333333], [0, 0, 0, 0, 0, 0, 0, 0.04, 0.8, 0.04, 0.04, 0.04, 0.04], [0, 0, 0, 0, 0, 0, 0, 0, 0.05, 0.8, 0.05, 0.05, 0.05], [0, 0, 0, 0, 0, 0, 0, 0, 0, 0.06666666666666667, 0.8, 0.06666666666666667, 0.06666666666666667], [0, 0, 0, 0, 0, 0, 0, 0, 0, 0, 0.1, 0.8, 0.1], [0, 0, 0, 0, 0, 0, 0, 0, 0, 0, 0, 0.2, 0.8], [1, 0, 0, 0, 0, 0, 0, 0, 0, 0, 0, 0, 0]], [[1, 0, 0, 0, 0, 0, 0, 0, 0, 0, 0, 0], [0, 0.002340498934301442, 0.004423279197790609, 0.029065879562253986, 0.012861379683089392, 0.00871508263326087, 0.008892085475129654, 0.752581533571821, 0.15445865979006856, 0.011755966304278853, 0.014905634848005491, 0], [0, 0.008670463984322977, 0.0064335882274152755, 0.010260198789264229, 0.007043495934405147, 0.01724104429085827, 0.012757686767528961, 0.8782486052535703, 0.03193324155161086, 0.025472934856570706, 0.0019387403444532146, 0], [0, 0.002010139200209427, 0.016067679958593234, 0.005576505160744566, 0.015480522502207114, 0.005585603608955776, 4.3421088629092006e-06, 0.8945939012655988, 0.040140116153313705, 0.007830685002329895, 0.012710505039184748, 0], [0, 0.0006642303173912784, 0.005630597935443154, 0.003366567983882236, 0.020503664021803626, 0.009692388102965322, 0.005174974114631002, 0.8601493513107117, 0.07346176474614012, 0.008297953030019303, 0.013058508437012296, 0], [0, 0.0017475017962790091, 0.004354489275733577, 0.00543856202556201, 0.011847800921987279, 0.006194644717159785, 0.011764290698881743, 0.8539291482157244, 0.0827275799580152, 0.0021740250300902454, 0.019821957360566685, 0], [0, 0.006942511278948942, 0.013287634736219859, 0.00848309725465701, 0.015533667833277202, 0.005869281263270506, 0.00010198857993553053, 0.848182879621402, 0.08142243045214766, 0.019526156491406547, 0.0006503524887348016, 0], [0, 0.015636325204125334, 0.01076319902713986, 0.006271256684680968, 0.005821685729743011, 0.016559626765782553, 0.0023904753484240066, 0.8495824277261472, 0.07641192563273219, 0.013853416214360504, 0.0027096616668644082, 0], [0, 0.01582445232893566, 0.00725206696057663, 0.008517942517541678, 0.014528416437920732, 0.004155774316618622, 0.005525697647497127, 0.8150120727584022, 0.09453344473504924, 0.018176697582376992, 0.016473434715081045, 0], [0, 0.01621153983957732, 0.0015456515938487327, 0.002722377147704734, 0.013281893254357018, 0.0026917472635729846, 0.001570850904794866, 0.6711517101750303, 0.21283891098557658, 0.06502599384486768, 0.012959324990669903, 0], [0, 0.008694087441296402, 0.007449860286954848, 0.0061601889359706305, 0.004115276743884793, 0.011217606131315864, 0.015141144090766527, 0.6187264510213965, 0.17696862990126208, 0.1281809334261693, 0.023345822020983117, 0], [0, 0.0021471944691614487, 0.011107510862864023, 0.0027009293297767098, 0.008697718331263987, 0.020937550121647414, 0.011984866927321371, 0.42805887417982585, 0.26558068654098355, 0.23934301640716096, 0.00944165282999469, 0], [0, 0, 0, 0, 0, 0, 0, 0, 0, 0, 0, 1]], [\'@\', \'a\', \'b\', \'c\', \'d\', \'e\', \'f\', \'g\', \'h\', \'i\', \'j\', \'$\'])", "([1, 0, 0, 0, 0, 0, 0, 0, 0, 0, 0, 0, 0], [[0, 1, 0, 0, 0, 0, 0, 0, 0, 0, 0, 0, 0], [0, 0.018181818181818184, 0.8, 0.018181818181818184, 0.018181818181818184, 0.018181818181818184, 0.018181818181818184, 0.018181818181818184, 0.018181818181818184, 0.018181818181818184, 0.018181818181818184, 0.018181818181818184, 0.018181818181818184], [0, 0, 0.02, 0.8, 0.02, 0.02, 0.02, 0.02, 0.02, 0.02, 0.02, 0.02, 0.02], [0, 0, 0, 0.022222222222222223, 0.8, 0.022222222222222223, 0.022222222222222223, 0.022222222222222223, 0.022222222222222223, 0.022222222222222223, 0.022222222222222223, 0.022222222222222223, 0.022222222222222223], [0, 0, 0, 0, 0.025, 0.8, 0.025, 0.025, 0.025, 0.025, 0.025, 0.025, 0.025], [0, 0, 0, 0, 0, 0.028571428571428574, 0.8, 0.028571428571428574, 0.028571428571428574, 0.028571428571428574, 0.028571428571428574, 0.028571428571428574, 0.028571428571428574], [0, 0, 0, 0, 0, 0, 0.03333333333333333, 0.8, 0.03333333333333333, 0.03333333333333333, 0.03333333333333333, 0.03333333333333333, 0.03333333333333333], [0, 0, 0, 0, 0, 0, 0, 0.04, 0.8, 0.04, 0.04, 0.04, 0.04], [0, 0, 0, 0, 0, 0, 0, 0, 0.05, 0.8, 0.05, 0.05, 0.05], [0, 0, 0, 0, 0, 0, 0, 0, 0, 0.06666666666666667, 0.8, 0.06666666666666667, 0.06666666666666667], [0, 0, 0, 0, 0, 0, 0, 0, 0, 0, 0.1, 0.8, 0.1], [0, 0, 0, 0, 0, 0, 0, 0, 0, 0, 0, 0.2, 0.8], [1, 0, 0, 0, 0, 0, 0, 0, 0, 0, 0, 0, 0]], [[1, 0, 0, 0, 0, 0, 0, 0, 0, 0, 0, 0], [0, 0.0026525462165683613, 0.0105920111118729, 0.046217905067154, 0.023895844916992565, 0.002964293305585067, 0.10181872252367218, 0.5158700069139386, 0.18599854935118013, 0.1035173826123695, 0.006472737980666707, 0], [0, 0.006217271075758679, 1.510944893703817e-05, 0.01919743351484327, 0.005157063391664187, 0.011063427411848493, 0.04985817375198231, 0.7033945591546293, 0.11912584917584401, 0.06622445265023476, 0.019746660424257968, 0], [0, 0.010234082518027404, 0.010625906493879669, 0.005547024284944924, 0.012709190436446187, 0.01771462386417558, 0.013628555360480346, 0.6926475324378603, 0.2185573255459861, 0.007633278323067067, 0.010702480735132493, 0], [0, 0.006020445371698651, 0.0003751582337355333, 0.010499167666697498, 0.0035616518335692036, 0.01185290720688032, 0.00310615533430728, 0.5905212741666426, 0.34650522695160346, 0.023442947299657648, 0.004115065935207765, 0], [0, 0.006135762191747191, 0.0017489528471727658, 0.013141855284823452, 0.015911659808062015, 0.010665726526542164, 0.014085468728175801, 0.43881581529901853, 0.4822156542103303, 0.012032805480087958, 0.005246299624039847, 0], [0, 0.0071857223858885835, 0.00935139835892789, 0.007514899391862332, 0.006468701969921147, 0.015656206996479592, 0.005424145195782914, 0.4606209594237077, 0.468991826076862, 0.013537800625006605, 0.005248339575561224, 0], [0, 0.00010058787282129249, 0.016998616246771913, 0.015318499845349989, 0.003430288746008069, 0.0005342968892355198, 0.0054973739388435, 0.4650040712663951, 0.47055126838109784, 0.011446381996365705, 0.011118614817111147, 0], [0, 0.009127878756506981, 0.01498436801526515, 0.005159072472578583, 0.0034775787304855673, 0.01194058324495638, 0.006671267346107313, 0.4896758871796479, 0.43084671290096516, 0.010502192818917958, 0.017614458534569093, 0], [0, 0.021577347717135063, 0.000383000525182347, 0.0008987051941805016, 0.0005697674927354432, 0.0123438101960434, 0.007258526470046321, 0.48442298280742785, 0.38690640097164203, 0.08332228364970175, 0.0023171749759052793, 0], [0, 0.010834252799833488, 0.007469732229128332, 0.012814247063747772, 0.00031389124281723546, 0.012383521257710412, 0.004341010334012377, 0.4538021292139048, 0.33223201721891726, 0.1482808103462208, 0.017528388293707474, 0], [0, 0.006070117258235671, 0.007637463769704558, 0.008077932506601595, 0.0005140871001840891, 0.006307528357290572, 0.01851146454613033, 0.3122173866447926, 0.33953965474698117, 0.29534088253759766, 0.005783482532481782, 0], [0, 0, 0, 0, 0, 0, 0, 0, 0, 0, 0, 1]], [\'@\', \'a\', \'b\', \'c\', \'d\', \'e\', \'f\', \'g\', \'h\', \'i\', \'j\', \'$\'])", "([1, 0, 0, 0, 0, 0, 0, 0, 0, 0, 0, 0, 0], [[0, 1, 0, 0, 0, 0, 0, 0, 0, 0, 0, 0, 0], [0, 0.018181818181818184, 0.8, 0.018181818181818184, 0.018181818181818184, 0.018181818181818184, 0.018181818181818184, 0.018181818181818184, 0.018181818181818184, 0.018181818181818184, 0.018181818181818184, 0.018181818181818184, 0.018181818181818184], [0, 0, 0.02, 0.8, 0.02, 0.02, 0.02, 0.02, 0.02, 0.02, 0.02, 0.02, 0.02], [0, 0, 0, 0.022222222222222223, 0.8, 0.022222222222222223, 0.022222222222222223, 0.022222222222222223, 0.022222222222222223, 0.022222222222222223, 0.022222222222222223, 0.022222222222222223, 0.022222222222222223], [0, 0, 0, 0, 0.025, 0.8, 0.025, 0.025, 0.025, 0.025, 0.025, 0.025, 0.025], [0, 0, 0, 0, 0, 0.028571428571428574, 0.8, 0.028571428571428574, 0.028571428571428574, 0.028571428571428574, 0.028571428571428574, 0.028571428571428574, 0.028571428571428574], [0, 0, 0, 0, 0, 0, 0.03333333333333333, 0.8, 0.03333333333333333, 0.03333333333333333, 0.03333333333333333, 0.03333333333333333, 0.03333333333333333], [0, 0, 0, 0, 0, 0, 0, 0.04, 0.8, 0.04, 0.04, 0.04, 0.04], [0, 0, 0, 0, 0, 0, 0, 0, 0.05, 0.8, 0.05, 0.05, 0.05], [0, 0, 0, 0, 0, 0, 0, 0, 0, 0.06666666666666667, 0.8, 0.06666666666666667, 0.06666666666666667], [0, 0, 0, 0, 0, 0, 0, 0, 0, 0, 0.1, 0.8, 0.1], [0, 0, 0, 0, 0, 0, 0, 0, 0, 0, 0, 0.2, 0.8], [1, 0, 0, 0, 0, 0, 0, 0, 0, 0, 0, 0, 0]], [[1, 0, 0, 0, 0, 0, 0, 0, 0, 0, 0, 0], [0, 0.009211947846829696, 0.004723596554190503, 0.009600966784300037, 0.008036186068002407, 0.018054679550513295, 0.0030684549539568328, 0.8860040622218729, 0.03402020195014623, 0.017222692856339122, 0.010057211213848862, 0], [0, 0.009857647411246577, 0.0029336641084016547, 0.00947207956226299, 0.010355329011190347, 0.013495844532777126, 0.011900507168975078, 0.9209153846712744, 0.00478472008784928, 0.0045141518166736455, 0.011770671629348809, 0], [0, 0.0058319852632395565, 0.008112638787490137, 0.013475769753001613, 0.009009343185335009, 0.006784935422124869, 0.01500974232971937, 0.8934203854021691, 0.033186535176512655, 0.014625816042835183, 0.0005428486375725905, 0], [0, 0.0022511616911715295, 0.01235428815128276, 0.01354922821328883, 0.007032552190206856, 0.010983946895240902, 0.011195526877340795, 0.8696515834943989, 0.04927829034546314, 0.011307507718230714, 0.012395914423375684, 0], [0, 0.012115280066584397, 0.007851357577395074, 0.008439694174905732, 0.009895974141807496, 0.013437568374492271, 0.0004912985332866558, 0.8457490205767515, 0.04913873492196822, 0.04917849227642919, 0.0037025793563793766, 0], [0, 0.011234389740581448, 0.013136128584014287, 0.005332719778289555, 0.013281317668779028, 0.010891409339371255, 0.0003253669121590773, 0.8593334539127215, 0.060498525534826, 0.02086785706186893, 0.005098831467388979, 0], [0, 0.02083323919084456, 0.002213041260323486, 0.008458034987191004, 0.0003878205454829885, 0.003998904653451539, 0.0024756372750526405, 0.8773170840712915, 0.05870988672760112, 0.012865908225677337, 0.012740443063083823, 0], [0, 4.497081837715668e-05, 0.01397213345682544, 0.019026190327329284, 0.009614179994032336, 0.0172525201572498, 0.0086056150559478, 0.8637393553240948, 0.038411439866188765, 0.025566055311661007, 0.003767539688293557, 0], [0, 0.014801733558521801, 0.01030514995764163, 0.002855033293647709, 0.006370910484859585, 0.013229743663820482, 0.008793432224542458, 0.9096470026464808, 0.016723564846298656, 0.01694184819447036, 0.0003315811297164739, 0], [0, 0.0070441203511517935, 0.01025903645537902, 0.007992123694708794, 0.0013142082572405406, 0.003921781452681703, 0.019248090534431498, 0.9107829083172414, 0.010290405359167892, 0.027006367390152382, 0.002140958187845016, 0], [0, 0.00846495457133641, 0.010800289383267266, 0.007300870720718442, 0.0007498386343001019, 0.015680050961281996, 0.006323743107233115, 0.8519030898629697, 0.05539614717502869, 0.03156985623961895, 0.011811159344245384, 0], [0, 0, 0, 0, 0, 0, 0, 0, 0, 0, 0, 1]], [\'@\', \'a\', \'b\', \'c\', \'d\', \'e\', \'f\', \'g\', \'h\', \'i\', \'j\', \'$\'])", "([1, 0, 0, 0, 0, 0, 0, 0, 0, 0, 0, 0, 0], [[0, 1, 0, 0, 0, 0, 0, 0, 0, 0, 0, 0, 0], [0, 0.018181818181818184, 0.8, 0.018181818181818184, 0.018181818181818184, 0.018181818181818184, 0.018181818181818184, 0.018181818181818184, 0.018181818181818184, 0.018181818181818184, 0.018181818181818184, 0.018181818181818184, 0.018181818181818184], [0, 0, 0.02, 0.8, 0.02, 0.02, 0.02, 0.02, 0.02, 0.02, 0.02, 0.02, 0.02], [0, 0, 0, 0.022222222222222223, 0.8, 0.022222222222222223, 0.022222222222222223, 0.022222222222222223, 0.022222222222222223, 0.022222222222222223, 0.022222222222222223, 0.022222222222222223, 0.022222222222222223], [0, 0, 0, 0, 0.025, 0.8, 0.025, 0.025, 0.025, 0.025, 0.025, 0.025, 0.025], [0, 0, 0, 0, 0, 0.028571428571428574, 0.8, 0.028571428571428574, 0.028571428571428574, 0.028571428571428574, 0.028571428571428574, 0.028571428571428574, 0.028571428571428574], [0, 0, 0, 0, 0, 0, 0.03333333333333333, 0.8, 0.03333333333333333, 0.03333333333333333, 0.03333333333333333, 0.03333333333333333, 0.03333333333333333], [0, 0, 0, 0, 0, 0, 0, 0.04, 0.8, 0.04, 0.04, 0.04, 0.04], [0, 0, 0, 0, 0, 0, 0, 0, 0.05, 0.8, 0.05, 0.05, 0.05], [0, 0, 0, 0, 0, 0, 0, 0, 0, 0.06666666666666667, 0.8, 0.06666666666666667, 0.06666666666666667], [0, 0, 0, 0, 0, 0, 0, 0, 0, 0, 0.1, 0.8, 0.1], [0, 0, 0, 0, 0, 0, 0, 0, 0, 0, 0, 0.2, 0.8], [1, 0, 0, 0, 0, 0, 0, 0, 0, 0, 0, 0, 0]], [[1, 0, 0, 0, 0, 0, 0, 0, 0, 0, 0, 0], [0, 0.004838616962653171, 0.0168651076888791, 0.02742373021341152, 0.023246396526748, 0.015532785896023495, 0.04015929753397057, 0.32535161674288726, 0.24774858707682393, 0.28988972348702846, 0.008944137871574494, 0], [0, 0.002481370321531973, 0.006754767832870804, 0.0057220605584868, 0.003741663679388419, 0.009807544555619533, 0.02488859431232505, 0.6060231759794138, 0.22678545648199544, 0.09181597322363634, 0.021979393054731927, 0], [0, 0.0051576727534890865, 0.008246077317217644, 0.009869345387326756, 0.012388473457654535, 0.013740822157030133, 0.006930152560501004, 0.3209663111304595, 0.24251927218453884, 0.37895157238650556, 0.0012303006652771057, 0], [0, 0.00474058298778422, 0.008737312679751853, 0.00790414289904543, 0.007063383787706743, 0.006519857609995652, 0.01592915397382606, 0.16022158172863454, 0.26001285717718303, 0.5256384676680068, 0.0032326594880657195, 0], [0, 0.006758773510331842, 0.005506238702315363, 0.010302110387563726, 0.01003446386870011, 0.019127073497401316, 0.000364522617496367, 0.11027513748356414, 0.2093787751681309, 0.6162513214011118, 0.012001583363384466, 0], [0, 0.0008257241335887774, 9.468715048351754e-05, 0.0191415448571545, 0.014158870920124456, 0.002176581977335998, 0.0045704892116988916, 0.06602930193725338, 0.21540986889957728, 0.6772385766684478, 0.0003543542443353622, 0], [0, 0.0025242003830461875, 0.0020387051720142002, 0.013067568130233907, 0.006061905220958572, 0.009545511324184566, 0.015127991868177669, 0.1342538792187631, 0.20701061867080517, 0.595454335948495, 0.014915284063321682, 0], [0, 0.014981228159381105, 0.012445841521869205, 0.004071094606126263, 0.007276185988352164, 0.014886266423376862, 0.010401068419279623, 0.39086317108432167, 0.23827212213060406, 0.29790889283310495, 0.00889412883358414, 0], [0, 0.0069722998505394275, 0.014446325678385299, 0.007886361858595722, 0.0017092793033476686, 0.006605446342290539, 0.010877121293808072, 0.5084783022781924, 0.19918887448539263, 0.23594189411832783, 0.007894094791120573, 0], [0, 0.0016560879103007834, 0.017794283116724905, 0.007023749476646717, 0.017569256521795983, 0.007853567542112059, 0.001457038645683624, 0.6371550772358611, 0.17302741137955308, 0.13130994532061419, 0.005153582850707524, 0], [0, 0.006662514862319455, 0.010824888673968552, 0.02934467912405876, 0.016101502223766544, 0.005627741764569433, 0.01786504604426163, 0.537323120162916, 0.17504063787756502, 0.18922584066946407, 0.011984028597110662, 0], [0, 0, 0, 0, 0, 0, 0, 0, 0, 0, 0, 1]], [\'@\', \'a\', \'b\', \'c\', \'d\', \'e\', \'f\', \'g\', \'h\', \'i\', \'j\', \'$\'])", "([1, 0, 0, 0, 0, 0, 0, 0, 0, 0, 0, 0, 0], [[0, 1, 0, 0, 0, 0, 0, 0, 0, 0, 0, 0, 0], [0, 0.018181818181818184, 0.8, 0.018181818181818184, 0.018181818181818184, 0.018181818181818184, 0.018181818181818184, 0.018181818181818184, 0.018181818181818184, 0.018181818181818184, 0.018181818181818184, 0.018181818181818184, 0.018181818181818184], [0, 0, 0.02, 0.8, 0.02, 0.02, 0.02, 0.02, 0.02, 0.02, 0.02, 0.02, 0.02], [0, 0, 0, 0.022222222222222223, 0.8, 0.022222222222222223, 0.022222222222222223, 0.022222222222222223, 0.022222222222222223, 0.022222222222222223, 0.022222222222222223, 0.022222222222222223, 0.022222222222222223], [0, 0, 0, 0, 0.025, 0.8, 0.025, 0.025, 0.025, 0.025, 0.025, 0.025, 0.025], [0, 0, 0, 0, 0, 0.028571428571428574, 0.8, 0.028571428571428574, 0.028571428571428574, 0.028571428571428574, 0.028571428571428574, 0.028571428571428574, 0.028571428571428574], [0, 0, 0, 0, 0, 0, 0.03333333333333333, 0.8, 0.03333333333333333, 0.03333333333333333, 0.03333333333333333, 0.03333333333333333, 0.03333333333333333], [0, 0, 0, 0, 0, 0, 0, 0.04, 0.8, 0.04, 0.04, 0.04, 0.04], [0, 0, 0, 0, 0, 0, 0, 0, 0.05, 0.8, 0.05, 0.05, 0.05], [0, 0, 0, 0, 0, 0, 0, 0, 0, 0.06666666666666667, 0.8, 0.06666666666666667, 0.06666666666666667], [0, 0, 0, 0, 0, 0, 0, 0, 0, 0, 0.1, 0.8, 0.1], [0, 0, 0, 0, 0, 0, 0, 0, 0, 0, 0, 0.2, 0.8], [1, 0, 0, 0, 0, 0, 0, 0, 0, 0, 0, 0, 0]], [[1, 0, 0, 0, 0, 0, 0, 0, 0, 0, 0, 0], [0, 0.003522961051922671, 0.002498544070815389, 0.014172760636929679, 0.03905513187838936, 0.02057609863208334, 0.03298028028211223, 0.212368550741566, 0.4419336589469293, 0.20746184416258726, 0.025430169596664918, 0], [0, 0.013133580254998058, 2.3913997680749785e-05, 0.03106780507017045, 0.0589639856275388, 0.007478182983915356, 0.03527682304140681, 0.3808979397749937, 0.3187742356442823, 0.14017291886667274, 0.014210614738341027, 0], [0, 0.004301335544663649, 0.006073339292870694, 0.05023505277873658, 0.06347109849314096, 0.0033792284832838445, 0.05200699143225348, 0.5230943662532667, 0.19951297529031453, 0.07152090114191044, 0.02640471128955909, 0], [0, 0.008580731546914475, 0.013615195116484733, 0.0422723235582985, 0.08832446455293065, 0.0004726778934258889, 0.10161311944838658, 0.4951393468089525, 0.17346204887283448, 0.05496327489327853, 0.021556817308493705, 0], [0, 0.004360769538331716, 0.004846434985695737, 0.04894135908517173, 0.09400023104159924, 0.008836001932302584, 0.12579529984092555, 0.5043434488945787, 0.15787615673068334, 0.04644806333253066, 0.004552234618180923, 0], [0, 0.020320932140214937, 0.007522705490734309, 0.06426420800920067, 0.12176223919592644, 0.003131638580638197, 0.13878577242071588, 0.49357437784400354, 0.10221260997339776, 0.0321266427434615, 0.0162988736017068, 0], [0, 0.012626505219639294, 0.016928837015764944, 0.05717238373471984, 0.08306927708937578, 0.004958460628719045, 0.12847810094597276, 0.5569613317956267, 0.09275575913813754, 0.043263277123473894, 0.003786067308570162, 0], [0, 0.007670264748382333, 0.011516409223291777, 0.060400101541569745, 0.07275205658340612, 0.015928082469538883, 0.09565890443441223, 0.5467413135724055, 0.12660099100545183, 0.04909950962522352, 0.013632366796318116, 0], [0, 0.01126941947668411, 0.00603175054432152, 0.03227525433255787, 0.0943611113486013, 0.007011421265042268, 0.03705332229938927, 0.5298368797923318, 0.18401010156700026, 0.08051624113569454, 0.01763449823837719, 0], [0, 0.00834600819752098, 0.022213831348826266, 0.030910845606140627, 0.029781106552281007, 0.00318094911647759, 0.045735296776099894, 0.519463507863797, 0.1990853894550989, 0.12992748761524037, 0.011355577468517368, 0], [0, 0.01628569111958364, 0.013212188444953431, 0.040706496602409784, 0.040061182951602985, 0.006172849735933239, 0.06730625325560531, 0.3235814598313132, 0.26692813590350317, 0.1937135565894809, 0.032032185565614456, 0], [0, 0, 0, 0, 0, 0, 0, 0, 0, 0, 0, 1]], [\'@\', \'a\', \'b\', \'c\', \'d\', \'e\', \'f\', \'g\', \'h\', \'i\', \'j\', \'$\'])", "([1, 0, 0, 0, 0, 0, 0, 0, 0, 0, 0, 0, 0], [[0, 1, 0, 0, 0, 0, 0, 0, 0, 0, 0, 0, 0], [0, 0.018181818181818184, 0.8, 0.018181818181818184, 0.018181818181818184, 0.018181818181818184, 0.018181818181818184, 0.018181818181818184, 0.018181818181818184, 0.018181818181818184, 0.018181818181818184, 0.018181818181818184, 0.018181818181818184], [0, 0, 0.02, 0.8, 0.02, 0.02, 0.02, 0.02, 0.02, 0.02, 0.02, 0.02, 0.02], [0, 0, 0, 0.022222222222222223, 0.8, 0.022222222222222223, 0.022222222222222223, 0.022222222222222223, 0.022222222222222223, 0.022222222222222223, 0.022222222222222223, 0.022222222222222223, 0.022222222222222223], [0, 0, 0, 0, 0.025, 0.8, 0.025, 0.025, 0.025, 0.025, 0.025, 0.025, 0.025], [0, 0, 0, 0, 0, 0.028571428571428574, 0.8, 0.028571428571428574, 0.028571428571428574, 0.028571428571428574, 0.028571428571428574, 0.028571428571428574, 0.028571428571428574], [0, 0, 0, 0, 0, 0, 0.03333333333333333, 0.8, 0.03333333333333333, 0.03333333333333333, 0.03333333333333333, 0.03333333333333333, 0.03333333333333333], [0, 0, 0, 0, 0, 0, 0, 0.04, 0.8, 0.04, 0.04, 0.04, 0.04], [0, 0, 0, 0, 0, 0, 0, 0, 0.05, 0.8, 0.05, 0.05, 0.05], [0, 0, 0, 0, 0, 0, 0, 0, 0, 0.06666666666666667, 0.8, 0.06666666666666667, 0.06666666666666667], [0, 0, 0, 0, 0, 0, 0, 0, 0, 0, 0.1, 0.8, 0.1], [0, 0, 0, 0, 0, 0, 0, 0, 0, 0, 0, 0.2, 0.8], [1, 0, 0, 0, 0, 0, 0, 0, 0, 0, 0, 0, 0]], [[1, 0, 0, 0, 0, 0, 0, 0, 0, 0, 0, 0], [0, 0.017144554669647365, 0.006256564015198215, 0.006238360733375418, 0.016211417769519364, 0.0062692966850291364, 0.0021433826127884243, 0.6260713535684871, 0.20192751182485913, 0.10303813401368564, 0.01469942410741031, 0], [0, 0.007577284581797487, 0.012310093577052298, 0.013955849197287406, 0.009728781231372276, 0.009091416148104513, 0.00787289735405151, 0.7231677462859238, 0.17465903230401472, 0.03857619273250957, 0.0030607065878863666, 0], [0, 0.012288183353106987, 0.006505549929377126, 0.002629161621470675, 0.020180712641864124, 0.0029955241889104154, 0.002533295438436056, 0.5084813589582676, 0.16920136568486494, 0.19446237608844025, 0.08072247209526186, 0], [0, 0.005818516112690415, 0.016122173929528257, 0.020592122636995756, 0.004977202040996775, 0.00048375775532377203, 0.0005563576487516433, 0.3429205838683947, 0.16955339575165396, 0.2762769407464038, 0.16269894950926095, 0], [0, 0.005316365122947943, 0.006216333445538279, 0.007547515847078554, 0.011619819414148622, 0.017385930281495494, 0.00162899923370193, 0.27666830427182576, 0.20816141320192272, 0.27910985828129575, 0.18634546090004497, 0], [0, 0.006807573689564609, 0.007927034438219354, 0.011534477122027645, 0.009830706497717367, 0.015606639915032422, 0.0034135010924145346, 0.3429090797367412, 0.1934648621777361, 0.21449719661106034, 0.19400892871948638, 0], [0, 0.009213397252206462, 0.010672805216675558, 0.009984610569875043, 0.0036734798787098613, 0.0005397616389953942, 0.01580804601276375, 0.413677233576471, 0.2288540490033214, 0.20450235809361708, 0.10307425875736445, 0], [0, 0.014695766452194477, 0.011605152996726228, 0.0027936338371185145, 0.010303033551274232, 0.013738020215466159, 0.005630419168693803, 0.6787882322001373, 0.14633357593232824, 0.0653841753154984, 0.050727990330562786, 0], [0, 0.018485028563863828, 0.0028898319919589354, 0.008622589914538337, 0.0017093992249073435, 0.004767794200511996, 0.01621161691750286, 0.852300512399561, 0.06742462873998797, 0.010111451308846197, 0.017477146738321642, 0], [0, 0.0048896196995978775, 0.009307834152095878, 0.01700603563160344, 0.00625216497524222, 0.01