((11, 4.6), '([\'AAAAAAAAAAA\', \'BBBBBBBBBBB\', \'CCCCCCCCCCC\', \'DDDDDDDDDDD\', \'EEEEEEEEEEE\', \'FFFFFFFFFFF\', \'GGGGGGGGGGG\', \'HHHHHHHHHHH\', \'IIIIIIIIIII\', \'JJJJJJJJJJJ\', \'KKKKKKKKKKK\', \'LLLLLLLLLLL\', \'MMMMMMMMMMM\', \'NNNNNNNNNNN\', \'OOOOOOOOOOO\', \'PPPPPPPPPPP\', \'QQQQQQQQQQQ\', \'RRRRRRRRRRR\', \'SSSSSSSSSSS\', \'TTTTTTTTTTT\', \'UUUUUUUUUUU\', \'VVVVVVVVVVV\', \'WWWWWWWWWWW\', \'XXXXXXXXXXX\', \'YYYYYYYYYYY\', \'ZZZZZZZZZZZ\'], ["([1, 0, 0, 0, 0, 0, 0, 0, 0, 0, 0, 0, 0], [[0, 1, 0, 0, 0, 0, 0, 0, 0, 0, 0, 0, 0], [0, 0.018181818181818184, 0.8, 0.018181818181818184, 0.018181818181818184, 0.018181818181818184, 0.018181818181818184, 0.018181818181818184, 0.018181818181818184, 0.018181818181818184, 0.018181818181818184, 0.018181818181818184, 0.018181818181818184], [0, 0, 0.02, 0.8, 0.02, 0.02, 0.02, 0.02, 0.02, 0.02, 0.02, 0.02, 0.02], [0, 0, 0, 0.022222222222222223, 0.8, 0.022222222222222223, 0.022222222222222223, 0.022222222222222223, 0.022222222222222223, 0.022222222222222223, 0.022222222222222223, 0.022222222222222223, 0.022222222222222223], [0, 0, 0, 0, 0.025, 0.8, 0.025, 0.025, 0.025, 0.025, 0.025, 0.025, 0.025], [0, 0, 0, 0, 0, 0.028571428571428574, 0.8, 0.028571428571428574, 0.028571428571428574, 0.028571428571428574, 0.028571428571428574, 0.028571428571428574, 0.028571428571428574], [0, 0, 0, 0, 0, 0, 0.03333333333333333, 0.8, 0.03333333333333333, 0.03333333333333333, 0.03333333333333333, 0.03333333333333333, 0.03333333333333333], [0, 0, 0, 0, 0, 0, 0, 0.04, 0.8, 0.04, 0.04, 0.04, 0.04], [0, 0, 0, 0, 0, 0, 0, 0, 0.05, 0.8, 0.05, 0.05, 0.05], [0, 0, 0, 0, 0, 0, 0, 0, 0, 0.06666666666666667, 0.8, 0.06666666666666667, 0.06666666666666667], [0, 0, 0, 0, 0, 0, 0, 0, 0, 0, 0.1, 0.8, 0.1], [0, 0, 0, 0, 0, 0, 0, 0, 0, 0, 0, 0.2, 0.8], [1, 0, 0, 0, 0, 0, 0, 0, 0, 0, 0, 0, 0]], [[1, 0, 0, 0, 0, 0, 0, 0, 0, 0, 0, 0], [0, 0.0024300233880315643, 0.016240510687192827, 0.018711457781271423, 0.006474667458165043, 0.00010342084983333827, 0.0020417927371810096, 0.5140210161858716, 0.2765652587942092, 0.1421172850299743, 0.021294567088269552, 0], [0, 2.349227030831988e-05, 0.0008999329879062979, 0.008502040275598819, 0.008338135785401884, 0.010763395398727473, 0.01160889288357945, 0.705002884243549, 0.1794875130781108, 0.05666281507808486, 0.01871089799873321, 0], [0, 0.006311977957279524, 0.019634428587722824, 0.0018096376259949902, 0.000671486134713816, 0.002818392843676916, 0.002764390888520539, 0.7368415738124778, 0.1836682203367701, 0.028005910284032053, 0.017473981528811515, 0], [0, 0.007935664307545666, 0.0078072179219358705, 0.003142341256602033, 0.004847068974837166, 0.02056820220513562, 0.0028624552803658797, 0.7925374609768533, 0.13954832463590722, 0.018894184134062256, 0.0018570803067550841, 0], [0, 0.00989584319753447, 0.009890278826364398, 0.014263836386273534, 0.007820465866413924, 0.0003758851045871504, 0.006392718142316655, 0.8447047336000757, 0.08806023807239996, 0.0039624098069527686, 0.014633590997081452, 0], [0, 0.0003936189436390453, 0.01308132411352174, 0.01279934296806502, 0.010963436499552373, 0.01413201437994833, 0.006488927907869031, 0.7926075266121272, 0.13451974034270955, 0.002076068198396516, 0.012938000034171226, 0], [0, 0.016662736573615056, 0.011164384490581207, 0.017016513565105713, 0.0023311304505525357, 0.00010888483284663948, 0.0060064867710742315, 0.8219594048798616, 0.09252022764904833, 0.030648764975230017, 0.0015814658120847866, 0], [0, 0.016829043144953138, 0.007784566337547143, 0.014774166745821722, 0.004653604118090078, 0.009524983010958768, 0.0012366163399043582, 0.801008685404405, 0.12658373207536458, 0.0006362267741040966, 0.01696837604885113, 0], [0, 0.011133056674556203, 0.0032038476412746277, 0.013792401347474491, 0.011581734787632542, 0.0031267288058735554, 0.015150581690587408, 0.7311431365220237, 0.1546707912640009, 0.05615447281732352, 4.3248449253026697e-05, 0], [0, 0.010188994741400292, 0.01670158809169084, 0.015916426021528474, 0.002158737122024829, 0.01789676861999153, 0.00942488765457274, 0.7173536011839464, 0.13141818223754706, 0.060611598187651446, 0.018329216139646262, 0], [0, 0.0035857192535877066, 0.013341121080842006, 0.007159905073292468, 0.008679028913823501, 0.01704869262835067, 0.002613003204786516, 0.5698878769300232, 0.23926176629926313, 0.13068291210695643, 0.007739974509074376, 0], [0, 0, 0, 0, 0, 0, 0, 0, 0, 0, 0, 1]], [\'@\', \'a\', \'b\', \'c\', \'d\', \'e\', \'f\', \'g\', \'h\', \'i\', \'j\', \'$\'])", "([1, 0, 0, 0, 0, 0, 0, 0, 0, 0, 0, 0, 0], [[0, 1, 0, 0, 0, 0, 0, 0, 0, 0, 0, 0, 0], [0, 0.018181818181818184, 0.8, 0.018181818181818184, 0.018181818181818184, 0.018181818181818184, 0.018181818181818184, 0.018181818181818184, 0.018181818181818184, 0.018181818181818184, 0.018181818181818184, 0.018181818181818184, 0.018181818181818184], [0, 0, 0.02, 0.8, 0.02, 0.02, 0.02, 0.02, 0.02, 0.02, 0.02, 0.02, 0.02], [0, 0, 0, 0.022222222222222223, 0.8, 0.022222222222222223, 0.022222222222222223, 0.022222222222222223, 0.022222222222222223, 0.022222222222222223, 0.022222222222222223, 0.022222222222222223, 0.022222222222222223], [0, 0, 0, 0, 0.025, 0.8, 0.025, 0.025, 0.025, 0.025, 0.025, 0.025, 0.025], [0, 0, 0, 0, 0, 0.028571428571428574, 0.8, 0.028571428571428574, 0.028571428571428574, 0.028571428571428574, 0.028571428571428574, 0.028571428571428574, 0.028571428571428574], [0, 0, 0, 0, 0, 0, 0.03333333333333333, 0.8, 0.03333333333333333, 0.03333333333333333, 0.03333333333333333, 0.03333333333333333, 0.03333333333333333], [0, 0, 0, 0, 0, 0, 0, 0.04, 0.8, 0.04, 0.04, 0.04, 0.04], [0, 0, 0, 0, 0, 0, 0, 0, 0.05, 0.8, 0.05, 0.05, 0.05], [0, 0, 0, 0, 0, 0, 0, 0, 0, 0.06666666666666667, 0.8, 0.06666666666666667, 0.06666666666666667], [0, 0, 0, 0, 0, 0, 0, 0, 0, 0, 0.1, 0.8, 0.1], [0, 0, 0, 0, 0, 0, 0, 0, 0, 0, 0, 0.2, 0.8], [1, 0, 0, 0, 0, 0, 0, 0, 0, 0, 0, 0, 0]], [[1, 0, 0, 0, 0, 0, 0, 0, 0, 0, 0, 0], [0, 0.009273274319960762, 0.009541835277959293, 0.00678745655962046, 0.018510311920536992, 0.002080775474086188, 0.01270430124599778, 0.6161669320089163, 0.20254196291561985, 0.12155484989367311, 0.0008383003836293124, 0], [0, 0.008222378273107176, 0.009069305366348583, 0.014679709866966796, 0.03617202063417459, 0.013886777953929097, 0.016399298889336122, 0.7209433779696011, 0.13400208516335915, 0.02166663786125579, 0.024958408021921473, 0], [0, 0.013760266430653397, 0.006367833912346632, 3.414043642335886e-05, 0.01231871626552673, 0.006942720146074715, 0.039609458250362876, 0.8158231509806136, 0.06083917022588897, 0.03317685767163796, 0.011127685680471776, 0], [0, 0.013253820317949055, 0.003076124310620068, 0.03881525944671541, 0.002843431682902978, 0.005542228557901166, 0.01710964219166299, 0.8773608129187195, 0.022992449452005726, 0.011871986780376674, 0.007134244341146489, 0], [0, 0.01383271245647825, 0.018545668304926814, 0.008951515795827158, 0.0011655985942808393, 0.0011981814444578908, 0.009697958671881779, 0.9137208901935993, 0.010518559850170939, 0.022280698041698077, 8.821664667901235e-05, 0], [0, 0.003697030491478494, 0.019991863365390404, 0.002293084045764507, 0.0035057916022034116, 0.01007846774439762, 0.007381191049955846, 0.9294419399687962, 0.001839575199299226, 0.016223928501365243, 0.005547128031348962, 0], [0, 0.01842932042486669, 0.014119626186154602, 0.00028521038504751, 0.002313850858540895, 0.010788719019734558, 0.0035367262743935418, 0.9223754396487489, 0.008764329706112002, 0.0032854511513164893, 0.016101326345084856, 0], [0, 0.003000602357566238, 0.003112677742542793, 0.0063196868610396525, 0.01421193991100909, 0.018222645798354642, 0.015496087956804122, 0.9133795872618037, 0.006357797528829723, 0.017762906793695087, 0.0021360677883549054, 0], [0, 0.007300088015450544, 0.014864920942663007, 0.005034778136389244, 0.01036405866299384, 0.004887897880522865, 0.015059649988487743, 0.898842504424061, 0.021507008920071836, 0.012750540257514294, 0.009388552771845604, 0], [0, 0.007072360860277366, 0.007231378466396275, 0.019059646559500806, 0.011627852045531071, 0.0038473326714202317, 0.0004059422310428137, 0.9137571955567423, 0.016327357163920937, 0.013083797276621468, 0.007587137168546826, 0], [0, 0.009529709768954764, 0.012013554968486592, 0.0012581808425266273, 0.012502299226892376, 0.015001278282970553, 0.01683095299960365, 0.9091006016057018, 0.0009856850211990872, 0.009750028824160324, 0.013027708459504076, 0], [0, 0, 0, 0, 0, 0, 0, 0, 0, 0, 0, 1]], [\'@\', \'a\', \'b\', \'c\', \'d\', \'e\', \'f\', \'g\', \'h\', \'i\', \'j\', \'$\'])", "([1, 0, 0, 0, 0, 0, 0, 0, 0, 0, 0, 0, 0], [[0, 1, 0, 0, 0, 0, 0, 0, 0, 0, 0, 0, 0], [0, 0.018181818181818184, 0.8, 0.018181818181818184, 0.018181818181818184, 0.018181818181818184, 0.018181818181818184, 0.018181818181818184, 0.018181818181818184, 0.018181818181818184, 0.018181818181818184, 0.018181818181818184, 0.018181818181818184], [0, 0, 0.02, 0.8, 0.02, 0.02, 0.02, 0.02, 0.02, 0.02, 0.02, 0.02, 0.02], [0, 0, 0, 0.022222222222222223, 0.8, 0.022222222222222223, 0.022222222222222223, 0.022222222222222223, 0.022222222222222223, 0.022222222222222223, 0.022222222222222223, 0.022222222222222223, 0.022222222222222223], [0, 0, 0, 0, 0.025, 0.8, 0.025, 0.025, 0.025, 0.025, 0.025, 0.025, 0.025], [0, 0, 0, 0, 0, 0.028571428571428574, 0.8, 0.028571428571428574, 0.028571428571428574, 0.028571428571428574, 0.028571428571428574, 0.028571428571428574, 0.028571428571428574], [0, 0, 0, 0, 0, 0, 0.03333333333333333, 0.8, 0.03333333333333333, 0.03333333333333333, 0.03333333333333333, 0.03333333333333333, 0.03333333333333333], [0, 0, 0, 0, 0, 0, 0, 0.04, 0.8, 0.04, 0.04, 0.04, 0.04], [0, 0, 0, 0, 0, 0, 0, 0, 0.05, 0.8, 0.05, 0.05, 0.05], [0, 0, 0, 0, 0, 0, 0, 0, 0, 0.06666666666666667, 0.8, 0.06666666666666667, 0.06666666666666667], [0, 0, 0, 0, 0, 0, 0, 0, 0, 0, 0.1, 0.8, 0.1], [0, 0, 0, 0, 0, 0, 0, 0, 0, 0, 0, 0.2, 0.8], [1, 0, 0, 0, 0, 0, 0, 0, 0, 0, 0, 0, 0]], [[1, 0, 0, 0, 0, 0, 0, 0, 0, 0, 0, 0], [0, 0.005195779455848129, 0.013254694729774929, 0.020417754412523977, 0.00240197253876182, 0.004022616113190421, 0.0018576988242099822, 0.8856465950375043, 0.03574217115195362, 0.022009623503275472, 0.009451094232957124, 0], [0, 0.009050195906574167, 0.00797598473838181, 0.014730011700484947, 0.003957271988998779, 0.0023294575165260104, 0.016862888776419616, 0.9230797894810795, 0.004318684090507456, 0.006680576397187669, 0.011015139403839996, 0], [0, 0.003619867874196355, 0.0017651356978962455, 0.01053783768392112, 0.0029973309432411157, 0.0017287533456503744, 0.017291142156335898, 0.9308096345318329, 0.008656342546385134, 0.0070862912024074205, 0.015507664018133445, 0], [0, 0.010764568727785431, 0.005007391460671148, 0.017445431688991205, 0.000803855317868195, 0.003628232937699737, 0.013444027441509165, 0.9172947333931465, 0.0130959272751843, 0.0044316239514752345, 0.014084207805668977, 0], [0, 0.007395148111448844, 0.008995951861267252, 0.014888101576626714, 0.011773462270033647, 0.0007063074316818026, 0.017055463035865505, 0.8654272227930955, 0.04575885233172125, 0.015589361255290927, 0.012410129332968561, 0], [0, 0.019022784000176526, 0.0102535435478449, 0.00011010892304462858, 0.0149490268246482, 0.007463263603864591, 0.004917077698169247, 0.762349414048985, 0.16190300893563328, 0.011373018916377936, 0.00765875350125562, 0], [0, 0.011582462466029658, 0.015245380538641492, 0.0044780247469973465, 0.009294811306314483, 9.903390634932285e-05, 0.001313932392445809, 0.5930735957425309, 0.27327174025983103, 0.08580196332534973, 0.005839055315510168, 0], [0, 0.014424626662063556, 0.003077001453786885, 0.0069425260671842435, 0.005514353666245073, 0.00500899691266499, 0.016798913115465993, 0.5480561210153074, 0.2908030910260995, 0.10486977039908009, 0.004504599682102043, 0], [0, 0.0013206438254726803, 0.013048860607123429, 0.019359987697890144, 0.002779910810062175, 0.007248708486126653, 0.0034013248102386373, 0.4777670052434832, 0.2534750531433469, 0.19041783384336694, 0.03118067153288925, 0], [0, 0.01237480305850117, 0.012388089255526556, 0.008898859111932993, 0.009970460027141095, 0.013450987977192616, 0.003551261855691739, 0.43426978091781965, 0.2679753584703015, 0.15384628595753955, 0.08327411336835298, 0], [0, 0.01570052813005348, 0.009353445598895204, 0.00604586024323967, 0.012489711213160086, 0.008361676187894313, 0.01353438313397877, 0.4311336085175104, 0.23381683937693837, 0.22632545625975867, 0.043238491338570995, 0], [0, 0, 0, 0, 0, 0, 0, 0, 0, 0, 0, 1]], [\'@\', \'a\', \'b\', \'c\', \'d\', \'e\', \'f\', \'g\', \'h\', \'i\', \'j\', \'$\'])", "([1, 0, 0, 0, 0, 0, 0, 0, 0, 0, 0, 0, 0], [[0, 1, 0, 0, 0, 0, 0, 0, 0, 0, 0, 0, 0], [0, 0.018181818181818184, 0.8, 0.018181818181818184, 0.018181818181818184, 0.018181818181818184, 0.018181818181818184, 0.018181818181818184, 0.018181818181818184, 0.018181818181818184, 0.018181818181818184, 0.018181818181818184, 0.018181818181818184], [0, 0, 0.02, 0.8, 0.02, 0.02, 0.02, 0.02, 0.02, 0.02, 0.02, 0.02, 0.02], [0, 0, 0, 0.022222222222222223, 0.8, 0.022222222222222223, 0.022222222222222223, 0.022222222222222223, 0.022222222222222223, 0.022222222222222223, 0.022222222222222223, 0.022222222222222223, 0.022222222222222223], [0, 0, 0, 0, 0.025, 0.8, 0.025, 0.025, 0.025, 0.025, 0.025, 0.025, 0.025], [0, 0, 0, 0, 0, 0.028571428571428574, 0.8, 0.028571428571428574, 0.028571428571428574, 0.028571428571428574, 0.028571428571428574, 0.028571428571428574, 0.028571428571428574], [0, 0, 0, 0, 0, 0, 0.03333333333333333, 0.8, 0.03333333333333333, 0.03333333333333333, 0.03333333333333333, 0.03333333333333333, 0.03333333333333333], [0, 0, 0, 0, 0, 0, 0, 0.04, 0.8, 0.04, 0.04, 0.04, 0.04], [0, 0, 0, 0, 0, 0, 0, 0, 0.05, 0.8, 0.05, 0.05, 0.05], [0, 0, 0, 0, 0, 0, 0, 0, 0, 0.06666666666666667, 0.8, 0.06666666666666667, 0.06666666666666667], [0, 0, 0, 0, 0, 0, 0, 0, 0, 0, 0.1, 0.8, 0.1], [0, 0, 0, 0, 0, 0, 0, 0, 0, 0, 0, 0.2, 0.8], [1, 0, 0, 0, 0, 0, 0, 0, 0, 0, 0, 0, 0]], [[1, 0, 0, 0, 0, 0, 0, 0, 0, 0, 0, 0], [0, 0.009113589315540453, 0.0038921556728754125, 0.021285888107412304, 0.029071951577336917, 0.007580917096604365, 0.026468841237337355, 0.5750526721437558, 0.19278145388653914, 0.12127876906391966, 0.013473761898678674, 0], [0, 0.0035243770835017463, 0.007546864948667192, 0.021228137332333002, 0.02208044588571208, 0.012687693441073162, 0.02139033115689477, 0.7677066932618146, 0.0729971255502523, 0.05836516237235495, 0.012473168967396272, 0], [0, 0.018248645466185695, 0.006717385921276503, 0.012284973641299896, 0.0030971756558484153, 0.010957719336931007, 0.006275877725412795, 0.830149663311812, 0.07328221088571596, 0.03128650753233258, 0.007699840523185202, 0], [0, 0.01381243233353894, 0.014099206796381084, 0.004287920379106638, 0.005153489625931981, 0.000620569268418826, 0.00019296006389090444, 0.7517818469050919, 0.1646775640759957, 0.02526920396877806, 0.02010480658286595, 0], [0, 0.010312078501529253, 0.013569174129615254, 0.01235147059922339, 0.006032049013554364, 0.006400542014703176, 0.01069973108421684, 0.8343407819307236, 0.061430084539846594, 0.03236610527873346, 0.01249798290785419, 0], [0, 0.002610614297113526, 0.002462683452323753, 0.014467622809417347, 0.01791863338853644, 0.01262736196634431, 0.0024189324871690472, 0.7636458221700485, 0.1454386251908933, 0.021500946715575613, 0.016908757522578012, 0], [0, 0.013004581404846161, 0.010600336576728214, 0.01044694103563324, 0.0007628193642723871, 0.008264652464456911, 0.011627129356013045, 0.8768363041588685, 0.05188524344248484, 0.006021515136173951, 0.010550477060522775, 0], [0, 0.01047294685832081, 0.0054388388650295485, 0.010284548003984756, 0.013487607735971454, 0.00947499914011957, 0.010413435824293125, 0.8816105130927392, 0.04498308114967818, 0.011398969164924107, 0.0024350601649394113, 0], [0, 0.003994458161118049, 0.009696774172680098, 0.004764570809564286, 0.003837656483148607, 0.01403004671507414, 0.009186079995193207, 0.9086181184338176, 0.02364784621718315, 0.010107093718194647, 0.012117355294026293, 0], [0, 0.002841323250906252, 0.00012764074693143358, 0.005731133364355708, 0.015862269652521962, 0.003750659605554545, 0.019858932982135646, 0.9263371522835451, 0.005509316914218738, 0.015358283848825744, 0.004623287351004739, 0], [0, 0.0012146515468838236, 0.005793514314749741, 0.004899983214301989, 0.01795511596994359, 0.014681998914509957, 0.004150026306740648, 0.9176182558564108, 0.013127476872947205, 0.008060188983387331, 0.01249878802012491, 0], [0, 0, 0, 0, 0, 0, 0, 0, 0, 0, 0, 1]], [\'@\', \'a\', \'b\', \'c\', \'d\', \'e\', \'f\', \'g\', \'h\', \'i\', \'j\', \'$\'])", "([1, 0, 0, 0, 0, 0, 0, 0, 0, 0, 0, 0, 0], [[0, 1, 0, 0, 0, 0, 0, 0, 0, 0, 0, 0, 0], [0, 0.018181818181818184, 0.8, 0.018181818181818184, 0.018181818181818184, 0.018181818181818184, 0.018181818181818184, 0.018181818181818184, 0.018181818181818184, 0.018181818181818184, 0.018181818181818184, 0.018181818181818184, 0.018181818181818184], [0, 0, 0.02, 0.8, 0.02, 0.02, 0.02, 0.02, 0.02, 0.02, 0.02, 0.02, 0.02], [0, 0, 0, 0.022222222222222223, 0.8, 0.022222222222222223, 0.022222222222222223, 0.022222222222222223, 0.022222222222222223, 0.022222222222222223, 0.022222222222222223, 0.022222222222222223, 0.022222222222222223], [0, 0, 0, 0, 0.025, 0.8, 0.025, 0.025, 0.025, 0.025, 0.025, 0.025, 0.025], [0, 0, 0, 0, 0, 0.028571428571428574, 0.8, 0.028571428571428574, 0.028571428571428574, 0.028571428571428574, 0.028571428571428574, 0.028571428571428574, 0.028571428571428574], [0, 0, 0, 0, 0, 0, 0.03333333333333333, 0.8, 0.03333333333333333, 0.03333333333333333, 0.03333333333333333, 0.03333333333333333, 0.03333333333333333], [0, 0, 0, 0, 0, 0, 0, 0.04, 0.8, 0.04, 0.04, 0.04, 0.04], [0, 0, 0, 0, 0, 0, 0, 0, 0.05, 0.8, 0.05, 0.05, 0.05], [0, 0, 0, 0, 0, 0, 0, 0, 0, 0.06666666666666667, 0.8, 0.06666666666666667, 0.06666666666666667], [0, 0, 0, 0, 0, 0, 0, 0, 0, 0, 0.1, 0.8, 0.1], [0, 0, 0, 0, 0, 0, 0, 0, 0, 0, 0, 0.2, 0.8], [1, 0, 0, 0, 0, 0, 0, 0, 0, 0, 0, 0, 0]], [[1, 0, 0, 0, 0, 0, 0, 0, 0, 0, 0, 0], [0, 0.0059311299042547816, 0.008223289121729444, 0.03665816196575477, 0.020612225101855137, 0.01589927854157983, 0.009064614466501203, 0.7498163317071638, 0.1375480403567075, 0.0018162023133745917, 0.014430726521078905, 0], [0, 0.011577520581878088, 0.012883861030794166, 0.014396628194138268, 0.0020500556327623927, 0.0021742033838627038, 0.02509176662898968, 0.8821841360420628, 0.033299339458336186, 0.01075200674527357, 0.00559048230190218, 0], [0, 0.00847987844799631, 0.013488358984512719, 0.014533626744617048, 0.012341933685220472, 0.008957623366813456, 0.0010088460729788412, 0.8948740311129241, 0.03047462782436174, 0.014319018841652579, 0.0015220549189228112, 0], [0, 0.006507919976736802, 0.0032583250985077587, 0.0024932954493948486, 0.009296339353403868, 0.013816607323886957, 0.015471727093409996, 0.8589807635951918, 0.07123790150256856, 0.00022402592065660397, 0.01871309468624282, 0], [0, 0.005453415637974964, 0.0006189182736092932, 0.004591469717319185, 0.01694382397757858, 0.011232128370631044, 0.0094006957375183, 0.8484646130765647, 0.08471214782694944, 0.009805103164721052, 0.00877768421713344, 0], [0, 0.0014528708420232796, 0.004368188169832116, 0.0026275106145551203, 0.00555189952447188, 0.005791329010114309, 0.007541823821707998, 0.8488721479484705, 0.09455891136149841, 0.010544663371184756, 0.018690655336141643, 0], [0, 0.0061756158544950205, 0.008986211774774893, 0.015263771710225874, 0.007170028122722012, 0.0034733492570060464, 0.006928557959722008, 0.8456666554962253, 0.08810446756595114, 0.00860655755663874, 0.009624784702239009, 0], [0, 0.011219980965471202, 0.013559130619350584, 0.014634094017988762, 0.002490951731392388, 0.008482444893586396, 0.0029831825456596997, 0.8268240103233584, 0.09348469635209812, 0.0051081787373331525, 0.02121332981376133, 0], [0, 0.013561601958647997, 0.0016221222714903375, 0.01580672223498235, 0.002719440015723639, 0.015543514201791004, 0.01561645782050754, 0.6696739576027885, 0.19756856182267402, 0.053327524204047724, 0.014560097867347016, 0], [0, 0.011833594905307398, 0.006309372434977055, 0.01582658431873336, 0.005280859188332997, 0.004531132616298466, 0.005072156095195092, 0.6463084210856317, 0.1618770596874807, 0.1385048942909804, 0.004455925377062837, 0], [0, 0.006485270206760385, 0.0005591736039326601, 0.0136873021505176, 0.007743034425870815, 0.01480123224259015, 0.011449565714781102, 0.4375401124929364, 0.27024799755048534, 0.21460238223176895, 0.02288392938035664, 0], [0, 0, 0, 0, 0, 0, 0, 0, 0, 0, 0, 1]], [\'@\', \'a\', \'b\', \'c\', \'d\', \'e\', \'f\', \'g\', \'h\', \'i\', \'j\', \'$\'])", "([1, 0, 0, 0, 0, 0, 0, 0, 0, 0, 0, 0, 0], [[0, 1, 0, 0, 0, 0, 0, 0, 0, 0, 0, 0, 0], [0, 0.018181818181818184, 0.8, 0.018181818181818184, 0.018181818181818184, 0.018181818181818184, 0.018181818181818184, 0.018181818181818184, 0.018181818181818184, 0.018181818181818184, 0.018181818181818184, 0.018181818181818184, 0.018181818181818184], [0, 0, 0.02, 0.8, 0.02, 0.02, 0.02, 0.02, 0.02, 0.02, 0.02, 0.02, 0.02], [0, 0, 0, 0.022222222222222223, 0.8, 0.022222222222222223, 0.022222222222222223, 0.022222222222222223, 0.022222222222222223, 0.022222222222222223, 0.022222222222222223, 0.022222222222222223, 0.022222222222222223], [0, 0, 0, 0, 0.025, 0.8, 0.025, 0.025, 0.025, 0.025, 0.025, 0.025, 0.025], [0, 0, 0, 0, 0, 0.028571428571428574, 0.8, 0.028571428571428574, 0.028571428571428574, 0.028571428571428574, 0.028571428571428574, 0.028571428571428574, 0.028571428571428574], [0, 0, 0, 0, 0, 0, 0.03333333333333333, 0.8, 0.03333333333333333, 0.03333333333333333, 0.03333333333333333, 0.03333333333333333, 0.03333333333333333], [0, 0, 0, 0, 0, 0, 0, 0.04, 0.8, 0.04, 0.04, 0.04, 0.04], [0, 0, 0, 0, 0, 0, 0, 0, 0.05, 0.8, 0.05, 0.05, 0.05], [0, 0, 0, 0, 0, 0, 0, 0, 0, 0.06666666666666667, 0.8, 0.06666666666666667, 0.06666666666666667], [0, 0, 0, 0, 0, 0, 0, 0, 0, 0, 0.1, 0.8, 0.1], [0, 0, 0, 0, 0, 0, 0, 0, 0, 0, 0, 0.2, 0.8], [1, 0, 0, 0, 0, 0, 0, 0, 0, 0, 0, 0, 0]], [[1, 0, 0, 0, 0, 0, 0, 0, 0, 0, 0, 0], [0, 0.009096684632738978, 0.009040008890813519, 0.04356924710467798, 0.013527803252765756, 0.0022956058736092453, 0.1117189045665015, 0.5292298040325168, 0.18234736954856012, 0.08503260085372581, 0.014141971244090305, 0], [0, 0.012002149110284821, 0.012481334314248133, 0.016060941828186816, 0.011624231662970158, 0.010323374008222416, 0.043840947499710355, 0.6886492150271128, 0.12772102443457717, 0.07151256625591494, 0.005784215858772205, 0], [0, 0.013499975565524827, 0.013262975445691355, 0.012908968226839864, 0.0037953343879596874, 0.00584345970487931, 0.010488239716313763, 0.6915268399781566, 0.23377420777118388, 0.0034544960214051073, 0.011445503182045513, 0], [0, 0.014106351649280495, 0.010116909649589792, 0.005110780319438894, 0.010787589462103583, 0.00449219720674929, 0.006008817993270066, 0.5737165491129356, 0.3559744384277903, 0.00250873575750251, 0.01717763042133964, 0], [0, 0.01421436906340744, 0.01891576750268199, 0.006088057550897622, 0.00817590542979494, 0.00402297754143677, 0.0013118045408684312, 0.44014080941461076, 0.48806539764553225, 0.005132923468441724, 0.013931987842327897, 0], [0, 0.009963860970012766, 0.001766501285550104, 0.002602729401413483, 0.009348213417705642, 0.017525357617746082, 0.021430405368796812, 0.448069985757023, 0.46615157606234325, 0.011235547981550794, 0.01190582213785819, 0], [0, 0.01065655107344529, 0.008472408809668512, 0.002899973631476309, 0.011792482272011651, 0.003821280269945979, 0.0117122024758447, 0.4552118909905025, 0.4779511431971388, 0.014035447719419433, 0.003446619560546814, 0], [0, 0.003518001063057456, 0.005096949761052102, 0.017562105348773435, 0.011785901298804401, 0.0047478249348186065, 0.0013762220956061162, 0.4708139620134572, 0.45208832478047806, 0.011182351541521498, 0.02182835716243122, 0], [0, 0.008944364179585204, 0.01181603962748075, 0.01226650695889555, 0.008892798820782458, 0.008549357833973932, 0.002817383562834383, 0.4854106147720816, 0.3731553544577123, 0.07280165448528797, 0.015345925301365882, 0], [0, 0.011344657044101501, 0.0021853199523402473, 0.01022711187202497, 0.017254207277826297, 0.007948924223138499, 0.004633434518279095, 0.4466786095024133, 0.32051196150702654, 0.17142615362188512, 0.0077896204809644485, 0], [0, 0.0035778218036514055, 0.011542495721891333, 0.012296202500105227, 0.00825069439109171, 0.015250027552925085, 0.0016160683948687755, 0.30605506856906106, 0.35997956872532316, 0.275286013006511, 0.006146039334571284, 0], [0, 0, 0, 0, 0, 0, 0, 0, 0, 0, 0, 1]], [\'@\', \'a\', \'b\', \'c\', \'d\', \'e\', \'f\', \'g\', \'h\', \'i\', \'j\', \'$\'])", "([1, 0, 0, 0, 0, 0, 0, 0, 0, 0, 0, 0, 0], [[0, 1, 0, 0, 0, 0, 0, 0, 0, 0, 0, 0, 0], [0, 0.018181818181818184, 0.8, 0.018181818181818184, 0.018181818181818184, 0.018181818181818184, 0.018181818181818184, 0.018181818181818184, 0.018181818181818184, 0.018181818181818184, 0.018181818181818184, 0.018181818181818184, 0.018181818181818184], [0, 0, 0.02, 0.8, 0.02, 0.02, 0.02, 0.02, 0.02, 0.02, 0.02, 0.02, 0.02], [0, 0, 0, 0.022222222222222223, 0.8, 0.022222222222222223, 0.022222222222222223, 0.022222222222222223, 0.022222222222222223, 0.022222222222222223, 0.022222222222222223, 0.022222222222222223, 0.022222222222222223], [0, 0, 0, 0, 0.025, 0.8, 0.025, 0.025, 0.025, 0.025, 0.025, 0.025, 0.025], [0, 0, 0, 0, 0, 0.028571428571428574, 0.8, 0.028571428571428574, 0.028571428571428574, 0.028571428571428574, 0.028571428571428574, 0.028571428571428574, 0.028571428571428574], [0, 0, 0, 0, 0, 0, 0.03333333333333333, 0.8, 0.03333333333333333, 0.03333333333333333, 0.03333333333333333, 0.03333333333333333, 0.03333333333333333], [0, 0, 0, 0, 0, 0, 0, 0.04, 0.8, 0.04, 0.04, 0.04, 0.04], [0, 0, 0, 0, 0, 0, 0, 0, 0.05, 0.8, 0.05, 0.05, 0.05], [0, 0, 0, 0, 0, 0, 0, 0, 0, 0.06666666666666667, 0.8, 0.06666666666666667, 0.06666666666666667], [0, 0, 0, 0, 0, 0, 0, 0, 0, 0, 0.1, 0.8, 0.1], [0, 0, 0, 0, 0, 0, 0, 0, 0, 0, 0, 0.2, 0.8], [1, 0, 0, 0, 0, 0, 0, 0, 0, 0, 0, 0, 0]], [[1, 0, 0, 0, 0, 0, 0, 0, 0, 0, 0, 0], [0, 0.0002777887917018364, 0.012482176236695133, 0.005808688982895324, 0.010114664373462437, 0.017301702679509978, 0.0060917555976476795, 0.8731658631643306, 0.04706967117734513, 0.010177604456794208, 0.017510084539617624, 0], [0, 0.011661938094418227, 0.008329463912491826, 0.00033044991850658987, 0.016908638348657586, 0.012690794675205659, 0.0016892311451523338, 0.9247562632131797, 0.004642386239991177, 0.017903783733732186, 0.0010870507186646974, 0], [0, 0.00338656183557324, 0.001969298130391965, 0.015454565916948299, 0.0026569954262442618, 0.010231470484789161, 0.015582338440026561, 0.8903321554105362, 0.04039949893421689, 0.01779230194195098, 0.0021948134793225143, 0], [0, 0.001928593570258349, 0.006101037411386532, 0.003589697094084417, 0.008749212572044822, 0.002934705665974199, 0.022012713648638747, 0.8885015680056849, 0.03328550797870633, 0.01869821342653252, 0.014198750626689039, 0], [0, 0.00688991988569565, 0.0034002856356764783, 0.014551509084050828, 0.008890889440386171, 0.008397963713319082, 0.011790452007951225, 0.8448245108537945, 0.042469233256690886, 0.04127387853259211, 0.017511357589843075, 0], [0, 0.014592971574545742, 0.0011653297111957617, 0.014010220710439886, 0.017202703426157144, 0.004523324228221423, 0.003595643734733336, 0.8659718878100822, 0.06135031300991709, 0.008866357715697706, 0.008721248079009798, 0], [0, 0.01587429125000285, 0.0012335956215483947, 0.01485803749320035, 0.014982252410383527, 0.00023010431610820896, 0.004160662622901956, 0.87249894010375, 0.057586272063327094, 0.007910809341772762, 0.01066503477700485, 0], [0, 0.013560421412762641, 0.00020508928879563393, 0.0057771388497026175, 0.014309212640686181, 0.017160604489182447, 0.0020686953008504415, 0.8800544836083922, 0.03916491101530293, 0.01942510381974403, 0.008274339574580751, 0], [0, 0.014168028609019397, 1.7516882152934e-05, 0.01420640085706798, 0.010829210001641566, 0.014695575870287253, 0.0042366305215524895, 0.9238079713384598, 0.002427259605495024, 0.00019245664832976385, 0.015418949665993654, 0], [0, 0.01107801027386421, 0.014597238621880278, 0.0018165212917560995, 0.014564020409623837, 0.006385623311454138, 0.01592568030871848, 0.8960135789863473, 0.010333393227925225, 0.02201736329462606, 0.007268570273804636, 0], [0, 0.01755895903278609, 0.005654381013345676, 0.008398804179143803, 0.004747134907622914, 0.004396288166894455, 0.013212229702984047, 0.84070137984583, 0.05458956334455886, 0.04388896006842312, 0.006852299738411034, 0], [0, 0, 0, 0, 0, 0, 0, 0, 0, 0, 0, 1]], [\'@\', \'a\', \'b\', \'c\', \'d\', \'e\', \'f\', \'g\', \'h\', \'i\', \'j\', \'$\'])", "([1, 0, 0, 0, 0, 0, 0, 0, 0, 0, 0, 0, 0], [[0, 1, 0, 0, 0, 0, 0, 0, 0, 0, 0, 0, 0], [0, 0.018181818181818184, 0.8, 0.018181818181818184, 0.018181818181818184, 0.018181818181818184, 0.018181818181818184, 0.018181818181818184, 0.018181818181818184, 0.018181818181818184, 0.018181818181818184, 0.018181818181818184, 0.018181818181818184], [0, 0, 0.02, 0.8, 0.02, 0.02, 0.02, 0.02, 0.02, 0.02, 0.02, 0.02, 0.02], [0, 0, 0, 0.022222222222222223, 0.8, 0.022222222222222223, 0.022222222222222223, 0.022222222222222223, 0.022222222222222223, 0.022222222222222223, 0.022222222222222223, 0.022222222222222223, 0.022222222222222223], [0, 0, 0, 0, 0.025, 0.8, 0.025, 0.025, 0.025, 0.025, 0.025, 0.025, 0.025], [0, 0, 0, 0, 0, 0.028571428571428574, 0.8, 0.028571428571428574, 0.028571428571428574, 0.028571428571428574, 0.028571428571428574, 0.028571428571428574, 0.028571428571428574], [0, 0, 0, 0, 0, 0, 0.03333333333333333, 0.8, 0.03333333333333333, 0.03333333333333333, 0.03333333333333333, 0.03333333333333333, 0.03333333333333333], [0, 0, 0, 0, 0, 0, 0, 0.04, 0.8, 0.04, 0.04, 0.04, 0.04], [0, 0, 0, 0, 0, 0, 0, 0, 0.05, 0.8, 0.05, 0.05, 0.05], [0, 0, 0, 0, 0, 0, 0, 0, 0, 0.06666666666666667, 0.8, 0.06666666666666667, 0.06666666666666667], [0, 0, 0, 0, 0, 0, 0, 0, 0, 0, 0.1, 0.8, 0.1], [0, 0, 0, 0, 0, 0, 0, 0, 0, 0, 0, 0.2, 0.8], [1, 0, 0, 0, 0, 0, 0, 0, 0, 0, 0, 0, 0]], [[1, 0, 0, 0, 0, 0, 0, 0, 0, 0, 0, 0], [0, 0.0032416183495819133, 0.002446923886119998, 0.03426975542818819, 0.031515570369371276, 0.005937566001876258, 0.04154229708838068, 0.2991476512193147, 0.2561225619353144, 0.3140549067998851, 0.011721148921967527, 0], [0, 0.012567075277166658, 0.0062513079442740455, 0.009928811388987055, 0.01454921172158061, 0.006488775159938191, 0.027785613099378468, 0.5878025861625955, 0.22371719872806387, 0.1000124370323758, 0.010896983485639937, 0], [0, 0.01247267857625358, 0.012987423468503964, 0.002261293900091109, 4.393237986048255e-06, 0.009139485018559896, 0.012107249290145478, 0.3074209989593306, 0.24897853907983697, 0.393197441858026, 0.0014304966112662911, 0], [0, 0.018976584235662744, 0.0030231981997575134, 0.0008004130093854299, 0.0039396077984239315, 0.014249541496157512, 0.012456843891474232, 0.15865404987987522, 0.252572977285274, 0.5259091137545086, 0.009417670449480886, 0], [0, 0.012925333116614106, 0.012697574575631617, 0.004158759950493179, 0.0028632796663446386, 0.009546389417243967, 0.008858132534150753, 0.127367309514145, 0.20593390951422016, 0.6104034006851963, 0.005245911025960334, 0], [0, 0.014112889929861313, 0.004388619837480451, 0.010449369826494213, 0.013953403138944973, 0.010269448927131912, 0.008171433245322024, 0.07117689803499795, 0.19659675953121028, 0.6628292266819916, 0.008051950846565119, 0], [0, 0.006955256981549548, 0.0035943081779052045, 0.0014724114153107436, 0.018239745894474014, 0.008572908736996012, 0.0027410826580844747, 0.13759228872118046, 0.21301281414169856, 0.6068947960156881, 0.0009243872571129327, 0], [0, 0.0148783970828172, 5.9534894478027816e-05, 0.010641196174412608, 0.0184423749636696, 0.00024677930783028527, 0.006221624467421299, 0.3951793382224566, 0.24157589326732484, 0.2983781913814146, 0.014376670238174991, 0], [0, 0.0017373111512713549, 0.005117119989845345, 0.005401501633458567, 0.01599701484425371, 0.013581937450754606, 0.013272003074484754, 0.48887037893915497, 0.22144136361389163, 0.2335079537261054, 0.001073415576779526, 0], [0, 0.003904960405425564, 0.011435198686636432, 0.00560974381235979, 0.00380808831425223, 0.005907784059830589, 0.014967459654127043, 0.6339642538406656, 0.17603998375761534, 0.12556051397529142, 0.018802013493796114, 0], [0, 0.0033105562041393613, 0.010145789035998212, 0.03825678262481502, 0.011019447370749285, 0.012940880449646978, 0.011329898209572689, 0.5145499034132623, 0.18510003940658257, 0.2107728416690731, 0.002573861616160492, 0], [0, 0, 0, 0, 0, 0, 0, 0, 0, 0, 0, 1]], [\'@\', \'a\', \'b\', \'c\', \'d\', \'e\', \'f\', \'g\', \'h\', \'i\', \'j\', \'$\'])", "([1, 0, 0, 0, 0, 0, 0, 0, 0, 0, 0, 0, 0], [[0, 1, 0, 0, 0, 0, 0, 0, 0, 0, 0, 0, 0], [0, 0.018181818181818184, 0.8, 0.018181818181818184, 0.018181818181818184, 0.018181818181818184, 0.018181818181818184, 0.018181818181818184, 0.018181818181818184, 0.018181818181818184, 0.018181818181818184, 0.018181818181818184, 0.018181818181818184], [0, 0, 0.02, 0.8, 0.02, 0.02, 0.02, 0.02, 0.02, 0.02, 0.02, 0.02, 0.02], [0, 0, 0, 0.022222222222222223, 0.8, 0.022222222222222223, 0.022222222222222223, 0.022222222222222223, 0.022222222222222223, 0.022222222222222223, 0.022222222222222223, 0.022222222222222223, 0.022222222222222223], [0, 0, 0, 0, 0.025, 0.8, 0.025, 0.025, 0.025, 0.025, 0.025, 0.025, 0.025], [0, 0, 0, 0, 0, 0.028571428571428574, 0.8, 0.028571428571428574, 0.028571428571428574, 0.028571428571428574, 0.028571428571428574, 0.028571428571428574, 0.028571428571428574], [0, 0, 0, 0, 0, 0, 0.03333333333333333, 0.8, 0.03333333333333333, 0.03333333333333333, 0.03333333333333333, 0.03333333333333333, 0.03333333333333333], [0, 0, 0, 0, 0, 0, 0, 0.04, 0.8, 0.04, 0.04, 0.04, 0.04], [0, 0, 0, 0, 0, 0, 0, 0, 0.05, 0.8, 0.05, 0.05, 0.05], [0, 0, 0, 0, 0, 0, 0, 0, 0, 0.06666666666666667, 0.8, 0.06666666666666667, 0.06666666666666667], [0, 0, 0, 0, 0, 0, 0, 0, 0, 0, 0.1, 0.8, 0.1], [0, 0, 0, 0, 0, 0, 0, 0, 0, 0, 0, 0.2, 0.8], [1, 0, 0, 0, 0, 0, 0, 0, 0, 0, 0, 0, 0]], [[1, 0, 0, 0, 0, 0, 0, 0, 0, 0, 0, 0], [0, 0.0035430859437029735, 0.00300442226597687, 0.02561940117194966, 0.05159206570829276, 0.01558659027339267, 0.028139818580318415, 0.20513446590125406, 0.4591648537285701, 0.18163713675045598, 0.026578159676086666, 0], [0, 0.008544793666159295, 0.015652805285856723, 0.02231003486126083, 0.06690162691634768, 0.011646450887873359, 0.025133055190024123, 0.3919669586267144, 0.32910436361377415, 0.11737897496711092, 0.01136093598487858, 0], [0, 0.005713143916974953, 0.01712930723982931, 0.04517357786468654, 0.06387219340780971, 0.00032136391622792406, 0.05121584927400877, 0.5207723796935573, 0.2036709713085172, 0.061067146608854456, 0.031064066769533924, 0], [0, 0.013447616182943026, 0.007857456209966843, 0.039468781320359095, 0.08316078973191925, 0.0036940926805481417, 0.08775554654654484, 0.5166026576968693, 0.16162985025686047, 0.06635959388582563, 0.020023615488163348, 0], [0, 0.007582711814572719, 0.012980534571699199, 0.05572951161400256, 0.09668913647167766, 0.008980915145452932, 0.11636142034626804, 0.517461755885804, 0.13807991854690518, 0.03405432246269466, 0.012079773140922834, 0], [0, 0.01337917392387146, 0.0049780225222726205, 0.07394608423464577, 0.1383746270665459, 0.00584872484096861, 0.12462651064944208, 0.5040644833616336, 0.08881600488795227, 0.039677592124961296, 0.00628877638770638, 0], [0, 0.014071512950133334, 0.013141919726687046, 0.05267297013148198, 0.09677650151028423, 0.0076189029833902315, 0.09418315908888039, 0.5776996918038715, 0.09836974076291564, 0.03612529881472908, 0.009340302227626579, 0], [0, 0.015492934070230627, 0.005749222647924966, 0.04879325744120722, 0.09207268027618622, 0.002741029756541223, 0.08107065631917748, 0.5719851187749655, 0.11221581492464482, 0.06067451661684663, 0.00920476917227516, 0], [0, 0.008104096202718732, 0.010396630022915396, 0.024967135373455566, 0.08234532594463172, 0.002143496642206138, 0.037291236946440424, 0.5383552390183651, 0.18777328027755075, 0.09076371918974696, 0.017859840381969177, 0], [0, 0.0055161255621735536, 0.011499403786888551, 0.03549355735023998, 0.031713860347028576, 0.014571271175254924, 0.039508342910350325, 0.508814777267707, 0.2162411509577633, 0.13544947318824732, 0.001192037454346631, 0], [0, 0.01706373643932279, 0.0068492747768844914, 0.04341918537856243, 0.04436537544601269, 0.004886315481378121, 0.04798403087821083, 0.3182342092817816, 0.28688657937228407, 0.20664924483377603, 0.023662048111786977, 0], [0, 0, 0, 0, 0, 0, 0, 0, 0, 0, 0, 1]], [\'@\', \'a\', \'b\', \'c\', \'d\', \'e\', \'f\', \'g\', \'h\', \'i\', \'j\', \'$\'])", "([1, 0, 0, 0, 0, 0, 0, 0, 0, 0, 0, 0, 0], [[0, 1, 0, 0, 0, 0, 0, 0, 0, 0, 0, 0, 0], [0, 0.018181818181818184, 0.8, 0.018181818181818184, 0.018181818181818184, 0.018181818181818184, 0.018181818181818184, 0.018181818181818184, 0.018181818181818184, 0.018181818181818184, 0.018181818181818184, 0.018181818181818184, 0.018181818181818184], [0, 0, 0.02, 0.8, 0.02, 0.02, 0.02, 0.02, 0.02, 0.02, 0.02, 0.02, 0.02], [0, 0, 0, 0.022222222222222223, 0.8, 0.022222222222222223, 0.022222222222222223, 0.022222222222222223, 0.022222222222222223, 0.022222222222222223, 0.022222222222222223, 0.022222222222222223, 0.022222222222222223], [0, 0, 0, 0, 0.025, 0.8, 0.025, 0.025, 0.025, 0.025, 0.025, 0.025, 0.025], [0, 0, 0, 0, 0, 0.028571428571428574, 0.8, 0.028571428571428574, 0.028571428571428574, 0.028571428571428574, 0.028571428571428574, 0.028571428571428574, 0.028571428571428574], [0, 0, 0, 0, 0, 0, 0.03333333333333333, 0.8, 0.03333333333333333, 0.03333333333333333, 0.03333333333333333, 0.03333333333333333, 0.03333333333333333], [0, 0, 0, 0, 0, 0, 0, 0.04, 0.8, 0.04, 0.04, 0.04, 0.04], [0, 0, 0, 0, 0, 0, 0, 0, 0.05, 0.8, 0.05, 0.05, 0.05], [0, 0, 0, 0, 0, 0, 0, 0, 0, 0.06666666666666667, 0.8, 0.06666666666666667, 0.06666666666666667], [0, 0, 0, 0, 0, 0, 0, 0, 0, 0, 0.1, 0.8, 0.1], [0, 0, 0, 0, 0, 0, 0, 0, 0, 0, 0, 0.2, 0.8], [1, 0, 0, 0, 0, 0, 0, 0, 0, 0, 0, 0, 0]], [[1, 0, 0, 0, 0, 0, 0, 0, 0, 0, 0, 0], [0, 0.015165471560176717, 0.0029888246854496824, 0.010511873046873505, 0.006274899575170133, 0.008476419372399294, 0.011204749812960121, 0.6165754898587608, 0.2020565560244039, 0.11845363066184951, 0.008292085401956398, 0], [0, 0.015845767535577843, 0.013790537689127007, 0.006810639351328, 0.001804471582099182, 0.010402442942400527, 0.003817429792887392, 0.731894787464993, 0.16775455866762845, 0.03652760768127023, 0.011351757292688296, 0], [0, 0.005534607868522418, 0.003848675656217069, 0.009643416585040457, 0.006827631914903529, 0.0030693648503182154, 0.008666954230629936, 0.5077915449830388, 0.16854288914450846, 0.20007287573688348, 0.08600203902993757, 0], [0, 0.003389324223580979, 0.020606652016968003, 0.007170490298711505, 0.006851437701359696, 0.002527692733107068, 0.0015617525827534156, 0.3592068644343621, 0.1611378895476094, 0.2721707988908568, 0.165377097570691, 0], [0, 0.009183105073219823, 0.0024903740435254233, 0.009255730324612943, 0.0021831471109506908, 0.01740769407599042, 0.007683706403468022, 0.275195794008308, 0.2246051115645082, 0.27428997138753747, 0.177705366007879, 0], [0, 0.015775574321540035, 0.001282682117724768, 0.002560330643316734, 0.014892239514155763, 0.005227217553623761, 0.006572591678057348, 0.32746198901409984, 0.2204088052757865, 0.22704740946496324, 0.178771160416732, 0], [0, 0.010313116332326296, 0.013023380470274076, 0.014778232679716393, 0.01268824547093009, 0.0021977566236688, 0.0005179928852105713, 0.4321307509145731, 0.19265013543713788, 0.2186696527294195, 0.10303073645674327, 0], [0, 0.012887894982177692, 0.005474555691188105, 0.016962199834892545, 0.00023507617104511668, 0.009181345986324243, 0.010292381226514878, 0.6905578459189027, 0.12541222463302684, 0.07884491353200286, 0.05015156202392496, 0], [0, 0.015105241681193567, 0.0012633521033275287, 0.012295110353844957, 0.014358350504554161, 0.004213348056827327, 0.008924307870335803, 0.853264616983581, 0.06414887876740781, 0.022970182019657077, 0.0034566116592707747, 0], [0, 0.0021861172628131016, 0.004305345854732073, 0.021491740783099914, 0.005513118007479988, 0.00235454382156914, 0.00