((11, 0.5, 'ORIENTATION', 4.6, 0.5), '([\'VVVVVVVVVVV\', \'JJJJJJJJJJJ\', \'QQQQQQQQQQQ\', \'KKKKKKKKKKK\', \'NNNNNNNNNNN\', \'XXXXXXXXXXX\', \'AAAAAAAAAAA\', \'UUUUUUUUUUU\', \'DDDDDDDDDDD\', \'EEEEEEEEEEE\', \'SSSSSSSSSSS\', \'OOOOOOOOOOO\', \'IIIIIIIIIII\', \'YYYYYYYYYYY\', \'CCCCCCCCCCC\', \'GGGGGGGGGGG\', \'BBBBBBBBBBB\', \'PPPPPPPPPPP\', \'HHHHHHHHHHH\', \'ZZZZZZZZZZZ\', \'LLLLLLLLLLL\', \'TTTTTTTTTTT\', \'RRRRRRRRRRR\', \'MMMMMMMMMMM\', \'FFFFFFFFFFF\'], ["([1, 0, 0, 0, 0, 0, 0, 0, 0, 0, 0, 0, 0], [[0, 1, 0, 0, 0, 0, 0, 0, 0, 0, 0, 0, 0], [0, 0.018181818181818184, 0.8, 0.018181818181818184, 0.018181818181818184, 0.018181818181818184, 0.018181818181818184, 0.018181818181818184, 0.018181818181818184, 0.018181818181818184, 0.018181818181818184, 0.018181818181818184, 0.018181818181818184], [0, 0, 0.02, 0.8, 0.02, 0.02, 0.02, 0.02, 0.02, 0.02, 0.02, 0.02, 0.02], [0, 0, 0, 0.022222222222222223, 0.8, 0.022222222222222223, 0.022222222222222223, 0.022222222222222223, 0.022222222222222223, 0.022222222222222223, 0.022222222222222223, 0.022222222222222223, 0.022222222222222223], [0, 0, 0, 0, 0.025, 0.8, 0.025, 0.025, 0.025, 0.025, 0.025, 0.025, 0.025], [0, 0, 0, 0, 0, 0.028571428571428574, 0.8, 0.028571428571428574, 0.028571428571428574, 0.028571428571428574, 0.028571428571428574, 0.028571428571428574, 0.028571428571428574], [0, 0, 0, 0, 0, 0, 0.03333333333333333, 0.8, 0.03333333333333333, 0.03333333333333333, 0.03333333333333333, 0.03333333333333333, 0.03333333333333333], [0, 0, 0, 0, 0, 0, 0, 0.04, 0.8, 0.04, 0.04, 0.04, 0.04], [0, 0, 0, 0, 0, 0, 0, 0, 0.05, 0.8, 0.05, 0.05, 0.05], [0, 0, 0, 0, 0, 0, 0, 0, 0, 0.06666666666666667, 0.8, 0.06666666666666667, 0.06666666666666667], [0, 0, 0, 0, 0, 0, 0, 0, 0, 0, 0.1, 0.8, 0.1], [0, 0, 0, 0, 0, 0, 0, 0, 0, 0, 0, 0.2, 0.8], [1, 0, 0, 0, 0, 0, 0, 0, 0, 0, 0, 0, 0]], [[1, 0, 0, 0, 0, 0, 0, 0, 0, 0, 0], [0, 0.015111123610018751, 0.3591456970823114, 0.013764796096613456, 0.005851711531301015, 0.2240728894454348, 0.007627316268866701, 0.012425876477934061, 0.35391653055332917, 0.008084058934190607, 0], [0, 0.012180522069384265, 0.17910143278343366, 0.016062860391518417, 0.010450028369111622, 0.39914978711624605, 0.017179593628773148, 0.001983035000385956, 0.30609400444739077, 0.05779873619375607, 0], [0, 0.003325048107586549, 0.005659161474786405, 0.061769291051610616, 0.052166285731676185, 0.7067853202730967, 0.047983196586130136, 0.016988860451282263, 0.10276471736843278, 0.0025581189553981853, 0], [0, 0.01380339385601001, 0.05098367894452972, 0.005308006524253753, 0.00792096224063957, 0.7398133085167021, 0.1472915575116251, 0.010074933828794694, 0.017481924390981222, 0.007322234186463849, 0], [0, 0.009877206472483923, 0.007274655557497584, 0.001065448827235304, 0.052055944112621634, 0.6689722294075774, 0.1491880144648715, 0.0029298752679476174, 0.0616950010781621, 0.04694162481160307, 0], [0, 0.04988031246325195, 0.09956575006818845, 0.05254264200815182, 0.1841221387471451, 0.4028698987602498, 0.1867773715516934, 0.005855805084595191, 0.003500934254982709, 0.014885147061741646, 0], [0, 0.27213099946342806, 0.17996849248057514, 0.31331115149144556, 0.013658697902716711, 0.053441814896314103, 0.09172200927123653, 0.01541152871855976, 0.014378884850324314, 0.04597642092539969, 0], [0, 0.4849376615629011, 0.27404692582915563, 0.14577617779666652, 0.0076126248903518635, 0.011325068398093729, 0.007570524108888801, 0.009079868748399432, 0.04360764999528732, 0.016043498670255524, 0], [0, 0.3974637820039019, 0.013672648460371428, 0.19263358905012293, 0.04908314702110281, 0.002204614887929878, 0.048614014201624776, 0.23299294653154362, 0.01481983302717687, 0.048515424816225505, 0], [0, 0.1763942265824745, 0.15311754731792218, 0.09495820737230254, 0.13275547425097148, 0.023640412270941137, 0.04828383029056839, 0.3033229851710776, 0.014717292812390257, 0.05281002393135185, 0], [0, 0.014026094988223643, 0.005155883822412451, 0.13589635953041057, 0.09376509763582135, 0.01614128173879269, 0.09041801982839599, 0.1909385023240514, 0.0021741537626855188, 0.4514846063692063, 0], [0, 0, 0, 0, 0, 0, 0, 0, 0, 0, 1]], [\'@\', \'a\', \'b\', \'c\', \'d\', \'e\', \'f\', \'g\', \'h\', \'i\', \'$\'])", "([1, 0, 0, 0, 0, 0, 0, 0, 0, 0, 0, 0, 0], [[0, 1, 0, 0, 0, 0, 0, 0, 0, 0, 0, 0, 0], [0, 0.018181818181818184, 0.8, 0.018181818181818184, 0.018181818181818184, 0.018181818181818184, 0.018181818181818184, 0.018181818181818184, 0.018181818181818184, 0.018181818181818184, 0.018181818181818184, 0.018181818181818184, 0.018181818181818184], [0, 0, 0.02, 0.8, 0.02, 0.02, 0.02, 0.02, 0.02, 0.02, 0.02, 0.02, 0.02], [0, 0, 0, 0.022222222222222223, 0.8, 0.022222222222222223, 0.022222222222222223, 0.022222222222222223, 0.022222222222222223, 0.022222222222222223, 0.022222222222222223, 0.022222222222222223, 0.022222222222222223], [0, 0, 0, 0, 0.025, 0.8, 0.025, 0.025, 0.025, 0.025, 0.025, 0.025, 0.025], [0, 0, 0, 0, 0, 0.028571428571428574, 0.8, 0.028571428571428574, 0.028571428571428574, 0.028571428571428574, 0.028571428571428574, 0.028571428571428574, 0.028571428571428574], [0, 0, 0, 0, 0, 0, 0.03333333333333333, 0.8, 0.03333333333333333, 0.03333333333333333, 0.03333333333333333, 0.03333333333333333, 0.03333333333333333], [0, 0, 0, 0, 0, 0, 0, 0.04, 0.8, 0.04, 0.04, 0.04, 0.04], [0, 0, 0, 0, 0, 0, 0, 0, 0.05, 0.8, 0.05, 0.05, 0.05], [0, 0, 0, 0, 0, 0, 0, 0, 0, 0.06666666666666667, 0.8, 0.06666666666666667, 0.06666666666666667], [0, 0, 0, 0, 0, 0, 0, 0, 0, 0, 0.1, 0.8, 0.1], [0, 0, 0, 0, 0, 0, 0, 0, 0, 0, 0, 0.2, 0.8], [1, 0, 0, 0, 0, 0, 0, 0, 0, 0, 0, 0, 0]], [[1, 0, 0, 0, 0, 0, 0, 0, 0, 0, 0], [0, 0.10182073961078877, 0.26615300849948254, 0.10237267974923676, 0.013368979988608884, 0.20861216498931848, 0.03432713804555258, 0.03139068519964209, 0.1790114363668971, 0.06294316755047272, 0], [0, 0.0631000559765069, 0.197636349905978, 0.09704058274279839, 0.01058096328248348, 0.20532423956222273, 0.10437496824005411, 0.07889969941835494, 0.07173518443521096, 0.1713079564363904, 0], [0, 0.07011088594084693, 0.09842232463536824, 0.1653557584776877, 0.08279605612552451, 0.1416872201320545, 0.10436212670901089, 0.03501246514948166, 0.18994753888470958, 0.11230562394531615, 0], [0, 0.07364966789579157, 0.08207993050466574, 0.19104415115386125, 0.013406306610263461, 0.0657027604744314, 0.15975942865262704, 0.03604526434052577, 0.17490375016467233, 0.2034087402031614, 0], [0, 0.2002597905726843, 0.07617302088991858, 0.19790558460158683, 0.0102427688948109, 0.07340918179540656, 0.13070149510540877, 0.04424314475261417, 0.07131196034516436, 0.19575305304240556, 0], [0, 0.09836776063162311, 0.009828077331594205, 0.1425291471335537, 0.004971593303472904, 0.015844192938028356, 0.20450843504435062, 0.2231670511751275, 0.102587732464415, 0.19819600997783454, 0], [0, 0.1266400533499404, 0.01567105384344007, 0.13576091476832178, 0.23654455492508783, 0.0083528381076977, 0.09566668812372717, 0.17465604340460253, 0.04028408670486613, 0.16642376677231643, 0], [0, 0.1041429279077843, 0.003772891486989488, 0.0480659709635134, 0.06923938342652354, 0.017024770545879187, 0.22995261859763616, 0.2909019968428124, 0.07677276135252994, 0.16012667887633153, 0], [0, 0.09978363274830553, 0.010225022320623528, 0.04166038173053754, 0.1969062920038723, 0.014284671638336613, 0.13411668970330312, 0.29757888211709665, 0.06816911801189801, 0.13727530972602664, 0], [0, 0.07707437195770732, 0.1378384855004467, 0.007797122416504895, 0.09819880394452812, 0.10971078235214682, 0.07888216566858403, 0.1279511887294218, 0.13135124258775066, 0.23119583684290965, 0], [0, 0.0431802991801008, 0.08051310002255427, 0.09854174153492026, 0.053826851155958304, 0.07000118189211176, 0.09420557802494796, 0.0670060605768063, 0.12712843906134702, 0.36559674855125335, 0], [0, 0, 0, 0, 0, 0, 0, 0, 0, 0, 1]], [\'@\', \'a\', \'b\', \'c\', \'d\', \'e\', \'f\', \'g\', \'h\', \'i\', \'$\'])", "([1, 0, 0, 0, 0, 0, 0, 0, 0, 0, 0, 0, 0], [[0, 1, 0, 0, 0, 0, 0, 0, 0, 0, 0, 0, 0], [0, 0.018181818181818184, 0.8, 0.018181818181818184, 0.018181818181818184, 0.018181818181818184, 0.018181818181818184, 0.018181818181818184, 0.018181818181818184, 0.018181818181818184, 0.018181818181818184, 0.018181818181818184, 0.018181818181818184], [0, 0, 0.02, 0.8, 0.02, 0.02, 0.02, 0.02, 0.02, 0.02, 0.02, 0.02, 0.02], [0, 0, 0, 0.022222222222222223, 0.8, 0.022222222222222223, 0.022222222222222223, 0.022222222222222223, 0.022222222222222223, 0.022222222222222223, 0.022222222222222223, 0.022222222222222223, 0.022222222222222223], [0, 0, 0, 0, 0.025, 0.8, 0.025, 0.025, 0.025, 0.025, 0.025, 0.025, 0.025], [0, 0, 0, 0, 0, 0.028571428571428574, 0.8, 0.028571428571428574, 0.028571428571428574, 0.028571428571428574, 0.028571428571428574, 0.028571428571428574, 0.028571428571428574], [0, 0, 0, 0, 0, 0, 0.03333333333333333, 0.8, 0.03333333333333333, 0.03333333333333333, 0.03333333333333333, 0.03333333333333333, 0.03333333333333333], [0, 0, 0, 0, 0, 0, 0, 0.04, 0.8, 0.04, 0.04, 0.04, 0.04], [0, 0, 0, 0, 0, 0, 0, 0, 0.05, 0.8, 0.05, 0.05, 0.05], [0, 0, 0, 0, 0, 0, 0, 0, 0, 0.06666666666666667, 0.8, 0.06666666666666667, 0.06666666666666667], [0, 0, 0, 0, 0, 0, 0, 0, 0, 0, 0.1, 0.8, 0.1], [0, 0, 0, 0, 0, 0, 0, 0, 0, 0, 0, 0.2, 0.8], [1, 0, 0, 0, 0, 0, 0, 0, 0, 0, 0, 0, 0]], [[1, 0, 0, 0, 0, 0, 0, 0, 0, 0, 0], [0, 0.1696295500121919, 0.5503557291362617, 0.0396990404730138, 0.03556003424659608, 0.014727521081053751, 0.008710433429972044, 0.041446325052937855, 0.07668570271662561, 0.06318566385134727, 0], [0, 0.10404901793992154, 0.16803658818186576, 0.30959521650897426, 0.006439690060485813, 0.04844662147588807, 0.09667535159501335, 0.060972233639920284, 0.10967381269002104, 0.0961114679079099, 0], [0, 0.09353633942095115, 0.09404235924591255, 0.139793174813335, 0.07210895480863147, 0.10169227569782519, 0.04852951773353992, 0.09110498497509364, 0.17305334369569053, 0.18613904960902056, 0], [0, 0.10459004046526041, 0.16801980822007007, 0.18690872004122855, 0.011143242259109731, 0.03665723017742029, 0.13098451257374355, 0.040586438921922395, 0.13507615438503992, 0.18603385295620511, 0], [0, 0.04514811798357894, 0.06834026668948871, 0.06945719476624206, 0.04558266248256527, 0.0978397521035032, 0.09626281974939781, 0.16515614568960202, 0.19947475643588852, 0.21273828409973347, 0], [0, 0.008178864324632319, 0.034237713497137015, 0.04513294882642636, 0.13180706110605528, 0.10805566069607428, 0.1962861755789124, 0.06441881979913416, 0.18967604202938834, 0.2222067141422399, 0], [0, 0.015713176644379132, 0.0028883255903249176, 0.07424173320676912, 0.15993035764622876, 0.19704472639717044, 0.12659797931476785, 0.13390926719681115, 0.15793007244418616, 0.13174436155936245, 0], [0, 0.04950138452580268, 0.06309549358488171, 0.10997154878759664, 0.005237649718847908, 0.24413747088258253, 0.16125989592363962, 0.13384457668945565, 0.13350323597124755, 0.09944874391594569, 0], [0, 0.006072417266828132, 0.04015089820441649, 0.03969251408326415, 0.10084753038838468, 0.30587785223827746, 0.2829970126349713, 0.04749195396657686, 0.10403354752059815, 0.07283627369668302, 0], [0, 0.0005225631987997841, 0.014776539571870464, 0.01138676767892089, 0.010785667229582673, 0.28051491090120173, 0.5543884843433546, 0.017369489618455986, 0.04592720711490396, 0.06432837034290989, 0], [0, 0.04581149771548898, 0.006040369312708743, 0.03767809364715902, 0.009422386895540818, 0.10494886041992568, 0.47023365994914407, 0.03412046283130295, 0.015117057813964548, 0.27662761141476516, 0], [0, 0, 0, 0, 0, 0, 0, 0, 0, 0, 1]], [\'@\', \'a\', \'b\', \'c\', \'d\', \'e\', \'f\', \'g\', \'h\', \'i\', \'$\'])", "([1, 0, 0, 0, 0, 0, 0, 0, 0, 0, 0, 0, 0], [[0, 1, 0, 0, 0, 0, 0, 0, 0, 0, 0, 0, 0], [0, 0.018181818181818184, 0.8, 0.018181818181818184, 0.018181818181818184, 0.018181818181818184, 0.018181818181818184, 0.018181818181818184, 0.018181818181818184, 0.018181818181818184, 0.018181818181818184, 0.018181818181818184, 0.018181818181818184], [0, 0, 0.02, 0.8, 0.02, 0.02, 0.02, 0.02, 0.02, 0.02, 0.02, 0.02, 0.02], [0, 0, 0, 0.022222222222222223, 0.8, 0.022222222222222223, 0.022222222222222223, 0.022222222222222223, 0.022222222222222223, 0.022222222222222223, 0.022222222222222223, 0.022222222222222223, 0.022222222222222223], [0, 0, 0, 0, 0.025, 0.8, 0.025, 0.025, 0.025, 0.025, 0.025, 0.025, 0.025], [0, 0, 0, 0, 0, 0.028571428571428574, 0.8, 0.028571428571428574, 0.028571428571428574, 0.028571428571428574, 0.028571428571428574, 0.028571428571428574, 0.028571428571428574], [0, 0, 0, 0, 0, 0, 0.03333333333333333, 0.8, 0.03333333333333333, 0.03333333333333333, 0.03333333333333333, 0.03333333333333333, 0.03333333333333333], [0, 0, 0, 0, 0, 0, 0, 0.04, 0.8, 0.04, 0.04, 0.04, 0.04], [0, 0, 0, 0, 0, 0, 0, 0, 0.05, 0.8, 0.05, 0.05, 0.05], [0, 0, 0, 0, 0, 0, 0, 0, 0, 0.06666666666666667, 0.8, 0.06666666666666667, 0.06666666666666667], [0, 0, 0, 0, 0, 0, 0, 0, 0, 0, 0.1, 0.8, 0.1], [0, 0, 0, 0, 0, 0, 0, 0, 0, 0, 0, 0.2, 0.8], [1, 0, 0, 0, 0, 0, 0, 0, 0, 0, 0, 0, 0]], [[1, 0, 0, 0, 0, 0, 0, 0, 0, 0, 0], [0, 0.08497024253272792, 0.2474631790567533, 0.077371639572343, 0.04145561218015507, 0.3533363249169108, 0.048136037219723316, 0.021019191352653066, 0.08518681265421099, 0.0410609605145225, 0], [0, 0.14716740962848773, 0.04831822947057432, 0.019054418245936313, 0.2863468188053677, 0.31748561113987944, 0.1425992586625487, 0.01835429595241145, 0.000824259296800965, 0.019849698797993417, 0], [0, 0.12088310937523711, 0.049040320542025055, 0.01384134227298716, 0.5246711847852928, 0.073711305800309, 0.11776867508865843, 0.08041271726925647, 0.01376942459755872, 0.005901920268675372, 0], [0, 0.36153375194206416, 0.21765627822317982, 0.11736148850297891, 0.15359954106255147, 0.0761598696855509, 0.016512282354025715, 0.004657189191327378, 0.05048682421960902, 0.002032774818712641, 0], [0, 0.17763050533094887, 0.5283914324317057, 0.047878740192578845, 0.016575924740034, 0.1596279653030223, 0.008355184900383596, 0.0038948921548426414, 0.05692816577703904, 0.0007171891694448337, 0], [0, 0.11831672961882295, 0.5644493486404942, 0.14031760585871833, 0.016228618956302603, 0.07885238361137793, 0.014198902084050193, 0.009784129456972284, 0.04498674286335209, 0.01286553890990952, 0], [0, 0.1070583828626041, 0.6391642322239369, 0.1427729348859532, 0.026097496634972715, 0.04698138427996928, 0.009797809223148164, 0.000735543247368794, 0.024595092377169715, 0.0027971242648769977, 0], [0, 0.03546470649095304, 0.6670629849185962, 0.07256032105775373, 0.045540686114239434, 0.08819610625160906, 0.008081845899897945, 0.020127462312760146, 0.06124482362056148, 0.0017210633336288872, 0], [0, 0.039181136728002774, 0.2528946889394937, 0.04413061701542238, 0.04865628034692321, 0.46651653851652963, 0.04185852211171506, 0.01622952101013809, 0.07998402751531589, 0.010548667816459412, 0], [0, 0.004861616035846785, 0.11431602868508811, 0.006028673721480232, 0.08537068035472184, 0.6064401121254498, 0.07773850256671665, 0.01634574648815138, 0.04364122169799046, 0.04525741832455471, 0], [0, 0.0010260432191716068, 0.022291978054806514, 0.07154460402248791, 0.1859164171798455, 0.543268429056574, 0.07801605737750344, 0.0023712293863301383, 0.07994928481540718, 0.015615956887873619, 0], [0, 0, 0, 0, 0, 0, 0, 0, 0, 0, 1]], [\'@\', \'a\', \'b\', \'c\', \'d\', \'e\', \'f\', \'g\', \'h\', \'i\', \'$\'])", "([1, 0, 0, 0, 0, 0, 0, 0, 0, 0, 0, 0, 0], [[0, 1, 0, 0, 0, 0, 0, 0, 0, 0, 0, 0, 0], [0, 0.018181818181818184, 0.8, 0.018181818181818184, 0.018181818181818184, 0.018181818181818184, 0.018181818181818184, 0.018181818181818184, 0.018181818181818184, 0.018181818181818184, 0.018181818181818184, 0.018181818181818184, 0.018181818181818184], [0, 0, 0.02, 0.8, 0.02, 0.02, 0.02, 0.02, 0.02, 0.02, 0.02, 0.02, 0.02], [0, 0, 0, 0.022222222222222223, 0.8, 0.022222222222222223, 0.022222222222222223, 0.022222222222222223, 0.022222222222222223, 0.022222222222222223, 0.022222222222222223, 0.022222222222222223, 0.022222222222222223], [0, 0, 0, 0, 0.025, 0.8, 0.025, 0.025, 0.025, 0.025, 0.025, 0.025, 0.025], [0, 0, 0, 0, 0, 0.028571428571428574, 0.8, 0.028571428571428574, 0.028571428571428574, 0.028571428571428574, 0.028571428571428574, 0.028571428571428574, 0.028571428571428574], [0, 0, 0, 0, 0, 0, 0.03333333333333333, 0.8, 0.03333333333333333, 0.03333333333333333, 0.03333333333333333, 0.03333333333333333, 0.03333333333333333], [0, 0, 0, 0, 0, 0, 0, 0.04, 0.8, 0.04, 0.04, 0.04, 0.04], [0, 0, 0, 0, 0, 0, 0, 0, 0.05, 0.8, 0.05, 0.05, 0.05], [0, 0, 0, 0, 0, 0, 0, 0, 0, 0.06666666666666667, 0.8, 0.06666666666666667, 0.06666666666666667], [0, 0, 0, 0, 0, 0, 0, 0, 0, 0, 0.1, 0.8, 0.1], [0, 0, 0, 0, 0, 0, 0, 0, 0, 0, 0, 0.2, 0.8], [1, 0, 0, 0, 0, 0, 0, 0, 0, 0, 0, 0, 0]], [[1, 0, 0, 0, 0, 0, 0, 0, 0, 0, 0], [0, 0.2979808059651291, 0.006802893464083704, 0.09695327250821406, 0.13740839885913184, 0.1329144505534677, 0.04822002140649636, 0.05466555838926637, 0.015244366096305148, 0.2098102327579056, 0], [0, 0.22012500514339253, 0.04215166873064962, 0.014390694438314566, 0.38859956563443865, 0.0037658366831787556, 0.057260948611242424, 0.21565092244368872, 0.045259358479595606, 0.012795999835499216, 0], [0, 0.09860155445172517, 0.05981023546680431, 0.08316331525397781, 0.34280917107547826, 0.0838037138635, 0.02053938280877581, 0.24892368634555112, 0.04847058022491768, 0.013878360509269714, 0], [0, 0.14437306920758078, 0.08456631483884224, 0.007835102218559608, 0.04994083613260335, 0.4174068402679085, 0.09428576203915838, 0.013959587535207357, 0.18666420782945906, 0.0009682799306808275, 0], [0, 0.0016520651894370566, 0.09572623274942937, 0.013911330320254841, 0.087486567324614, 0.594752374487535, 0.013501060491181665, 0.08660721482873261, 0.050293199468782857, 0.05606995514003258, 0], [0, 0.01725640424181899, 0.0029346792139696974, 0.015445168416091483, 0.0010995585242454691, 0.8304192329751304, 0.010104774999884766, 0.016834411662079943, 0.05143258169537193, 0.05447318827140747, 0], [0, 0.001317724160414581, 0.42959716959066513, 0.04776981274861818, 0.0022372454162182865, 0.43344739283351075, 0.042910604508320425, 0.020654697324664396, 0.006106575218884887, 0.01595877819870335, 0], [0, 0.1357980237393708, 0.498929628723558, 0.21923016415023489, 0.0030105006540956996, 0.04757480050185031, 0.018734870164009362, 0.009380354692213025, 0.04221432496752716, 0.025127332407140615, 0], [0, 0.04451566708589047, 0.14085752252380798, 0.2992218762447067, 0.007403681536642991, 0.09843737928125278, 0.014359601674692201, 0.04650957948050343, 0.2599371431366294, 0.08875754903587409, 0], [0, 0.09851171310665433, 0.17756389050797217, 0.015316560531756562, 0.04788605953336598, 0.21118235289426887, 0.17665369470715955, 0.008977022391289299, 0.16750163874594481, 0.09640706758158851, 0], [0, 0.00600156577308754, 0.04535573990306185, 0.14218888494825163, 0.04730733854032233, 0.04761998640900372, 0.21894997067152105, 0.05581320006905578, 0.05790744692923757, 0.37885586675645844, 0], [0, 0, 0, 0, 0, 0, 0, 0, 0, 0, 1]], [\'@\', \'a\', \'b\', \'c\', \'d\', \'e\', \'f\', \'g\', \'h\', \'i\', \'$\'])", "([1, 0, 0, 0, 0, 0, 0, 0, 0, 0, 0, 0, 0], [[0, 1, 0, 0, 0, 0, 0, 0, 0, 0, 0, 0, 0], [0, 0.018181818181818184, 0.8, 0.018181818181818184, 0.018181818181818184, 0.018181818181818184, 0.018181818181818184, 0.018181818181818184, 0.018181818181818184, 0.018181818181818184, 0.018181818181818184, 0.018181818181818184, 0.018181818181818184], [0, 0, 0.02, 0.8, 0.02, 0.02, 0.02, 0.02, 0.02, 0.02, 0.02, 0.02, 0.02], [0, 0, 0, 0.022222222222222223, 0.8, 0.022222222222222223, 0.022222222222222223, 0.022222222222222223, 0.022222222222222223, 0.022222222222222223, 0.022222222222222223, 0.022222222222222223, 0.022222222222222223], [0, 0, 0, 0, 0.025, 0.8, 0.025, 0.025, 0.025, 0.025, 0.025, 0.025, 0.025], [0, 0, 0, 0, 0, 0.028571428571428574, 0.8, 0.028571428571428574, 0.028571428571428574, 0.028571428571428574, 0.028571428571428574, 0.028571428571428574, 0.028571428571428574], [0, 0, 0, 0, 0, 0, 0.03333333333333333, 0.8, 0.03333333333333333, 0.03333333333333333, 0.03333333333333333, 0.03333333333333333, 0.03333333333333333], [0, 0, 0, 0, 0, 0, 0, 0.04, 0.8, 0.04, 0.04, 0.04, 0.04], [0, 0, 0, 0, 0, 0, 0, 0, 0.05, 0.8, 0.05, 0.05, 0.05], [0, 0, 0, 0, 0, 0, 0, 0, 0, 0.06666666666666667, 0.8, 0.06666666666666667, 0.06666666666666667], [0, 0, 0, 0, 0, 0, 0, 0, 0, 0, 0.1, 0.8, 0.1], [0, 0, 0, 0, 0, 0, 0, 0, 0, 0, 0, 0.2, 0.8], [1, 0, 0, 0, 0, 0, 0, 0, 0, 0, 0, 0, 0]], [[1, 0, 0, 0, 0, 0, 0, 0, 0, 0, 0], [0, 0.03443196490941731, 0.1702216058865748, 0.08130599494307554, 0.0020615141519496603, 0.1333089505948099, 0.07469411551742006, 0.044592248704895, 0.42141276980657083, 0.037970835485286916, 0], [0, 0.04085135967529321, 0.015755547272282525, 0.10003534000586714, 0.0720728110084632, 0.36309908118971845, 0.1329421917227147, 0.1613093401900164, 0.10772277578840454, 0.006211553147239667, 0], [0, 0.07918718935403626, 0.005665450988257322, 0.009428270813307361, 0.267427828571775, 0.23432387763470183, 0.1904882960925073, 0.09413968933736194, 0.06901419999859264, 0.050325197209460194, 0], [0, 0.13583480021933286, 0.016764946945793318, 0.04646848644693475, 0.3536844381410352, 0.17287124787043928, 0.0669276123549102, 0.09646761626989418, 0.011166105900489161, 0.09981474585117114, 0], [0, 0.19231525830894972, 0.08397790042607388, 0.1298358538861464, 0.28821454579862715, 0.03138068415812971, 0.10571951177086582, 0.1441166353737481, 0.009402918012750066, 0.015036692264709082, 0], [0, 0.34661118258054013, 0.2639703967454929, 0.06794103098437518, 0.10069398670178317, 0.04064332719900019, 0.01810225163170662, 0.07648537115836844, 0.054148045693704044, 0.031404407305029323, 0], [0, 0.3766456708633264, 0.16514558727003634, 0.12968519678499982, 0.010646831564495383, 0.08162685093085575, 0.02111399279680412, 0.03602397845260298, 0.17704832894197176, 0.0020635623949072993, 0], [0, 0.19591868598088633, 0.19906881812390262, 0.14045256518232546, 0.002561424043346841, 0.06797102481529606, 0.048407307325315, 0.07122112553519343, 0.20048220189986213, 0.07391684709387206, 0], [0, 0.07631875386769366, 0.1053211709508886, 0.06947205520351923, 0.04279502027765717, 0.240055998314174, 0.12631835975224162, 0.1587741069120834, 0.07991227103455442, 0.10103226368718779, 0], [0, 0.04573951596058331, 0.0761316898189864, 0.0723979126855979, 0.10439291905929225, 0.06802063392496673, 0.22723503410811538, 0.07448389386964803, 0.17294284328963458, 0.15865555728317546, 0], [0, 0.007073223550457939, 0.03909738238055319, 0.033131441834767544, 0.12652793237572862, 0.0635882546842454, 0.26107056663012695, 0.08924024404463052, 0.033502487219679564, 0.34676846727981014, 0], [0, 0, 0, 0, 0, 0, 0, 0, 0, 0, 1]], [\'@\', \'a\', \'b\', \'c\', \'d\', \'e\', \'f\', \'g\', \'h\', \'i\', \'$\'])", "([1, 0, 0, 0, 0, 0, 0, 0, 0, 0, 0, 0, 0], [[0, 1, 0, 0, 0, 0, 0, 0, 0, 0, 0, 0, 0], [0, 0.018181818181818184, 0.8, 0.018181818181818184, 0.018181818181818184, 0.018181818181818184, 0.018181818181818184, 0.018181818181818184, 0.018181818181818184, 0.018181818181818184, 0.018181818181818184, 0.018181818181818184, 0.018181818181818184], [0, 0, 0.02, 0.8, 0.02, 0.02, 0.02, 0.02, 0.02, 0.02, 0.02, 0.02, 0.02], [0, 0, 0, 0.022222222222222223, 0.8, 0.022222222222222223, 0.022222222222222223, 0.022222222222222223, 0.022222222222222223, 0.022222222222222223, 0.022222222222222223, 0.022222222222222223, 0.022222222222222223], [0, 0, 0, 0, 0.025, 0.8, 0.025, 0.025, 0.025, 0.025, 0.025, 0.025, 0.025], [0, 0, 0, 0, 0, 0.028571428571428574, 0.8, 0.028571428571428574, 0.028571428571428574, 0.028571428571428574, 0.028571428571428574, 0.028571428571428574, 0.028571428571428574], [0, 0, 0, 0, 0, 0, 0.03333333333333333, 0.8, 0.03333333333333333, 0.03333333333333333, 0.03333333333333333, 0.03333333333333333, 0.03333333333333333], [0, 0, 0, 0, 0, 0, 0, 0.04, 0.8, 0.04, 0.04, 0.04, 0.04], [0, 0, 0, 0, 0, 0, 0, 0, 0.05, 0.8, 0.05, 0.05, 0.05], [0, 0, 0, 0, 0, 0, 0, 0, 0, 0.06666666666666667, 0.8, 0.06666666666666667, 0.06666666666666667], [0, 0, 0, 0, 0, 0, 0, 0, 0, 0, 0.1, 0.8, 0.1], [0, 0, 0, 0, 0, 0, 0, 0, 0, 0, 0, 0.2, 0.8], [1, 0, 0, 0, 0, 0, 0, 0, 0, 0, 0, 0, 0]], [[1, 0, 0, 0, 0, 0, 0, 0, 0, 0, 0], [0, 0.7804578249476858, 0.1408778431479222, 0.013334974675328359, 0.008973262966689648, 0.0016959846052776114, 0.02085293711340209, 0.00834338772314979, 0.015731089950191228, 0.009732694870353066, 0], [0, 0.8326253198062405, 0.04900048748751813, 0.01570276237694291, 0.007168309919725506, 0.013964335532083282, 0.006056888747169054, 0.05761647803099333, 0.016338739721190362, 0.0015266783781370421, 0], [0, 0.9095345055673434, 0.01183522409136113, 0.008442098413038841, 0.00576830296616458, 0.019024763477402777, 0.01330745324095127, 0.0014663262619417164, 0.012543083264509595, 0.018078242717286804, 0], [0, 0.8748828551928142, 0.04700002298437695, 0.0151227104982788, 0.01610269060438497, 0.021715115798481337, 0.0024653297265692076, 0.0007844535094050725, 0.009743872022981588, 0.012182949662707977, 0], [0, 0.6581292967982102, 0.18985892854024305, 0.05121419276978222, 0.0598481871362866, 0.003016042567231798, 0.015548491304858868, 0.003898349047400413, 0.00948871754773525, 0.00899779428825157, 0], [0, 0.4033288957534286, 0.08857472677049867, 0.01293416299473984, 0.14236644925506217, 0.17806459686941656, 0.047389550117212555, 0.10577480555541154, 0.017907792147692215, 0.0036590205365376336, 0], [0, 0.1307671404145444, 0.10782806952056513, 0.052071580176377745, 0.2724449107005875, 0.3061876437205285, 0.04865671967763551, 0.0174972726856119, 0.05365484399776974, 0.010891819106379867, 0], [0, 0.011685766649605394, 0.04524246190457518, 0.012705994220218623, 0.06094359518347409, 0.7853372979872956, 0.050651089008867965, 0.013396376780926105, 0.007942756125851796, 0.012094662139185279, 0], [0, 0.05319785803377519, 0.003229789067895936, 0.01798343074446011, 0.05407597277349512, 0.7802596603549128, 0.016453156608555654, 0.00948168379531373, 0.0553121143640479, 0.010006334257543386, 0], [0, 0.0874548012928396, 0.008613438427723516, 0.001257757121571444, 0.1355535729068942, 0.6801991340451725, 0.05005247479707129, 0.0018126716180068578, 0.0057556192274196265, 0.0293005305633011, 0], [0, 0.13563396855757792, 0.01754907023041992, 0.01743554949453384, 0.1336188952112938, 0.43376792224719674, 0.19106544530913924, 0.04849729059609123, 0.0012907693073110238, 0.021141089046436214, 0], [0, 0, 0, 0, 0, 0, 0, 0, 0, 0, 1]], [\'@\', \'a\', \'b\', \'c\', \'d\', \'e\', \'f\', \'g\', \'h\', \'i\', \'$\'])", "([1, 0, 0, 0, 0, 0, 0, 0, 0, 0, 0, 0, 0], [[0, 1, 0, 0, 0, 0, 0, 0, 0, 0, 0, 0, 0], [0, 0.018181818181818184, 0.8, 0.018181818181818184, 0.018181818181818184, 0.018181818181818184, 0.018181818181818184, 0.018181818181818184, 0.018181818181818184, 0.018181818181818184, 0.018181818181818184, 0.018181818181818184, 0.018181818181818184], [0, 0, 0.02, 0.8, 0.02, 0.02, 0.02, 0.02, 0.02, 0.02, 0.02, 0.02, 0.02], [0, 0, 0, 0.022222222222222223, 0.8, 0.022222222222222223, 0.022222222222222223, 0.022222222222222223, 0.022222222222222223, 0.022222222222222223, 0.022222222222222223, 0.022222222222222223, 0.022222222222222223], [0, 0, 0, 0, 0.025, 0.8, 0.025, 0.025, 0.025, 0.025, 0.025, 0.025, 0.025], [0, 0, 0, 0, 0, 0.028571428571428574, 0.8, 0.028571428571428574, 0.028571428571428574, 0.028571428571428574, 0.028571428571428574, 0.028571428571428574, 0.028571428571428574], [0, 0, 0, 0, 0, 0, 0.03333333333333333, 0.8, 0.03333333333333333, 0.03333333333333333, 0.03333333333333333, 0.03333333333333333, 0.03333333333333333], [0, 0, 0, 0, 0, 0, 0, 0.04, 0.8, 0.04, 0.04, 0.04, 0.04], [0, 0, 0, 0, 0, 0, 0, 0, 0.05, 0.8, 0.05, 0.05, 0.05], [0, 0, 0, 0, 0, 0, 0, 0, 0, 0.06666666666666667, 0.8, 0.06666666666666667, 0.06666666666666667], [0, 0, 0, 0, 0, 0, 0, 0, 0, 0, 0.1, 0.8, 0.1], [0, 0, 0, 0, 0, 0, 0, 0, 0, 0, 0, 0.2, 0.8], [1, 0, 0, 0, 0, 0, 0, 0, 0, 0, 0, 0, 0]], [[1, 0, 0, 0, 0, 0, 0, 0, 0, 0, 0], [0, 0.04348582602419123, 0.3168031706514799, 0.07781978043801621, 0.05485710367245958, 0.08555179579023985, 0.08941636276414604, 0.010482171128454967, 0.22880557301297294, 0.09277821651803937, 0], [0, 0.03997674147296282, 0.09036030196609292, 0.12311553408426328, 0.12831918976281032, 0.0800389008613977, 0.1245210503025286, 0.09111797426201587, 0.16764418509088058, 0.15490612219704786, 0], [0, 0.12701606295136678, 0.05005930390985068, 0.0521229385359458, 0.115736574176562, 0.1292125631799702, 0.3488957309151284, 0.04705596414032685, 0.08251750180043423, 0.04738336039041504, 0], [0, 0.1635014229110606, 0.08586261158346996, 0.08794225246100375, 0.008621417019626185, 0.3473411530178972, 0.2799759403494977, 0.00894213881871089, 0.016518161080824555, 0.0012949027579089451, 0], [0, 0.1987069937625166, 0.1292681389085925, 0.12365449582722444, 0.0447068230171707, 0.08961326592379672, 0.35659423704021426, 0.040724819792364274, 0.015894753582832426, 0.0008364721452879375, 0], [0, 0.16522051546317523, 0.013358118921772497, 0.4252278407592767, 0.08642557644154046, 0.010806021760646557, 0.12171827345597275, 0.04893766272855552, 0.1269735023611144, 0.0013324881079458124, 0], [0, 0.2698249062623534, 0.1576110029792895, 0.19018342606069608, 0.0873988594093815, 0.05400746577679656, 0.08735130302995078, 0.053028923216496174, 0.011655185508510722, 0.08893892775652519, 0], [0, 0.19261725678056427, 0.06036815948095073, 0.16196448845991235, 0.1163047686572774, 0.11365045372523909, 0.136647817087618, 0.11900651739333577, 0.023265957623189486, 0.07617458079191293, 0], [0, 0.23364163944023417, 0.1179907452572599, 0.13042294027573526, 0.12890854101525348, 0.040558595961981754, 0.045472619301436604, 0.1679045944322243, 0.13114172520423945, 0.003958599111634993, 0], [0, 0.3575487906050413, 0.1898680533855732, 0.013870355782387657, 0.12086232934182947, 0.015593057302395142, 0.011292886742316472, 0.16000476624684937, 0.0038868086261667897, 0.12707295196744042, 0], [0, 0.11834660772164225, 0.09187712279515667, 0.009433876268515827, 0.15457418781420756, 0.05521165423878859, 0.08723533400482124, 0.010966804753147994, 0.012511520581292037, 0.45984289182242766, 0], [0, 0, 0, 0, 0, 0, 0, 0, 0, 0, 1]], [\'@\', \'a\', \'b\', \'c\', \'d\', \'e\', \'f\', \'g\', \'h\', \'i\', \'$\'])", "([1, 0, 0, 0, 0, 0, 0, 0, 0, 0, 0, 0, 0], [[0, 1, 0, 0, 0, 0, 0, 0, 0, 0, 0, 0, 0], [0, 0.018181818181818184, 0.8, 0.018181818181818184, 0.018181818181818184, 0.018181818181818184, 0.018181818181818184, 0.018181818181818184, 0.018181818181818184, 0.018181818181818184, 0.018181818181818184, 0.018181818181818184, 0.018181818181818184], [0, 0, 0.02, 0.8, 0.02, 0.02, 0.02, 0.02, 0.02, 0.02, 0.02, 0.02, 0.02], [0, 0, 0, 0.022222222222222223, 0.8, 0.022222222222222223, 0.022222222222222223, 0.022222222222222223, 0.022222222222222223, 0.022222222222222223, 0.022222222222222223, 0.022222222222222223, 0.022222222222222223], [0, 0, 0, 0, 0.025, 0.8, 0.025, 0.025, 0.025, 0.025, 0.025, 0.025, 0.025], [0, 0, 0, 0, 0, 0.028571428571428574, 0.8, 0.028571428571428574, 0.028571428571428574, 0.028571428571428574, 0.028571428571428574, 0.028571428571428574, 0.028571428571428574], [0, 0, 0, 0, 0, 0, 0.03333333333333333, 0.8, 0.03333333333333333, 0.03333333333333333, 0.03333333333333333, 0.03333333333333333, 0.03333333333333333], [0, 0, 0, 0, 0, 0, 0, 0.04, 0.8, 0.04, 0.04, 0.04, 0.04], [0, 0, 0, 0, 0, 0, 0, 0, 0.05, 0.8, 0.05, 0.05, 0.05], [0, 0, 0, 0, 0, 0, 0, 0, 0, 0.06666666666666667, 0.8, 0.06666666666666667, 0.06666666666666667], [0, 0, 0, 0, 0, 0, 0, 0, 0, 0, 0.1, 0.8, 0.1], [0, 0, 0, 0, 0, 0, 0, 0, 0, 0, 0, 0.2, 0.8], [1, 0, 0, 0, 0, 0, 0, 0, 0, 0, 0, 0, 0]], [[1, 0, 0, 0, 0, 0, 0, 0, 0, 0, 0], [0, 0.07605434397911273, 0.5881412705559792, 0.1405194507086526, 0.015627860715266305, 0.03872219212764327, 0.03962181349815011, 0.04954526776660466, 0.04944882004312509, 0.002318980605466239, 0], [0, 0.1425608923672305, 0.39783593585449306, 0.04172734064867604, 0.047089467510761186, 0.06789358651784703, 0.06798441088764096, 0.05235737206096219, 0.1456157290481948, 0.03693526510419433, 0], [0, 0.2080022354434482, 0.17039626126706675, 0.1398932696005917, 0.10261049071724619, 0.04019267735617416, 0.08480472724675961, 0.0704854824806988, 0.10498795618698495, 0.07862689970102972, 0], [0, 0.17804512153694158, 0.1406903005953712, 0.08134312485677639, 0.13778905847138298, 0.1101902609421275, 0.07255690395386588, 0.19760916269105266, 0.03590978191801047, 0.045866285034471224, 0], [0, 0.1059779559335146, 0.07411539771186904, 0.019273673369026106, 0.331420078755656, 0.016623458095082057, 0.2038747107043472, 0.1636914644346278, 0.03783494843056388, 0.04718831256531334, 0], [0, 0.07766510114300125, 0.005814488527493959, 0.002118375675934905, 0.5071720124348786, 0.036457554261070134, 0.10063102487434908, 0.2153247677881529, 0.04783751971834269, 0.006979155576776285, 0], [0, 0.006417694766422148, 0.004735243739622123, 0.022349647589258333, 0.622399995419349, 0.052831781894412407, 0.10480384042202243, 0.16322126033192388, 0.007606553888879304, 0.015633981948110564, 0], [0, 0.015139895109173556, 0.006444993842633307, 0.007965937433472944, 0.8576183460786181, 0.007650842985018489, 0.08187283377444489, 0.003256220421567616, 0.005015078188815112, 0.015035852166255765, 0], [0, 0.002359984884766285, 0.005442756379651716, 0.01942812311531597, 0.8471999177538729, 0.03931063016671971, 0.05609326310714407, 0.005863313159267006, 0.01993840357062362, 0.004363607862638802, 0], [0, 0.008811490517809112, 0.0012784847386403393, 0.013164157684655581, 0.8944404470190892, 0.035299706358535986, 0.015996319739606593, 0.008486065039210618, 0.0009100125900122432, 0.021613316312440293, 0], [0, 0.07766056828752632, 0.005303346987202032, 0.0038030531077769595, 0.7352636882840462, 0.00339712590634901, 0.10508624081176042, 0.0149847203903988, 0.0181377402045986, 0.036363516020341734, 0], [0, 0, 0, 0, 0, 0, 0, 0, 0, 0, 1]], [\'@\', \'a\', \'b\', \'c\', \'d\', \'e\', \'f\', \'g\', \'h\', \'i\', \'$\'])", "([1, 0, 0, 0, 0, 0, 0, 0, 0, 0, 0, 0, 0], [[0, 1, 0, 0, 0, 0, 0, 0, 0, 0, 0, 0, 0], [0, 0.018181818181818184, 0.8, 0.018181818181818184, 0.018181818181818184, 0.018181818181818184, 0.018181818181818184, 0.018181818181818184, 0.018181818181818184, 0.018181818181818184, 0.018181818181818184, 0.018181818181818184, 0.018181818181818184], [0, 0, 0.02, 0.8, 0.02, 0.02, 0.02, 0.02, 0.02, 0.02, 0.02, 0.02, 0.02], [0, 0, 0, 0.022222222222222223, 0.8, 0.022222222222222223, 0.022222222222222223, 0.022222222222222223, 0.022222222222222223, 0.022222222222222223, 0.022222222222222223, 0.022222222222222223, 0.022222222222222223], [0, 0, 0, 0, 0.025, 0.8, 0.025, 0.025, 0.025, 0.025, 0.025, 0.025, 0.025], [0, 0, 0, 0, 0, 0.028571428571428574, 0.8, 0.028571428571428574, 0.028571428571428574, 0.028571428571428574, 0.028571428571428574, 0.028571428571428574, 0.028571428571428574], [0, 0, 0, 0, 0, 0, 0.03333333333333333, 0.8, 0.03333333333333333, 0.03333333333333333, 0.03333333333333333, 0.03333333333333333, 0.03333333333333333], [0, 0, 0, 0, 0, 0, 0, 0.04, 0.8, 0.04, 0.04, 0.04, 0.04], [0, 0, 0, 0, 0, 0, 0, 0, 0.05, 0.8, 0.05, 0.05, 0.05], [0, 0, 0, 0, 0, 0, 0, 0, 0, 0.06666666666666667, 0.8, 0.06666666666666667, 0.06666666666666667], [0, 0, 0, 0, 0, 0, 0, 0, 0, 0, 0.1, 0.8, 0.1], [0, 0, 0, 0, 0, 0, 0, 0, 0, 0, 0, 0.2, 0.8], [1, 0, 0, 0, 0, 0, 0, 0, 0, 0, 0, 0, 0]], [[1, 0, 0, 0, 0, 0, 0, 0, 0, 0, 0], [0, 0.003064998673220702, 0.3875148552727952, 0.2303443827776875, 0.0022114345152400273, 0.09681443498987248, 0.0051902376011959015, 0.06876695988937248, 0.14323109660887112, 0.06286159967174451, 0], [0, 0.008072711109538817, 0.33270254693062673, 0.14190842341234455, 0.017073772430187303, 0.05517542554502348, 0.10493391596587358, 0.004075784219349194, 0.10443881060704734, 0.231618609780009, 0], [0, 0.13834969355328142, 0.05391891919007621, 0.10042305241999351, 0.06101394771318135, 0.013768882127349134, 0.01578966406137722, 0.05107372378281395, 0.059231629596694056, 0.5064304875552331, 0], [0, 0.10344639107694185, 0.012059837230169443, 0.24194748152202147, 0.14634450936400456, 0.007304679091798949, 0.10246242536098958, 0.09785415356421362, 0.007271413764246131, 0.2813091090256143, 0], [0, 0.10945182568657144, 0.009669893286454768, 0.14642951786447186, 0.046452271217426525, 0.0014119251352449826, 0.09475861703580633, 0.15807934767446855, 0.13805210285651504, 0.29569449924304053, 0], [0, 0.09788167516825741, 0.10408386491105444, 0.150152144805655, 0.10591983340686212, 0.05143251960254968, 0.15160553894084575, 0.09479161398429786, 0.1044302687031748, 0.13970254047730293, 0], [0, 0.004652336054572875, 0.05909937838706492, 0.06338417640020086, 0.145534664254905, 0.05097233310870082, 0.20055488632174753, 0.18375336952910162, 0.010477753920616145, 0.2815711020230902, 0], [0, 0.2405959223796824, 0.012054183669921847, 0.011710937783239728, 0.1939109203355648, 0.0041597993332551375, 0.09373747164488198, 0.19878139949666213, 0.04860081163089681, 0.19644855372589512, 0], [0, 0.156047503193165, 0.018106491172479797, 0.05216205769298271, 0.36663658332022525, 0.0013207172612546077, 0.10765028094348361, 0.14132390950346102, 0.006676690628465727, 0.15007576628448221, 0], [0, 0.06196633498120305, 0.009480846756982641, 0.012188760118177629, 0.4134994551965804, 0.0971266569004828, 0.06404344620610351, 0.14029649412511203, 0.015899874534268176, 0.18549813118108976, 0], [0, 0.0022994751446289655, 0.016589538019961738, 0.0011184886492074332, 0.3697593322140456, 0.10237090296216816, 0.19682137346556522, 0.05905431658413056, 0.017840999202731318, 0.23414557375756095, 0], [0, 0, 0, 0, 0, 0, 0, 0, 0, 0, 1]], [\'@\', \'a\', \'b\', \'c\', \'d\', \'e\', \'f\', \'g\', \'h\', \'i\', \'$\'])", "([1, 0, 0, 0, 0, 0, 0, 0, 0, 0, 0, 0, 0], [[0, 1, 0, 0, 0, 0, 0, 0, 0, 0, 0, 0, 0], [0, 0.018181818181818184, 0.8, 0.018181818181818184, 0.018181818181818184, 0.018181818181818184, 0.018181818181818184, 0.018181818181818184, 0.018181818181818184, 0.018181818181818184, 0.018181818181818184, 0.018181818181818184, 0.018181818181818184], [0, 0, 0.02, 0.8, 0.02, 0.02, 0.02, 0.02, 0.02, 0.02, 0.02, 0.02, 0.02], [0, 0, 0, 0.022222222222222223, 0.8, 0.022222222222222223, 0.022222222222222223, 0.022222222222222223, 0.022222222222222223, 0.022222222222222223, 0.022222222222222223, 0.022222222222222223, 0.022222222222222223], [0, 0, 0, 0, 0.025, 0.8, 0.025, 0.025, 0.025, 0.025, 0.025, 0.025, 0.025], [0, 0, 0, 0, 0, 0.028571428571428574, 0.8, 0.028571428571428574, 0.028571428571428574, 0.028571428571428574, 0.028571428571428574, 0.028571428571428574, 0.028571428571428574], [0, 0, 0, 0, 0, 0, 0.03333333333333333, 0.8, 0.03333333333333333, 0.03333333333333333, 0.03333333333333333, 0.03333333333333333, 0.03333333333333333], [0, 0, 0, 0, 0, 0, 0, 0.04, 0.8, 0.04, 0.04, 0.04, 0.04], [0, 0, 0, 0, 0, 0, 0, 0, 0.05, 0.8, 0.05, 0.05, 0.05], [0, 0, 0, 0, 0, 0, 0, 0, 0, 0.06666666666666667, 0.8, 0.06666666666666667, 0.06666666666666667], [0, 0, 0, 0, 0, 0, 0, 0, 0, 0, 0.1, 0.8, 0.1], [0, 0, 0, 0, 0, 0, 0, 0, 0, 0, 0, 0.2, 0.8], [1, 0, 0, 0, 0, 0, 0, 0, 0, 0, 0, 0, 0]], [[1, 0, 0, 0, 0, 0, 0, 0, 0, 0, 0], [0, 0.0397138813004565, 0.17933576552932556, 0.32039543740907855, 0.03433756288771354, 0.04021967155217713, 0.1129365939587606, 0.047103454353927696, 0.00891811218901742, 0.21703952081954295, 0], [0, 0.1420246926968315, 0.07369471458129352, 0.3853082914576238, 0.0482985114866151, 0.03570492073072259, 0.1149384457970953, 0.07678428568011175, 0.019004983571559015, 0.10424115399814747, 0], [0, 0.14402463451231634, 0.0706387488536956, 0.31102454937837914, 0.01313701553416851, 0.015551007169818108, 0.25112001670678735, 0.0045909603397893215, 0.044201172088041085, 0.14571189541700455, 0], [0, 0.11926528529922784, 0.00446028325315768, 0.31013425532138744, 0.008301073572584668, 0.013093875098682099, 0.07207868632803467, 0.050034774133623526, 0.14060690947387788, 0.28202485751942413, 0], [0, 0.03689774741552695, 0.036174295583612646, 0.14983539283366248, 0.014827576222557932, 0.044542850797514535, 0.14447204475035, 0.08015009544620683, 0.05249719302412148, 0.44060280392644724, 0], [0, 0.10829351336026007, 0.04881808884307193, 0.04074856290727681, 0.007441746272136487, 0.05724966528334546, 