((11, 4.6), '([u\'AAAAAAAAAAA\', u\'BBBBBBBBBBB\', u\'CCCCCCCCCCC\', u\'DDDDDDDDDDD\', u\'EEEEEEEEEEE\', u\'FFFFFFFFFFF\', u\'GGGGGGGGGGG\', u\'HHHHHHHHHHH\', u\'IIIIIIIIIII\', u\'JJJJJJJJJJJ\', u\'KKKKKKKKKKK\', u\'LLLLLLLLLLL\', u\'MMMMMMMMMMM\', u\'NNNNNNNNNNN\', u\'OOOOOOOOOOO\', u\'PPPPPPPPPPP\', u\'QQQQQQQQQQQ\', u\'RRRRRRRRRRR\', u\'SSSSSSSSSSS\', u\'TTTTTTTTTTT\', u\'UUUUUUUUUUU\', u\'VVVVVVVVVVV\', u\'WWWWWWWWWWW\', u\'XXXXXXXXXXX\', u\'YYYYYYYYYYY\', u\'ZZZZZZZZZZZ\'], ["([1, 0, 0, 0, 0, 0, 0, 0, 0, 0, 0, 0, 0], [[0, 1, 0, 0, 0, 0, 0, 0, 0, 0, 0, 0, 0], [0, 0.018181818181818184, 0.8, 0.018181818181818184, 0.018181818181818184, 0.018181818181818184, 0.018181818181818184, 0.018181818181818184, 0.018181818181818184, 0.018181818181818184, 0.018181818181818184, 0.018181818181818184, 0.018181818181818184], [0, 0, 0.02, 0.8, 0.02, 0.02, 0.02, 0.02, 0.02, 0.02, 0.02, 0.02, 0.02], [0, 0, 0, 0.022222222222222223, 0.8, 0.022222222222222223, 0.022222222222222223, 0.022222222222222223, 0.022222222222222223, 0.022222222222222223, 0.022222222222222223, 0.022222222222222223, 0.022222222222222223], [0, 0, 0, 0, 0.025, 0.8, 0.025, 0.025, 0.025, 0.025, 0.025, 0.025, 0.025], [0, 0, 0, 0, 0, 0.028571428571428574, 0.8, 0.028571428571428574, 0.028571428571428574, 0.028571428571428574, 0.028571428571428574, 0.028571428571428574, 0.028571428571428574], [0, 0, 0, 0, 0, 0, 0.03333333333333333, 0.8, 0.03333333333333333, 0.03333333333333333, 0.03333333333333333, 0.03333333333333333, 0.03333333333333333], [0, 0, 0, 0, 0, 0, 0, 0.04, 0.8, 0.04, 0.04, 0.04, 0.04], [0, 0, 0, 0, 0, 0, 0, 0, 0.05, 0.8, 0.05, 0.05, 0.05], [0, 0, 0, 0, 0, 0, 0, 0, 0, 0.06666666666666667, 0.8, 0.06666666666666667, 0.06666666666666667], [0, 0, 0, 0, 0, 0, 0, 0, 0, 0, 0.1, 0.8, 0.1], [0, 0, 0, 0, 0, 0, 0, 0, 0, 0, 0, 0.2, 0.8], [1, 0, 0, 0, 0, 0, 0, 0, 0, 0, 0, 0, 0]], [[1, 0, 0, 0, 0, 0, 0, 0, 0, 0, 0, 0], [0, 0.01451865249368043, 0.004052583613638348, 0.014947217137772912, 0.032237890995079704, 0.0069780685792412405, 0.1026853990322338, 0.008606552469071884, 0.22755189937306516, 0.5770792088532989, 0.01134252745291763, 0], [0, 0.006846411439265187, 0.008670958538913065, 0.0027960138656805233, 0.034328250149003196, 0.009807483055608402, 0.1960362537039716, 0.009610180719631933, 0.28404010433379473, 0.4298888442446248, 0.017975499949506514, 0], [0, 0.009471460667906276, 0.01392106407513909, 0.0003698532539442341, 0.09881722336156804, 0.013152138845862209, 0.11621210417085871, 0.02936881846563, 0.30931538846319157, 0.3980321093964422, 0.011339839299457696, 0], [0, 0.01123084651507925, 0.013255516536214498, 0.021311530441104298, 0.0895932870534787, 0.0009959201073001514, 0.023581439762578937, 0.01231706925580388, 0.7194189187155404, 0.09940733883529558, 0.008888132777604385, 0], [0, 0.01868993642641822, 0.006952514417516279, 0.00208465330010722, 0.1190547813175168, 0.0026431321270066178, 0.001974911360376653, 0.054863081159167215, 0.7558014319425058, 0.02490857129036325, 0.013026986659021932, 0], [0, 0.009355354246543152, 0.011207724791402137, 0.008800328166903348, 0.03319460210584448, 0.007319763085085719, 0.005782285616992078, 0.04185678195649398, 0.866432335488531, 0.015206541187068013, 0.00084428335513604, 0], [0, 0.012673369412381702, 0.007909413891664727, 0.006007853248287899, 0.04169427066381194, 0.0031460625581825196, 0.02638364908569676, 0.02852267558223984, 0.8366819973606613, 0.034821106921585736, 0.0021596012754875995, 0], [0, 0.0026462588100678894, 0.006836886193850218, 0.025745279820416012, 0.09051968774987307, 0.009025583914472614, 0.05227726507396795, 0.008557289726942816, 0.6302744590459648, 0.17213075668383723, 0.0019865329806075405, 0], [0, 0.007088184046430386, 0.006879353664629096, 0.009134235260469746, 0.02736002096742628, 0.013816079213534187, 0.21987585991356678, 0.03515844453498238, 0.20496574156908026, 0.4652764056830011, 0.0104456751468798, 0], [0, 0.013370572779781415, 0.008652158896762983, 0.012322590666422334, 0.06187097242279302, 0.0013394249989664027, 0.08456698409813913, 0.044402511131857704, 0.35666059381461074, 0.3930106176734794, 0.023803573517186895, 0], [0, 0.00015304944095680445, 0.003544375397478044, 0.016983360360842786, 0.06834780157240952, 0.01389946382017931, 0.07281240904390765, 0.030918000973645807, 0.20107942640009216, 0.5766966463629163, 0.015565466627571647, 0], [0, 0, 0, 0, 0, 0, 0, 0, 0, 0, 0, 1]], [\'@\', \'a\', \'b\', \'c\', \'d\', \'e\', \'f\', \'g\', \'h\', \'i\', \'j\', \'$\'])", "([1, 0, 0, 0, 0, 0, 0, 0, 0, 0, 0, 0, 0], [[0, 1, 0, 0, 0, 0, 0, 0, 0, 0, 0, 0, 0], [0, 0.018181818181818184, 0.8, 0.018181818181818184, 0.018181818181818184, 0.018181818181818184, 0.018181818181818184, 0.018181818181818184, 0.018181818181818184, 0.018181818181818184, 0.018181818181818184, 0.018181818181818184, 0.018181818181818184], [0, 0, 0.02, 0.8, 0.02, 0.02, 0.02, 0.02, 0.02, 0.02, 0.02, 0.02, 0.02], [0, 0, 0, 0.022222222222222223, 0.8, 0.022222222222222223, 0.022222222222222223, 0.022222222222222223, 0.022222222222222223, 0.022222222222222223, 0.022222222222222223, 0.022222222222222223, 0.022222222222222223], [0, 0, 0, 0, 0.025, 0.8, 0.025, 0.025, 0.025, 0.025, 0.025, 0.025, 0.025], [0, 0, 0, 0, 0, 0.028571428571428574, 0.8, 0.028571428571428574, 0.028571428571428574, 0.028571428571428574, 0.028571428571428574, 0.028571428571428574, 0.028571428571428574], [0, 0, 0, 0, 0, 0, 0.03333333333333333, 0.8, 0.03333333333333333, 0.03333333333333333, 0.03333333333333333, 0.03333333333333333, 0.03333333333333333], [0, 0, 0, 0, 0, 0, 0, 0.04, 0.8, 0.04, 0.04, 0.04, 0.04], [0, 0, 0, 0, 0, 0, 0, 0, 0.05, 0.8, 0.05, 0.05, 0.05], [0, 0, 0, 0, 0, 0, 0, 0, 0, 0.06666666666666667, 0.8, 0.06666666666666667, 0.06666666666666667], [0, 0, 0, 0, 0, 0, 0, 0, 0, 0, 0.1, 0.8, 0.1], [0, 0, 0, 0, 0, 0, 0, 0, 0, 0, 0, 0.2, 0.8], [1, 0, 0, 0, 0, 0, 0, 0, 0, 0, 0, 0, 0]], [[1, 0, 0, 0, 0, 0, 0, 0, 0, 0, 0, 0], [0, 0.01679813856454165, 0.02877461435583439, 0.0631562467452887, 0.092269620807932, 0.02249501879463081, 0.15486868638968582, 0.055007788404506264, 0.17417400378750392, 0.3851537738180994, 0.007302108331977058, 0], [0, 0.024068952303368082, 0.028281951930105218, 0.16788607679261863, 0.22861366057537258, 0.007737713307819381, 0.19445641929499022, 0.15426143230088432, 0.11124847751797272, 0.07411514268734593, 0.009330173289522913, 0], [0, 0.009578180735149681, 0.055799798390750076, 0.22017657863384227, 0.1561711844076138, 0.004279075700691663, 0.062243700112095755, 0.42307882169952515, 0.013827199985319907, 0.03888625646302468, 0.01595920387198707, 0], [0, 0.013082678491534626, 0.007741800982629244, 0.09301983641464874, 0.1171141778052301, 0.011654659645498784, 0.02065437747288229, 0.689104606319876, 0.01597462328918642, 0.026929908457959017, 0.004723331120554757, 0], [0, 0.010101487209263, 0.004122286061581337, 0.052346031597695415, 0.017285252858200824, 0.016968085039052245, 0.006037060977250471, 0.8605530478186119, 0.01470853001973766, 0.0022306553290087723, 0.01564756308959838, 0], [0, 0.008146671230144249, 0.007785737032823395, 0.0329822548473801, 0.013743274074285867, 0.0029255897818290205, 0.005343996656089816, 0.8994661598608495, 0.011508595169447348, 0.001647378640304866, 0.016450342706845686, 0], [0, 0.0063043987917669195, 0.00511927910128485, 0.0629892202205562, 0.01578455183983091, 0.009618908447202926, 0.008002693594806416, 0.8418640715139545, 0.03199354164124763, 0.0022458818336419683, 0.016077453015707562, 0], [0, 0.008792836731604638, 0.0092096604409547, 0.08425662032668689, 0.025200286075229904, 0.010511621036787948, 0.0002616538524111014, 0.7479382039100662, 0.09470150790664701, 0.013827622596809018, 0.005299987122802645, 0], [0, 0.0006564454630757804, 0.01386689515840641, 0.13235578834334216, 0.00540165487129595, 0.017664505834627555, 0.006222364106872329, 0.567213072380046, 0.22661311736078, 0.019425729677793047, 0.010580426803760656, 0], [0, 0.015561079568014766, 0.0007445990983688274, 0.11852686459363283, 0.016431804674871698, 0.00217735445396067, 0.014401452571793491, 0.3729091165634905, 0.4319449974074258, 0.015866652469553953, 0.01143607859888743, 0], [0, 0.004426125201150361, 0.016742476877861755, 0.0007701152836410475, 0.15483925234046317, 0.13068443995778875, 0.49014573879957357, 0.019970305437063667, 0.02575963571886964, 0.15096268493924592, 0.005699225444342101, 0], [0, 0, 0, 0, 0, 0, 0, 0, 0, 0, 0, 1]], [\'@\', \'a\', \'b\', \'c\', \'d\', \'e\', \'f\', \'g\', \'h\', \'i\', \'j\', \'$\'])", "([1, 0, 0, 0, 0, 0, 0, 0, 0, 0, 0, 0, 0], [[0, 1, 0, 0, 0, 0, 0, 0, 0, 0, 0, 0, 0], [0, 0.018181818181818184, 0.8, 0.018181818181818184, 0.018181818181818184, 0.018181818181818184, 0.018181818181818184, 0.018181818181818184, 0.018181818181818184, 0.018181818181818184, 0.018181818181818184, 0.018181818181818184, 0.018181818181818184], [0, 0, 0.02, 0.8, 0.02, 0.02, 0.02, 0.02, 0.02, 0.02, 0.02, 0.02, 0.02], [0, 0, 0, 0.022222222222222223, 0.8, 0.022222222222222223, 0.022222222222222223, 0.022222222222222223, 0.022222222222222223, 0.022222222222222223, 0.022222222222222223, 0.022222222222222223, 0.022222222222222223], [0, 0, 0, 0, 0.025, 0.8, 0.025, 0.025, 0.025, 0.025, 0.025, 0.025, 0.025], [0, 0, 0, 0, 0, 0.028571428571428574, 0.8, 0.028571428571428574, 0.028571428571428574, 0.028571428571428574, 0.028571428571428574, 0.028571428571428574, 0.028571428571428574], [0, 0, 0, 0, 0, 0, 0.03333333333333333, 0.8, 0.03333333333333333, 0.03333333333333333, 0.03333333333333333, 0.03333333333333333, 0.03333333333333333], [0, 0, 0, 0, 0, 0, 0, 0.04, 0.8, 0.04, 0.04, 0.04, 0.04], [0, 0, 0, 0, 0, 0, 0, 0, 0.05, 0.8, 0.05, 0.05, 0.05], [0, 0, 0, 0, 0, 0, 0, 0, 0, 0.06666666666666667, 0.8, 0.06666666666666667, 0.06666666666666667], [0, 0, 0, 0, 0, 0, 0, 0, 0, 0, 0.1, 0.8, 0.1], [0, 0, 0, 0, 0, 0, 0, 0, 0, 0, 0, 0.2, 0.8], [1, 0, 0, 0, 0, 0, 0, 0, 0, 0, 0, 0, 0]], [[1, 0, 0, 0, 0, 0, 0, 0, 0, 0, 0, 0], [0, 0.0174926574354075, 0.0021403744487368723, 0.01277510788045931, 0.023073539159497846, 0.0026060904906251257, 0.9047641975304396, 0.0007904043377198795, 0.009786835846257839, 0.012130376732416064, 0.014440416138439912, 0], [0, 0.014984850329511986, 0.015470233410499815, 0.01002081832841613, 0.04791914966460401, 0.000963209000083913, 0.016247678692308837, 0.004300671340746892, 0.873753521770506, 0.007074269038912643, 0.009265598424409903, 0], [0, 0.012777027240418714, 0.012104561278729827, 0.005667133264770862, 0.0009740925477807421, 0.015235757855716136, 0.01618023910897709, 0.0008599397996149487, 0.9014064568600104, 0.032281498332436466, 0.00251329371154483, 0], [0, 0.015409399707729046, 0.0013238894780224118, 0.009708560693751722, 0.002224314461884705, 0.006597619147262261, 0.015523476519374337, 0.0025907411850223665, 0.9089254678322647, 0.03219330099134965, 0.005503229983338916, 0], [0, 0.001584353151720232, 0.00017151620544887092, 0.01718700031622784, 0.016262445738916245, 0.016309047672563654, 0.001647762654922183, 0.01505115135511049, 0.8961780181582665, 0.03225718390594558, 0.0033515208408783684, 0], [0, 0.00024069278628933153, 0.009765218533930378, 0.01562119531693909, 0.006687760195624459, 0.007412584082599434, 0.013561437851710767, 0.012527700402173915, 0.9065282850050875, 0.01866662867791176, 0.00898849714773349, 0], [0, 0.0036410894899395127, 0.012954732701833158, 0.005834521973662229, 0.008044927356163132, 0.017254813027152403, 9.723915453057133e-05, 0.016295048405506544, 0.8796503420806281, 0.04566379084503578, 0.010563494965548589, 0], [0, 0.00011103101840183946, 0.008225303200289375, 0.013431115995602379, 0.011122230234364202, 0.002851990726886157, 0.01523270813736463, 0.015995337176322684, 0.8046997833409346, 0.11399598463978076, 0.014334515530053424, 0], [0, 0.010691741897648342, 0.012413816924073956, 0.01484498820951691, 0.009643701689221268, 0.009534705042899175, 0.00021881214472150098, 0.007436631142721738, 0.6748071566217099, 0.25367528030172404, 0.006733166025763188, 0], [0, 0.010824970501566712, 0.01070140122652163, 0.012671009503269099, 0.013511302349686921, 0.0015715542915998376, 0.01730352778266961, 0.0041461671231879035, 0.5092495479019773, 0.39995057280451357, 0.02006994651500742, 0], [0, 0.0001833908357951987, 0.00946713723179318, 0.008235881472605159, 0.021010190741273003, 0.01452139893639991, 0.009385826398770529, 0.014348737384096826, 0.26334511343068867, 0.6535206785715881, 0.005981644996989494, 0], [0, 0, 0, 0, 0, 0, 0, 0, 0, 0, 0, 1]], [\'@\', \'a\', \'b\', \'c\', \'d\', \'e\', \'f\', \'g\', \'h\', \'i\', \'j\', \'$\'])", "([1, 0, 0, 0, 0, 0, 0, 0, 0, 0, 0, 0, 0], [[0, 1, 0, 0, 0, 0, 0, 0, 0, 0, 0, 0, 0], [0, 0.018181818181818184, 0.8, 0.018181818181818184, 0.018181818181818184, 0.018181818181818184, 0.018181818181818184, 0.018181818181818184, 0.018181818181818184, 0.018181818181818184, 0.018181818181818184, 0.018181818181818184, 0.018181818181818184], [0, 0, 0.02, 0.8, 0.02, 0.02, 0.02, 0.02, 0.02, 0.02, 0.02, 0.02, 0.02], [0, 0, 0, 0.022222222222222223, 0.8, 0.022222222222222223, 0.022222222222222223, 0.022222222222222223, 0.022222222222222223, 0.022222222222222223, 0.022222222222222223, 0.022222222222222223, 0.022222222222222223], [0, 0, 0, 0, 0.025, 0.8, 0.025, 0.025, 0.025, 0.025, 0.025, 0.025, 0.025], [0, 0, 0, 0, 0, 0.028571428571428574, 0.8, 0.028571428571428574, 0.028571428571428574, 0.028571428571428574, 0.028571428571428574, 0.028571428571428574, 0.028571428571428574], [0, 0, 0, 0, 0, 0, 0.03333333333333333, 0.8, 0.03333333333333333, 0.03333333333333333, 0.03333333333333333, 0.03333333333333333, 0.03333333333333333], [0, 0, 0, 0, 0, 0, 0, 0.04, 0.8, 0.04, 0.04, 0.04, 0.04], [0, 0, 0, 0, 0, 0, 0, 0, 0.05, 0.8, 0.05, 0.05, 0.05], [0, 0, 0, 0, 0, 0, 0, 0, 0, 0.06666666666666667, 0.8, 0.06666666666666667, 0.06666666666666667], [0, 0, 0, 0, 0, 0, 0, 0, 0, 0, 0.1, 0.8, 0.1], [0, 0, 0, 0, 0, 0, 0, 0, 0, 0, 0, 0.2, 0.8], [1, 0, 0, 0, 0, 0, 0, 0, 0, 0, 0, 0, 0]], [[1, 0, 0, 0, 0, 0, 0, 0, 0, 0, 0, 0], [0, 0.015055821023428144, 0.043698614080113725, 0.09087483804311337, 0.1861040824598106, 0.010140269161380937, 0.2113229083259029, 0.028840981595622175, 0.11151731434759189, 0.290350685146152, 0.012094485816884142, 0], [0, 0.014097985768367221, 0.07842289791046134, 0.10651114909924304, 0.3463737652941679, 0.01662843052228635, 0.09223506731331069, 0.09098738128693493, 0.15465820217796905, 0.08227056000422685, 0.017814560623032733, 0], [0, 0.009234828027123686, 0.011530984802297424, 0.10749115479460795, 0.17805554422045095, 0.012797536646280467, 0.03514686896660688, 0.10076376934178645, 0.4829202269843732, 0.05819580834196426, 0.0038632778745088196, 0], [0, 0.011279535377692246, 0.0014291032573738507, 0.07164759164701064, 0.07044333682151932, 0.004151213379186485, 0.06696240000660036, 0.040024581984658074, 0.6936417619294384, 0.01961412039387514, 0.020806355202645507, 0], [0, 0.005952184613613051, 0.011908484926284883, 0.021639987991981025, 0.04184252162942126, 0.012156494271510504, 0.009819536353976251, 0.011896245756588224, 0.8311145461112645, 0.046282376177315926, 0.007387622168044375, 0], [0, 0.009494270370386686, 0.012345234525041928, 0.022915524672896648, 0.012502780488631971, 0.007492513585229684, 0.0003747329853913998, 0.008056664171512849, 0.8912729996920703, 0.02157728093201695, 0.013967998576821511, 0], [0, 0.01529076217733531, 0.012832685477837235, 0.00345472084449206, 0.008132853160919624, 0.013300503504951213, 0.004535044399373897, 0.01025536147850259, 0.9075884886553296, 0.019457603783044033, 0.005151976518214444, 0], [0, 0.014587622841492025, 0.004148597902382138, 0.005751368395805139, 0.0005873709296529306, 0.01980929057609482, 0.00330356766740509, 0.005996357893803013, 0.9155071976423433, 0.028891023613136967, 0.0014176025378845173, 0], [0, 0.010874997880934689, 0.012344544082401496, 0.002963352933286653, 0.00949542139974648, 0.012064305444896483, 0.008365976485128985, 0.015419340297369175, 0.9024366822973222, 0.021208790410506443, 0.0048265887684073566, 0], [0, 8.816519880670205e-05, 0.021460945076759545, 0.008281266743051217, 0.04241160675464468, 0.0008540353461609606, 0.018522879097479256, 0.00898546679489211, 0.874079897246742, 0.0011660626636212578, 0.024149675077842242, 0], [0, 0.008548439240072104, 0.011735899329113227, 0.009068419115304037, 0.006517807807054938, 0.0011013656065698137, 0.8983854127771127, 0.015095896639096398, 0.020507554357353727, 0.025692153753767617, 0.003347051374555419, 0], [0, 0, 0, 0, 0, 0, 0, 0, 0, 0, 0, 1]], [\'@\', \'a\', \'b\', \'c\', \'d\', \'e\', \'f\', \'g\', \'h\', \'i\', \'j\', \'$\'])", "([1, 0, 0, 0, 0, 0, 0, 0, 0, 0, 0, 0, 0], [[0, 1, 0, 0, 0, 0, 0, 0, 0, 0, 0, 0, 0], [0, 0.018181818181818184, 0.8, 0.018181818181818184, 0.018181818181818184, 0.018181818181818184, 0.018181818181818184, 0.018181818181818184, 0.018181818181818184, 0.018181818181818184, 0.018181818181818184, 0.018181818181818184, 0.018181818181818184], [0, 0, 0.02, 0.8, 0.02, 0.02, 0.02, 0.02, 0.02, 0.02, 0.02, 0.02, 0.02], [0, 0, 0, 0.022222222222222223, 0.8, 0.022222222222222223, 0.022222222222222223, 0.022222222222222223, 0.022222222222222223, 0.022222222222222223, 0.022222222222222223, 0.022222222222222223, 0.022222222222222223], [0, 0, 0, 0, 0.025, 0.8, 0.025, 0.025, 0.025, 0.025, 0.025, 0.025, 0.025], [0, 0, 0, 0, 0, 0.028571428571428574, 0.8, 0.028571428571428574, 0.028571428571428574, 0.028571428571428574, 0.028571428571428574, 0.028571428571428574, 0.028571428571428574], [0, 0, 0, 0, 0, 0, 0.03333333333333333, 0.8, 0.03333333333333333, 0.03333333333333333, 0.03333333333333333, 0.03333333333333333, 0.03333333333333333], [0, 0, 0, 0, 0, 0, 0, 0.04, 0.8, 0.04, 0.04, 0.04, 0.04], [0, 0, 0, 0, 0, 0, 0, 0, 0.05, 0.8, 0.05, 0.05, 0.05], [0, 0, 0, 0, 0, 0, 0, 0, 0, 0.06666666666666667, 0.8, 0.06666666666666667, 0.06666666666666667], [0, 0, 0, 0, 0, 0, 0, 0, 0, 0, 0.1, 0.8, 0.1], [0, 0, 0, 0, 0, 0, 0, 0, 0, 0, 0, 0.2, 0.8], [1, 0, 0, 0, 0, 0, 0, 0, 0, 0, 0, 0, 0]], [[1, 0, 0, 0, 0, 0, 0, 0, 0, 0, 0, 0], [0, 0.009621772282472399, 0.03813707486276894, 0.054839971953729125, 0.20571968552692496, 0.05510954679462855, 0.4134176775808009, 0.03247772011100676, 0.09831306531891788, 0.07522723697648585, 0.017136248592264765, 0], [0, 0.0007850090587405126, 0.010137709802540217, 0.28865941623619695, 0.2422165613421091, 0.003046939363635063, 0.043929672706411856, 0.3367513546346413, 0.05526450959979693, 0.002446423315704178, 0.01676240394022392, 0], [0, 0.00344659120884386, 0.0066513455490491875, 0.07703461577377833, 0.05961707039422768, 0.0039731620938041005, 0.01998536713333144, 0.7229877968233074, 0.08431596787405835, 0.010857707210849681, 0.011130375938749994, 0], [0, 0.005575993551766049, 0.016310783258085302, 0.009257548454377469, 0.018421182500190095, 0.007578968775506919, 0.012697970239434229, 0.902102173672472, 0.008685061841043064, 0.015577518338898566, 0.003792799368226305, 0], [0, 0.011993137908323095, 0.01719348176783072, 0.011715147765862417, 0.0018306329082655216, 0.01240677866422492, 0.007349458780493412, 0.8950759257229494, 0.023756268260527916, 0.010422388782074028, 0.008256779439448685, 0], [0, 0.006586169018845637, 0.006252356829996861, 0.009522641943587021, 0.008996405156595628, 0.01714072281930445, 0.012731905032021422, 0.9004365165471027, 0.020723458622790663, 0.0037377942233637164, 0.013872029806391994, 0], [0, 0.0018046058430759874, 0.002548052045467291, 0.01377718445599547, 0.015613915148470563, 0.006785123415498214, 0.014370353425601862, 0.8209579588339777, 0.10800362380646585, 0.009112686971253815, 0.0070264960541932256, 0], [0, 0.0031152767636341756, 0.012241397393430059, 0.0005549734084856989, 0.00862336160802052, 0.014640060696931316, 0.01692788112823168, 0.5921952946168373, 0.30045278401217584, 0.04307630250109071, 0.008172667871162774, 0], [0, 0.014393880104832573, 0.003630691488007833, 0.007946967398643198, 0.009961758185314909, 0.013986968335300934, 0.008475322214202365, 0.3767875588765891, 0.44975521226528203, 0.10954039327113772, 0.005521247860689373, 0], [0, 0.016081519080568263, 0.007609953841176816, 0.00023016077973437955, 0.015767969817486818, 0.010106249743662912, 0.009738322802815683, 0.21278184659510543, 0.4380711018893724, 0.28734629424670094, 0.00226658120337633, 0], [0, 0.004372969358123122, 0.0004946766348257541, 0.009146039816944564, 0.008070145454761956, 0.0122657068788011, 0.014587135657020888, 0.05645236968438042, 0.25552445489014064, 0.6343641200610602, 0.004722381563941247, 0], [0, 0, 0, 0, 0, 0, 0, 0, 0, 0, 0, 1]], [\'@\', \'a\', \'b\', \'c\', \'d\', \'e\', \'f\', \'g\', \'h\', \'i\', \'j\', \'$\'])", "([1, 0, 0, 0, 0, 0, 0, 0, 0, 0, 0, 0, 0], [[0, 1, 0, 0, 0, 0, 0, 0, 0, 0, 0, 0, 0], [0, 0.018181818181818184, 0.8, 0.018181818181818184, 0.018181818181818184, 0.018181818181818184, 0.018181818181818184, 0.018181818181818184, 0.018181818181818184, 0.018181818181818184, 0.018181818181818184, 0.018181818181818184, 0.018181818181818184], [0, 0, 0.02, 0.8, 0.02, 0.02, 0.02, 0.02, 0.02, 0.02, 0.02, 0.02, 0.02], [0, 0, 0, 0.022222222222222223, 0.8, 0.022222222222222223, 0.022222222222222223, 0.022222222222222223, 0.022222222222222223, 0.022222222222222223, 0.022222222222222223, 0.022222222222222223, 0.022222222222222223], [0, 0, 0, 0, 0.025, 0.8, 0.025, 0.025, 0.025, 0.025, 0.025, 0.025, 0.025], [0, 0, 0, 0, 0, 0.028571428571428574, 0.8, 0.028571428571428574, 0.028571428571428574, 0.028571428571428574, 0.028571428571428574, 0.028571428571428574, 0.028571428571428574], [0, 0, 0, 0, 0, 0, 0.03333333333333333, 0.8, 0.03333333333333333, 0.03333333333333333, 0.03333333333333333, 0.03333333333333333, 0.03333333333333333], [0, 0, 0, 0, 0, 0, 0, 0.04, 0.8, 0.04, 0.04, 0.04, 0.04], [0, 0, 0, 0, 0, 0, 0, 0, 0.05, 0.8, 0.05, 0.05, 0.05], [0, 0, 0, 0, 0, 0, 0, 0, 0, 0.06666666666666667, 0.8, 0.06666666666666667, 0.06666666666666667], [0, 0, 0, 0, 0, 0, 0, 0, 0, 0, 0.1, 0.8, 0.1], [0, 0, 0, 0, 0, 0, 0, 0, 0, 0, 0, 0.2, 0.8], [1, 0, 0, 0, 0, 0, 0, 0, 0, 0, 0, 0, 0]], [[1, 0, 0, 0, 0, 0, 0, 0, 0, 0, 0, 0], [0, 0.002829768936802553, 0.03640138091052448, 0.06402926751897438, 0.15198945084466284, 0.03311030856546955, 0.3085692397498699, 0.0629809264585888, 0.13966136628398262, 0.1976117879888612, 0.002816502742263634, 0], [0, 0.008601465486381884, 0.045402518134391355, 0.13649134053504758, 0.2587192911700246, 0.020347627208888167, 0.17366815437227787, 0.10143188952461081, 0.1546738517661157, 0.09079061351868653, 0.009873248283575489, 0], [0, 0.006367047725693378, 0.007140161682828839, 0.07210275447271386, 0.18429075682123522, 0.002889149810438324, 0.04846046561120771, 0.05681218311795818, 0.5465284492469651, 0.05959069579752307, 0.015818335713436302, 0], [0, 0.0029299668173999247, 0.003657451063925392, 0.09156195460248474, 0.006610439967590433, 0.010706681391107135, 0.0193114245227143, 0.025616819949450708, 0.801940340829689, 0.01546120134273099, 0.0222037195129073, 0], [0, 0.013429539748592656, 0.009320151699602996, 0.007445465287817257, 0.006531545240454826, 0.005786838523702811, 0.003033927850080545, 0.06681605067315177, 0.8656970379900022, 3.25134754874973e-05, 0.021906929511107488, 0], [0, 0.011714230741130035, 0.012721416795863232, 0.02262094646923077, 0.012137486027630802, 0.007837083510275683, 0.004440372405805448, 0.009998917966136743, 0.9046841671944358, 0.009155062651681851, 0.004690316237809749, 0], [0, 0.011355066856925113, 0.011759956949900447, 0.019581577350244364, 0.0010231452394528285, 0.006039930233107542, 0.013303148642819392, 0.013879680035082899, 0.9052490075530364, 0.0021587833942726745, 0.015649703745158467, 0], [0, 0.00719786888972379, 0.0059591527224477055, 0.003956059467104838, 0.01406539940544206, 0.011496389086757345, 0.015181611783880989, 0.018484881609224898, 0.8601454175755392, 0.055460121090559034, 0.008053098369320222, 0], [0, 0.015006794863774963, 0.013024137536823435, 0.005578327358694549, 0.006016974074620726, 0.008607621179062153, 0.010753833507946469, 0.008437741149409475, 0.8077739190629721, 0.11789438071871478, 0.0069062705479812775, 0], [0, 0.019932725056449982, 0.00867016128901243, 0.0026312947440868682, 0.011019505709302978, 0.011315037502840885, 0.005725588798732955, 0.008589810205232468, 0.5294917947009629, 0.3837647943408689, 0.01885928765250972, 0], [0, 0.017303225137558987, 0.01509281390519304, 0.001966959534902323, 0.001999865493783978, 0.007062947598605911, 0.0024033487538757154, 0.014931468629581555, 0.26289431121029294, 0.6548008036772701, 0.021544256058935368, 0], [0, 0, 0, 0, 0, 0, 0, 0, 0, 0, 0, 1]], [\'@\', \'a\', \'b\', \'c\', \'d\', \'e\', \'f\', \'g\', \'h\', \'i\', \'j\', \'$\'])", "([1, 0, 0, 0, 0, 0, 0, 0, 0, 0, 0, 0, 0], [[0, 1, 0, 0, 0, 0, 0, 0, 0, 0, 0, 0, 0], [0, 0.018181818181818184, 0.8, 0.018181818181818184, 0.018181818181818184, 0.018181818181818184, 0.018181818181818184, 0.018181818181818184, 0.018181818181818184, 0.018181818181818184, 0.018181818181818184, 0.018181818181818184, 0.018181818181818184], [0, 0, 0.02, 0.8, 0.02, 0.02, 0.02, 0.02, 0.02, 0.02, 0.02, 0.02, 0.02], [0, 0, 0, 0.022222222222222223, 0.8, 0.022222222222222223, 0.022222222222222223, 0.022222222222222223, 0.022222222222222223, 0.022222222222222223, 0.022222222222222223, 0.022222222222222223, 0.022222222222222223], [0, 0, 0, 0, 0.025, 0.8, 0.025, 0.025, 0.025, 0.025, 0.025, 0.025, 0.025], [0, 0, 0, 0, 0, 0.028571428571428574, 0.8, 0.028571428571428574, 0.028571428571428574, 0.028571428571428574, 0.028571428571428574, 0.028571428571428574, 0.028571428571428574], [0, 0, 0, 0, 0, 0, 0.03333333333333333, 0.8, 0.03333333333333333, 0.03333333333333333, 0.03333333333333333, 0.03333333333333333, 0.03333333333333333], [0, 0, 0, 0, 0, 0, 0, 0.04, 0.8, 0.04, 0.04, 0.04, 0.04], [0, 0, 0, 0, 0, 0, 0, 0, 0.05, 0.8, 0.05, 0.05, 0.05], [0, 0, 0, 0, 0, 0, 0, 0, 0, 0.06666666666666667, 0.8, 0.06666666666666667, 0.06666666666666667], [0, 0, 0, 0, 0, 0, 0, 0, 0, 0, 0.1, 0.8, 0.1], [0, 0, 0, 0, 0, 0, 0, 0, 0, 0, 0, 0.2, 0.8], [1, 0, 0, 0, 0, 0, 0, 0, 0, 0, 0, 0, 0]], [[1, 0, 0, 0, 0, 0, 0, 0, 0, 0, 0, 0], [0, 0.017718964961979312, 0.010931789506554762, 0.016739966128802592, 0.007696591016534669, 0.0020120922440918475, 0.9184800960408948, 0.0006288275899610308, 0.0016778892506221412, 0.010875440194286828, 0.013238343066272168, 0], [0, 0.012891786537193436, 0.012225323428719171, 0.005030664356641676, 0.003780871831686983, 0.008153805771347554, 0.012190421351568158, 0.003517773814215812, 0.9159242184373408, 0.023208348352215788, 0.003076786119070583, 0], [0, 0.003619001093697971, 0.016261432283458638, 0.010620732790847904, 0.0058829465978110776, 0.015464506580110138, 0.007487871987020473, 0.031343421024610095, 0.8835227789663264, 0.023384685034220077, 0.0024126236418972507, 0], [0, 0.011896841767672807, 0.014510821620089175, 0.008373971389137666, 0.012053801401707306, 0.007273439090460191, 0.0006358392156851676, 0.12935039816912838, 0.7890214767401789, 0.013047899989292401, 0.013835510616647926, 0], [0, 0.003196290413320568, 0.0037052248326717007, 0.0058152554970002076, 0.0113186122552261, 0.016067607736126952, 0.008735351618396767, 0.44399636652923913, 0.47992036231285223, 0.015795120464645485, 0.011449808340520753, 0], [0, 0.009900048316605998, 0.010481790208647222, 0.01673981413922759, 0.009319124778494918, 0.005519962875495373, 0.004418236040728958, 0.7698380172161876, 0.15611203594704018, 0.006233861183595043, 0.011437109293977085, 0], [0, 0.01798436929130696, 0.00532114883954048, 0.010024934314315124, 0.0016393130777887638, 0.00848284921278823, 0.01452265599737325, 0.8972111420182407, 0.025213450431986556, 0.005554989604968111, 0.014045147211691875, 0], [0, 7.108568901436181e-05, 0.01321583076957782, 0.024163346585838266, 0.03014128008066244, 0.015252331506095913, 0.003349143646388043, 0.8322868274479337, 0.06147880822012283, 0.009771324068902895, 0.010270021985463758, 0], [0, 0.0038314101612406844, 0.00011313873775049313, 0.04289601965213875, 0.042428233035564006, 0.00863207088983707, 0.010221964787085841, 0.6663481401069089, 0.1942235064284322, 0.017196541077852456, 0.014108975123189428, 0], [0, 0.014382891984758468, 0.026820750031238003, 0.041334121757228025, 0.10419873916431217, 0.0007546100765005119, 0.03917994228577725, 0.4336153594851959, 0.27748599981604694, 0.04899169475668738, 0.013235890642255329, 0], [0, 0.0066921732707096145, 0.006415180976055356, 0.014819190673657272, 0.13372386479953488, 0.002307686780155733, 0.3353333589177187, 0.028108551355048545, 0.18217732267554543, 0.29038168786443214, 4.098268714221434e-05, 0], [0, 0, 0, 0, 0, 0, 0, 0, 0, 0, 0, 1]], [\'@\', \'a\', \'b\', \'c\', \'d\', \'e\', \'f\', \'g\', \'h\', \'i\', \'j\', \'$\'])", "([1, 0, 0, 0, 0, 0, 0, 0, 0, 0, 0, 0, 0], [[0, 1, 0, 0, 0, 0, 0, 0, 0, 0, 0, 0, 0], [0, 0.018181818181818184, 0.8, 0.018181818181818184, 0.018181818181818184, 0.018181818181818184, 0.018181818181818184, 0.018181818181818184, 0.018181818181818184, 0.018181818181818184, 0.018181818181818184, 0.018181818181818184, 0.018181818181818184], [0, 0, 0.02, 0.8, 0.02, 0.02, 0.02, 0.02, 0.02, 0.02, 0.02, 0.02, 0.02], [0, 0, 0, 0.022222222222222223, 0.8, 0.022222222222222223, 0.022222222222222223, 0.022222222222222223, 0.022222222222222223, 0.022222222222222223, 0.022222222222222223, 0.022222222222222223, 0.022222222222222223], [0, 0, 0, 0, 0.025, 0.8, 0.025, 0.025, 0.025, 0.025, 0.025, 0.025, 0.025], [0, 0, 0, 0, 0, 0.028571428571428574, 0.8, 0.028571428571428574, 0.028571428571428574, 0.028571428571428574, 0.028571428571428574, 0.028571428571428574, 0.028571428571428574], [0, 0, 0, 0, 0, 0, 0.03333333333333333, 0.8, 0.03333333333333333, 0.03333333333333333, 0.03333333333333333, 0.03333333333333333, 0.03333333333333333], [0, 0, 0, 0, 0, 0, 0, 0.04, 0.8, 0.04, 0.04, 0.04, 0.04], [0, 0, 0, 0, 0, 0, 0, 0, 0.05, 0.8, 0.05, 0.05, 0.05], [0, 0, 0, 0, 0, 0, 0, 0, 0, 0.06666666666666667, 0.8, 0.06666666666666667, 0.06666666666666667], [0, 0, 0, 0, 0, 0, 0, 0, 0, 0, 0.1, 0.8, 0.1], [0, 0, 0, 0, 0, 0, 0, 0, 0, 0, 0, 0.2, 0.8], [1, 0, 0, 0, 0, 0, 0, 0, 0, 0, 0, 0, 0]], [[1, 0, 0, 0, 0, 0, 0, 0, 0, 0, 0, 0], [0, 0.0064071039364883686, 0.017935978433853965, 0.03532978781440091, 0.1650908805092577, 0.015223162095657211, 0.49538305845134983, 0.017527388639901893, 0.03779179831704013, 0.19814030797637155, 0.01117053382567844, 0], [0, 0.013479159852148667, 0.01017419507984448, 0.0014596540833783065, 0.10086101409376795, 0.014311677908748807, 0.2503686588034572, 0.07481644283467802, 0.2281782588503206, 0.2867419873773841, 0.01960895111627194, 0], [0, 0.009286402144219304, 0.000850596191525947, 0.0007695786132144964, 0.0586222543178711, 0.022842058605435728, 0.0761042618874452, 0.023111706666311654, 0.12918887661170275, 0.6668162081059648, 0.01240805685630907, 0], [0, 0.00795494509894471, 0.009260215259399561, 0.005911478080922998, 0.03219367352104577, 0.005535849516391048, 0.022855282409340996, 0.017604353324645612, 0.10036551736752858, 0.7880885924338628, 0.010230092987917917, 0], [0, 0.012079012193869766, 0.004265072798181136, 0.012145123464128244, 0.006656687402865707, 0.012793543371883525, 0.00775082624556458, 0.01425784781496723, 0.03223306790510455, 0.8870675100442417, 0.010751308759193601, 0], [0, 0.01681380816246279, 0.007172400367454942, 0.003324197077321097, 0.009016338900713607, 0.007825109259442256, 0.0019699978147286615, 0.012541970482588769, 0.020880608201815684, 0.9050850894266298, 0.015370480306842483, 0], [0, 0.01791598617043531, 0.013572491018999266, 0.01191484176014899, 0.012930546972400888, 0.0007006820884218888, 0.0010077829196174684, 0.016797584068374595, 0.058821974761803786, 0.857657797315897, 0.00868031292390077, 0], [0, 0.018703210442519172, 0.0016903500116016348, 0.010560262713091587, 0.0409205402180433, 0.004063728722514742, 0.041221849774417244, 0.0456471193691276, 0.2236854857697351, 0.5928956576809745, 0.020611795297975063, 0], [0, 0.005339011139396271, 0.021100790175680676, 0.02198849157009518, 0.15889733190681277, 0.007827442515207596, 0.1465587967607557, 0.022144871648628606, 0.2430776798257212, 0.35724232549599905, 0.01582325896170307, 0], [0, 0.012163767631754287, 0.005612822318429922, 0.025459806650852474, 0.09585488399386916, 0.027337789626888147, 0.30639268289592975, 0.04357941742959978, 0.2025315626600634, 0.2664492070670776, 0.014618059725535471, 0], [0, 0.017167585967403542, 0.007959651987780095, 0.015490984810196437, 0.11376506275822429, 0.013046914315033756, 0.43445901626038935, 0.00945400687359123, 0.08217913190855179, 0.2967807802466925, 0.009696864872136907, 0], [0, 0, 0, 0, 0, 0, 0, 0, 0, 0, 0, 1]], [\'@\', \'a\', \'b\', \'c\', \'d\', \'e\', \'f\', \'g\', \'h\', \'i\', \'j\', \'$\'])", "([1, 0, 0, 0, 0, 0, 0, 0, 0, 0, 0, 0, 0], [[0, 1, 0, 0, 0, 0, 0, 0, 0, 0, 0, 0, 0], [0, 0.018181818181818184, 0.8, 0.018181818181818184, 0.018181818181818184, 0.018181818181818184, 0.018181818181818184, 0.018181818181818184, 0.018181818181818184, 0.018181818181818184, 0.018181818181818184, 0.018181818181818184, 0.018181818181818184], [0, 0, 0.02, 0.8, 0.02, 0.02, 0.02, 0.02, 0.02, 0.02, 0.02, 0.02, 0.02], [0, 0, 0, 0.022222222222222223, 0.8, 0.022222222222222223, 0.022222222222222223, 0.022222222222222223, 0.022222222222222223, 0.022222222222222223, 0.022222222222222223, 0.022222222222222223, 0.022222222222222223], [0, 0, 0, 0, 0.025, 0.8, 0.025, 0.025, 0.025, 0.025, 0.025, 0.025, 0.025], [0, 0, 0, 0, 0, 0.028571428571428574, 0.8, 0.028571428571428574, 0.028571428571428574, 0.028571428571428574, 0.028571428571428574, 0.028571428571428574, 0.028571428571428574], [0, 0, 0, 0, 0, 0, 0.03333333333333333, 0.8, 0.03333333333333333, 0.03333333333333333, 0.03333333333333333, 0.03333333333333333, 0.03333333333333333], [0, 0, 0, 0, 0, 0, 0, 0.04, 0.8, 0.04, 0.04, 0.04, 0.04], [0, 0, 0, 0, 0, 0, 0, 0, 0.05, 0.8, 0.05, 0.05, 0.05], [0, 0, 0, 0, 0, 0, 0, 0, 0, 0.06666666666666667, 0.8, 0.06666666666666667, 0.06666666666666667], [0, 0, 0, 0, 0, 0, 0, 0, 0, 0, 0.1, 0.8, 0.1], [0, 0, 0, 0, 0, 0, 0, 0, 0, 0, 0, 0.2, 0.8], [1, 0, 0, 0, 0, 0, 0, 0, 0, 0, 0, 0, 0]], [[1, 0, 0, 0, 0, 0, 0, 0, 0, 0, 0, 0], [0, 0.029505351024511062, 0.012462030948932898, 0.005471426329395569, 0.06962640395700437, 0.040508788706891063, 0.4044951061692723, 0.004387886094384602, 0.08264040350008095, 0.342492894962361, 0.008409708307166247, 0], [0, 0.010891281141459286, 0.03137727499438429, 0.014114198783660829, 0.09155854446831418, 0.06056368952666856, 0.3803730097523948, 0.01348922213404081, 0.1267358836173173, 0.26991707056130465, 0.000979825020455307, 0], [0, 0.024696138527115167, 0.040500737034522456, 0.05481140808648569, 0.09437971439097892, 0.06501914493236254, 0.35959102258693615, 0.016628270973677948, 0.1694038111867151, 0.15683792973466526, 0.01813182254654093, 0], [0, 0.05001576013634286, 0.08448491004662287, 0.060586916520405265, 0.15587659324311495, 0.10679660015735452, 0.3000598030327984, 0.02742908775617385, 0.12104295868619874, 0.07642563705759374, 0.01728173336339471, 0], [0, 0.019873997810398093, 0.0728424774654187, 0.13015446988707238, 0.26350636394105, 0.0974665522851424, 0.22931956543705947, 0.036918810432765625, 0.0658231984720227, 0.07422527968188473, 0.009869284587185908, 0], [0, 0.041987773243740194, 0.05480490979139008, 0.12917719584495851, 0.1651427390613749, 0.10006187227750084, 0.2840145883519166, 0.06546158610821183, 0.07297635909980169, 0.06607744519239683, 0.020295531028708423, 0], [0, 0.05750325031492959, 0.05015227927633999, 0.0914896695643529, 0.11555509448080319, 0.10123013587984972, 0.19738223356434734, 0.09163746971832151, 0.1339472475862854, 0.13975302890304245, 0.02134959071172793, 0], [0, 0.038620479685659063, 0.03976016548423959, 0.092207318808348, 0.050660073834810665, 0.11468428836948273, 0.20023639259491327, 0.026489395997072375, 0.24373584391207342, 0.18178004192614167, 0.01182599938725917, 0], [0, 0.024076206751546723, 0.02255551878537511, 0.05138624721984489, 0.042451346470028975, 0.061260918300778594, 0.26279631688914046, 0.022889716401523444, 0.2514021548113554, 0.24866018826723887, 0.012521386103167494, 0], [0, 0.016539027100921252, 0.017315681461156078, 0.026692063687764285, 0.045139097690856056, 0.057006716668415836, 0.2769912626227091, 0.025317357231510948, 0.20642012896769346, 0.32304693548441965, 0.005531729084553222, 0], [0, 0.015867839567905436, 0.012237947289067706, 0.027140420213543955, 0.03376613169329662, 0.05508638812299536, 0.2495208692375556, 0.0221036274608238, 0.15857612109901673, 0.41173708615930565, 0.013963569156489143, 0], [0, 0, 0, 0, 0, 0, 0, 0, 0, 0, 0, 1]], [\'@\', \'a\', \'b\', \'c\', \'d\', \'e\', \'f\', \'g\', \'h\', \'i\', \'j\', \'$\'])", "([1, 0, 0, 0, 0, 0, 0, 0, 0, 0, 0, 0, 0], [[0, 1, 0, 0, 0, 0, 0, 0, 0, 0, 0, 0, 0], [0, 0.018181818181818184, 0.8, 0.018181818181818184, 0.018181818181818184, 0.018181818181818184, 0.018181818181818184, 0.018181818181818184, 0.018181818181818184, 0.018181818181818184, 0.018181818181818184, 0.018181818181818184, 0.018181818181818184], [0, 0, 0.02, 0.8, 0.02, 0.02, 0.02, 0.02, 0.02, 0.02, 0.02, 0.02, 0.02], [0, 0, 0, 0.022222222222222223, 0.8, 0.022222222222222223, 0.022222222222222223, 0.022222222222222223, 0.022222222222222223, 0.022222222222222223, 0.022222222222222223, 0.022222222222222223, 0.022222222222222223], [0, 0, 0, 0, 0.025, 0.8, 0.025, 0.025, 0.025, 0.025, 0.025, 0.025, 0.025], [0, 0, 0, 0, 0, 0.028571428571428574, 0.8, 0.028571428571428574, 0.028571428571428574, 0.028571428571428574, 0.028571428571428574, 0.028571428571428574, 0.028571428571428574], [0, 0, 0, 0, 0, 0, 0.03333333333333333, 0.8, 0.03333333333333333, 0.03333333333333333, 0.03333333333333333, 0.03333333333333333, 0.03333333333333333], [0, 0, 0, 0, 0, 0, 0, 0.04, 0.8, 0.04, 0.04, 0.04, 0.04], [0, 0, 0, 0, 0, 0, 0, 0, 0.05, 0.8, 0.05, 0.05, 0.05], [0, 0, 0, 0, 0, 0, 0, 0, 0, 0.06666666666666667, 0.8, 0.06666666666666667, 0.06666666666666667], [0, 0, 0, 0, 0, 0, 0, 0, 0, 0, 0.1, 0.8, 0.1], [0, 0, 0, 0, 0, 0, 0, 0, 0, 0, 0, 0.2, 0.8], [1, 0, 0, 0, 0, 0, 0, 0, 0, 0, 0, 0, 0]], [[1, 0, 0, 0, 0, 0, 0, 0, 0, 0, 0, 0], [0, 0.004811184372735485, 0.013824678793578217, 0.01670935998498046, 0.0014710805662432695, 0.007141670054918242, 0.26173935401982257, 0.0014013273069197446, 0.01904140541076429, 0.6612672899026316, 0.01259264958740628, 0], [0, 0.010023539088775233, 0.0205319200453933, 0.003212436558170481, 0.008205801552383056, 0.005450491544216825, 5.60080539391474e-05, 0.0029823971654848636, 0.09172810294004267, 0.8567852327595906, 0.001024070292003683, 0], [0, 0.014391522457284901, 0.014917807666361058, 0.0054056063498706996, 0.000129773358166734, 0.01302817629891735, 0.009014656472319478, 0.003627646192108304, 0.014761813449027567, 0.9127612596527659, 0.011961738103178148, 0], [0, 0.01357181555101984, 0.010318346923887221, 0.013715922782328178, 0.007379505954421828, 0.01292147286242868, 0.00458140230779653, 0.012992094530940997, 0.0012212519998810224, 0.9112579432454411, 0.012040243841854661, 0], [0, 0.0037942940153767746, 0.007849784658612007, 0.015728333883677743, 0.010804174648646985, 0.0024214102981406026, 0.015539811445533734, 0.003756711260550889, 0.014045983435916587, 0.9036615878426985, 0.022397908510846325, 0], [0, 0.005931778907733993, 0.014534366691757818, 0.009166796411787232, 0.01702320605979833, 8.74039487746811e-05, 0.0007523075523888127, 0.003103599660569966, 0.04622774364592015, 0.8637631351725105, 0.03940966194875856, 0], [0, 0.014909639454572582, 0.00622437654913116, 0.009732403471945079, 0.01862592480634351, 0.005789628467167555, 0.0004087921155695752, 0.020393109771958684, 0.061102970324840813, 0.8525116237189156, 0.010301531319555492, 0], [0, 0.01073044281669125, 0.0024462091208294415, 0.01197552484950833, 0.04502316362514792, 0.0010665300017904337, 0.010415940757628719, 0.022702838557147328, 0.17747363284446532, 0.6982918016773277, 0.01987391574946346, 0], [0, 0.006317084529629969, 0.0014704373538223145, 0.009770636139661205, 0.1759996665082905, 0.01645233407512924, 0.03489983335805264, 0.013528488912213312, 0.2872084576225482, 0.45358823140630006, 0.0007648300943525815, 0], [0, 0.015253772494414881, 0.0028293103150823927, 0.02449938484721218, 0.4558276092532269, 0.029392775855238956, 0.07090750917590369, 0.024853552877298343, 0.2692525635120492, 0.1014