((11, 3.8), '([\'AAAAAAAAAAA\', \'BBBBBBBBBBB\', \'CCCCCCCCCCC\', \'DDDDDDDDDDD\', \'EEEEEEEEEEE\', \'FFFFFFFFFFF\', \'GGGGGGGGGGG\', \'HHHHHHHHHHH\', \'IIIIIIIIIII\', \'JJJJJJJJJJJ\', \'KKKKKKKKKKK\', \'LLLLLLLLLLL\', \'MMMMMMMMMMM\', \'NNNNNNNNNNN\', \'OOOOOOOOOOO\', \'PPPPPPPPPPP\', \'QQQQQQQQQQQ\', \'RRRRRRRRRRR\', \'SSSSSSSSSSS\', \'TTTTTTTTTTT\', \'UUUUUUUUUUU\', \'VVVVVVVVVVV\', \'WWWWWWWWWWW\', \'XXXXXXXXXXX\', \'YYYYYYYYYYY\', \'ZZZZZZZZZZZ\'], ["([1, 0, 0, 0, 0, 0, 0, 0, 0, 0, 0, 0, 0], [[0, 1, 0, 0, 0, 0, 0, 0, 0, 0, 0, 0, 0], [0, 0.018181818181818184, 0.8, 0.018181818181818184, 0.018181818181818184, 0.018181818181818184, 0.018181818181818184, 0.018181818181818184, 0.018181818181818184, 0.018181818181818184, 0.018181818181818184, 0.018181818181818184, 0.018181818181818184], [0, 0, 0.02, 0.8, 0.02, 0.02, 0.02, 0.02, 0.02, 0.02, 0.02, 0.02, 0.02], [0, 0, 0, 0.022222222222222223, 0.8, 0.022222222222222223, 0.022222222222222223, 0.022222222222222223, 0.022222222222222223, 0.022222222222222223, 0.022222222222222223, 0.022222222222222223, 0.022222222222222223], [0, 0, 0, 0, 0.025, 0.8, 0.025, 0.025, 0.025, 0.025, 0.025, 0.025, 0.025], [0, 0, 0, 0, 0, 0.028571428571428574, 0.8, 0.028571428571428574, 0.028571428571428574, 0.028571428571428574, 0.028571428571428574, 0.028571428571428574, 0.028571428571428574], [0, 0, 0, 0, 0, 0, 0.03333333333333333, 0.8, 0.03333333333333333, 0.03333333333333333, 0.03333333333333333, 0.03333333333333333, 0.03333333333333333], [0, 0, 0, 0, 0, 0, 0, 0.04, 0.8, 0.04, 0.04, 0.04, 0.04], [0, 0, 0, 0, 0, 0, 0, 0, 0.05, 0.8, 0.05, 0.05, 0.05], [0, 0, 0, 0, 0, 0, 0, 0, 0, 0.06666666666666667, 0.8, 0.06666666666666667, 0.06666666666666667], [0, 0, 0, 0, 0, 0, 0, 0, 0, 0, 0.1, 0.8, 0.1], [0, 0, 0, 0, 0, 0, 0, 0, 0, 0, 0, 0.2, 0.8], [1, 0, 0, 0, 0, 0, 0, 0, 0, 0, 0, 0, 0]], [[1, 0, 0, 0, 0, 0, 0, 0, 0, 0, 0, 0], [0, 0.013823478557931295, 0.006398679401261731, 0.0144506496850993, 0.016255531999952774, 0.004828739649806802, 0.0027199236167214655, 0.5154702984151428, 0.2732030624517633, 0.14700260844010835, 0.005847027782212214, 0], [0, 0.0001284439840014493, 0.0031799145627492797, 0.013386937036935928, 0.020107294805831268, 0.018275090382901375, 0.004971093486091311, 0.6972133785596117, 0.17298940305864702, 0.05102942768712649, 0.01871901643610419, 0], [0, 0.008248654090264037, 0.009883746270005725, 0.005146716229641096, 0.010149351519662767, 0.006749240673102819, 0.005931637998605898, 0.7430914755396619, 0.1712729336609904, 0.036985722357378986, 0.0025405216606862345, 0], [0, 0.01022795097301327, 0.012452257570067307, 0.013385467960629002, 0.0007630084065193169, 0.004552939625119157, 0.014992703742873386, 0.7979781218959974, 0.1287832881307511, 0.00900278886855717, 0.007861472826472926, 0], [0, 0.013898165794721156, 0.0034791757394703185, 0.017101995763067288, 0.006304721784277953, 0.008317321557620471, 0.0020189082823237753, 0.8311175855504392, 0.0985294379107375, 0.0061876287247437465, 0.013045058892598485, 0], [0, 0.003449931098595775, 0.014345328527388497, 0.012891314551060554, 0.014510244970416033, 0.006853531516735552, 0.014010403694334074, 0.7972027999136478, 0.12024465299449676, 0.0072729415447688826, 0.009218851188556077, 0], [0, 0.0167605784658918, 0.0010589504411413003, 0.003910764657445341, 0.013733473417965134, 0.013875559368039808, 0.010032823370814362, 0.8306814025935748, 0.09276811429811413, 0.011576060950760183, 0.00560227243625307, 0], [0, 0.012054428719996159, 0.00484165240617624, 0.013995253487947374, 0.008623959569425252, 0.006763340508101911, 0.011382710497721205, 0.7984879501358224, 0.12778658409889254, 0.010366583417347804, 0.005697537158569008, 0], [0, 0.002958342421449926, 0.0046719778894738955, 0.004700496664272547, 0.015546924319944677, 0.005227549579564006, 0.003222712866649142, 0.7396639947580878, 0.1619577716749956, 0.0580181363641743, 0.004032093461388098, 0], [0, 0.012752998078643238, 0.0071982424684877006, 0.009291944834869021, 0.013107587266770563, 0.013880523529341795, 0.0032671660485717605, 0.7330307789455591, 0.13817489941169506, 0.05942431090939244, 0.009871548506669183, 0], [0, 0.008746259020906413, 0.006139582377167832, 0.0028943345602830857, 0.01216139114357534, 0.014911007616205217, 0.007930418301052742, 0.6087217615083649, 0.201532410931932, 0.12583777599044696, 0.011125058550065427, 0], [0, 0, 0, 0, 0, 0, 0, 0, 0, 0, 0, 1]], [\'@\', \'a\', \'b\', \'c\', \'d\', \'e\', \'f\', \'g\', \'h\', \'i\', \'j\', \'$\'])", "([1, 0, 0, 0, 0, 0, 0, 0, 0, 0, 0, 0, 0], [[0, 1, 0, 0, 0, 0, 0, 0, 0, 0, 0, 0, 0], [0, 0.018181818181818184, 0.8, 0.018181818181818184, 0.018181818181818184, 0.018181818181818184, 0.018181818181818184, 0.018181818181818184, 0.018181818181818184, 0.018181818181818184, 0.018181818181818184, 0.018181818181818184, 0.018181818181818184], [0, 0, 0.02, 0.8, 0.02, 0.02, 0.02, 0.02, 0.02, 0.02, 0.02, 0.02, 0.02], [0, 0, 0, 0.022222222222222223, 0.8, 0.022222222222222223, 0.022222222222222223, 0.022222222222222223, 0.022222222222222223, 0.022222222222222223, 0.022222222222222223, 0.022222222222222223, 0.022222222222222223], [0, 0, 0, 0, 0.025, 0.8, 0.025, 0.025, 0.025, 0.025, 0.025, 0.025, 0.025], [0, 0, 0, 0, 0, 0.028571428571428574, 0.8, 0.028571428571428574, 0.028571428571428574, 0.028571428571428574, 0.028571428571428574, 0.028571428571428574, 0.028571428571428574], [0, 0, 0, 0, 0, 0, 0.03333333333333333, 0.8, 0.03333333333333333, 0.03333333333333333, 0.03333333333333333, 0.03333333333333333, 0.03333333333333333], [0, 0, 0, 0, 0, 0, 0, 0.04, 0.8, 0.04, 0.04, 0.04, 0.04], [0, 0, 0, 0, 0, 0, 0, 0, 0.05, 0.8, 0.05, 0.05, 0.05], [0, 0, 0, 0, 0, 0, 0, 0, 0, 0.06666666666666667, 0.8, 0.06666666666666667, 0.06666666666666667], [0, 0, 0, 0, 0, 0, 0, 0, 0, 0, 0.1, 0.8, 0.1], [0, 0, 0, 0, 0, 0, 0, 0, 0, 0, 0, 0.2, 0.8], [1, 0, 0, 0, 0, 0, 0, 0, 0, 0, 0, 0, 0]], [[1, 0, 0, 0, 0, 0, 0, 0, 0, 0, 0, 0], [0, 6.516015400283923e-05, 0.01462401205622019, 0.04073479661263402, 0.005662672480741827, 0.011328777053497044, 0.027294243860700725, 0.5920844016874975, 0.21004108699192905, 0.08784913841557797, 0.010315710687198809, 0], [0, 0.007529547656823053, 0.01573831677699803, 0.07888498419671952, 0.046316447538477926, 0.0026227539643722563, 0.018897535287146782, 0.6885446679541808, 0.10373527822115979, 0.02107639621908224, 0.01665407218503953, 0], [0, 0.011971864353765469, 0.015885844777224465, 0.01921809238979711, 0.021707815959548696, 0.010201879692412907, 0.029157734203170256, 0.8073509922153913, 0.05894981134831815, 0.010878226973191744, 0.0146777380871799, 0], [0, 0.007363865622328157, 0.004529894013469154, 0.05116703632748119, 0.00195539389658506, 0.009028728450031644, 0.0024919405478705395, 0.8623283393928344, 0.035938404136538885, 0.0053763181193858135, 0.01982007949347502, 0], [0, 0.006754906407450025, 0.010327838077049005, 0.00945355748681752, 0.008811917901306582, 0.016362316359701274, 0.01579218212801056, 0.8945260990584546, 0.012435920682955416, 0.01954118375627294, 0.0059940781419821135, 0], [0, 0.014472755990918955, 0.011677993880285547, 0.012053633074541801, 0.00823822276312055, 0.00958524586001642, 0.0013203677386116283, 0.9173912214097847, 0.008864293954055726, 0.012403186733398132, 0.00399307859526639, 0], [0, 0.0008153373452512385, 0.007568184694355885, 0.011462035414948822, 0.004809653668380204, 0.002822409661000154, 0.007279882347991411, 0.9190950446650789, 0.021465276871452763, 0.022309522109267184, 0.0023726532222734806, 0], [0, 0.0002688005352720775, 0.004894690899854673, 0.0008168949554082144, 0.017472705767317877, 0.019849235678509984, 0.005359806837813845, 0.9114102168916, 0.019063055701724542, 0.01683575834543584, 0.004028834387062899, 0], [0, 0.015271762228057628, 0.0035288315096754135, 0.016983729867637062, 0.0075212796416977475, 0.008357135084816614, 0.0037820348028104562, 0.8928563000165772, 0.027929647169446188, 0.016364914867474035, 0.00740436481180773, 0], [0, 0.0019494456032070917, 0.0023882575449569498, 0.015426829186369824, 0.01750125448172415, 0.0015792808484518454, 0.008192524982339605, 0.9113413976494977, 0.02332658202559259, 0.004384298343697814, 0.013910129334162491, 0], [0, 0.005508209740967764, 0.006813349422618293, 0.0019174852021350032, 0.013304095130693373, 0.014074450752575924, 0.011961297062232925, 0.9230692106109153, 0.004182463770648432, 0.01634900388836501, 0.0028204344188480263, 0], [0, 0, 0, 0, 0, 0, 0, 0, 0, 0, 0, 1]], [\'@\', \'a\', \'b\', \'c\', \'d\', \'e\', \'f\', \'g\', \'h\', \'i\', \'j\', \'$\'])", "([1, 0, 0, 0, 0, 0, 0, 0, 0, 0, 0, 0, 0], [[0, 1, 0, 0, 0, 0, 0, 0, 0, 0, 0, 0, 0], [0, 0.018181818181818184, 0.8, 0.018181818181818184, 0.018181818181818184, 0.018181818181818184, 0.018181818181818184, 0.018181818181818184, 0.018181818181818184, 0.018181818181818184, 0.018181818181818184, 0.018181818181818184, 0.018181818181818184], [0, 0, 0.02, 0.8, 0.02, 0.02, 0.02, 0.02, 0.02, 0.02, 0.02, 0.02, 0.02], [0, 0, 0, 0.022222222222222223, 0.8, 0.022222222222222223, 0.022222222222222223, 0.022222222222222223, 0.022222222222222223, 0.022222222222222223, 0.022222222222222223, 0.022222222222222223, 0.022222222222222223], [0, 0, 0, 0, 0.025, 0.8, 0.025, 0.025, 0.025, 0.025, 0.025, 0.025, 0.025], [0, 0, 0, 0, 0, 0.028571428571428574, 0.8, 0.028571428571428574, 0.028571428571428574, 0.028571428571428574, 0.028571428571428574, 0.028571428571428574, 0.028571428571428574], [0, 0, 0, 0, 0, 0, 0.03333333333333333, 0.8, 0.03333333333333333, 0.03333333333333333, 0.03333333333333333, 0.03333333333333333, 0.03333333333333333], [0, 0, 0, 0, 0, 0, 0, 0.04, 0.8, 0.04, 0.04, 0.04, 0.04], [0, 0, 0, 0, 0, 0, 0, 0, 0.05, 0.8, 0.05, 0.05, 0.05], [0, 0, 0, 0, 0, 0, 0, 0, 0, 0.06666666666666667, 0.8, 0.06666666666666667, 0.06666666666666667], [0, 0, 0, 0, 0, 0, 0, 0, 0, 0, 0.1, 0.8, 0.1], [0, 0, 0, 0, 0, 0, 0, 0, 0, 0, 0, 0.2, 0.8], [1, 0, 0, 0, 0, 0, 0, 0, 0, 0, 0, 0, 0]], [[1, 0, 0, 0, 0, 0, 0, 0, 0, 0, 0, 0], [0, 0.012769539376917593, 0.0024877826338995596, 0.002564272756460144, 0.01242131521876709, 0.01056155063687449, 0.007464266297852004, 0.8995114203969643, 0.02430635998905939, 0.027566830556704464, 0.0003466621365010848, 0], [0, 0.008575412058591345, 0.006991472494680538, 0.00912415093030141, 0.012361694178513872, 0.014852904542057838, 0.003259632994490269, 0.9194376104153866, 0.0079292429737091, 0.009812439495804447, 0.00765543991646451, 0], [0, 0.003896779165995021, 0.008227055892972372, 0.01093615635438468, 0.011350553492010931, 0.011452375917174793, 0.010568697135603105, 0.917781846421719, 0.009855329429272721, 0.0011737585406354934, 0.01475744765023185, 0], [0, 0.002409112243608067, 0.0026836444058045907, 0.015466223144593044, 0.017089516729022966, 0.008916809356848979, 0.005040741042510758, 0.9034043989420035, 0.025426438890386774, 0.012817837381158369, 0.006745277864062826, 0], [0, 0.011309198051559768, 0.0012776414544681967, 0.009930873887354244, 0.0005817367109683247, 0.005800437300197667, 0.017374788772539774, 0.8592067281729855, 0.06341873217134111, 0.024358953289802227, 0.006740910188783112, 0], [0, 0.002232094547025095, 0.009402270481010357, 0.011461354058981587, 0.006722187979417142, 0.010016057142311309, 0.004106513676935962, 0.742393065393052, 0.19137545169105172, 0.01717758869997235, 0.0051134163302425035, 0], [0, 0.008199243961107041, 0.0006407200110021176, 0.005966071080159461, 0.01912267135627216, 0.007799254808526889, 0.020905336468372563, 0.5767947076156305, 0.25583795988201485, 0.0953508464285879, 0.009383188388326661, 0], [0, 0.008530742343134131, 0.0011158824196619243, 0.012605289507871705, 0.017119899764917797, 0.0029326068837501303, 0.0038260650658856403, 0.5251696253545343, 0.29741845766674585, 0.11233088926601038, 0.01895054172748833, 0], [0, 0.012637340331089512, 0.008658435928140364, 0.015872880164088443, 0.011806229860750049, 0.000853611136314617, 0.006279885405708573, 0.4836795409757051, 0.2350956728869241, 0.18866081353067132, 0.03645558978060785, 0], [0, 0.014817171320261092, 0.014058389205009984, 0.006787528994708177, 0.005084764062951312, 0.0006559381835508745, 0.01281236108609865, 0.41274824558551204, 0.293157574147301, 0.1517045549168153, 0.08817347249779156, 0], [0, 0.008103979472234022, 0.0024168455618044805, 0.017407938878214957, 0.005420360098336677, 0.015096422341680063, 0.0051817894588493795, 0.42616578222125523, 0.2660633152331447, 0.2087137905511573, 0.045429776183323306, 0], [0, 0, 0, 0, 0, 0, 0, 0, 0, 0, 0, 1]], [\'@\', \'a\', \'b\', \'c\', \'d\', \'e\', \'f\', \'g\', \'h\', \'i\', \'j\', \'$\'])", "([1, 0, 0, 0, 0, 0, 0, 0, 0, 0, 0, 0, 0], [[0, 1, 0, 0, 0, 0, 0, 0, 0, 0, 0, 0, 0], [0, 0.018181818181818184, 0.8, 0.018181818181818184, 0.018181818181818184, 0.018181818181818184, 0.018181818181818184, 0.018181818181818184, 0.018181818181818184, 0.018181818181818184, 0.018181818181818184, 0.018181818181818184, 0.018181818181818184], [0, 0, 0.02, 0.8, 0.02, 0.02, 0.02, 0.02, 0.02, 0.02, 0.02, 0.02, 0.02], [0, 0, 0, 0.022222222222222223, 0.8, 0.022222222222222223, 0.022222222222222223, 0.022222222222222223, 0.022222222222222223, 0.022222222222222223, 0.022222222222222223, 0.022222222222222223, 0.022222222222222223], [0, 0, 0, 0, 0.025, 0.8, 0.025, 0.025, 0.025, 0.025, 0.025, 0.025, 0.025], [0, 0, 0, 0, 0, 0.028571428571428574, 0.8, 0.028571428571428574, 0.028571428571428574, 0.028571428571428574, 0.028571428571428574, 0.028571428571428574, 0.028571428571428574], [0, 0, 0, 0, 0, 0, 0.03333333333333333, 0.8, 0.03333333333333333, 0.03333333333333333, 0.03333333333333333, 0.03333333333333333, 0.03333333333333333], [0, 0, 0, 0, 0, 0, 0, 0.04, 0.8, 0.04, 0.04, 0.04, 0.04], [0, 0, 0, 0, 0, 0, 0, 0, 0.05, 0.8, 0.05, 0.05, 0.05], [0, 0, 0, 0, 0, 0, 0, 0, 0, 0.06666666666666667, 0.8, 0.06666666666666667, 0.06666666666666667], [0, 0, 0, 0, 0, 0, 0, 0, 0, 0, 0.1, 0.8, 0.1], [0, 0, 0, 0, 0, 0, 0, 0, 0, 0, 0, 0.2, 0.8], [1, 0, 0, 0, 0, 0, 0, 0, 0, 0, 0, 0, 0]], [[1, 0, 0, 0, 0, 0, 0, 0, 0, 0, 0, 0], [0, 0.013028105290849105, 0.004071663914761489, 0.03816207131329998, 0.04743507695146621, 0.003522948714702002, 0.03328601883263036, 0.5403239088696317, 0.19485383321626007, 0.120818160159556, 0.0044982127368431825, 0], [0, 0.013662285439048169, 0.013433702782586376, 0.08350462064244424, 0.02011371811253642, 0.012197666939196727, 0.03574148753869851, 0.7089434511100463, 0.06571714083777436, 0.04121990478516934, 0.005466021812499638, 0], [0, 0.0066669873643974585, 0.00292218427588917, 0.01302940892627566, 0.017865005174196355, 0.01798063179802241, 0.006016499812261366, 0.8177446640673363, 0.07904851549371196, 0.035721616063678914, 0.0030044870242304663, 0], [0, 0.0021912969084650477, 0.014484505770137452, 0.01950962401379259, 0.01577711937257497, 0.008726830760051225, 0.003129183446852859, 0.7492121983605121, 0.15145730008592953, 0.025777451724215084, 0.009734489557469049, 0], [0, 0.008254867236416562, 0.00547199855975131, 0.0062343565605482345, 0.0031264827462368946, 0.020194514655200387, 0.0027387440271862897, 0.8302140504120096, 0.07428041221175313, 0.03203584540055064, 0.017448728190346964, 0], [0, 0.004059795123845866, 0.00850285573712374, 0.015346149813311623, 0.015339982225427363, 0.009980433525056441, 0.002206725698062318, 0.7637375228787878, 0.14564958339573775, 0.03208454066079934, 0.003092410941847655, 0], [0, 0.005063885638477145, 0.007069363361862502, 0.014355112861193587, 0.016685356230294195, 0.005080974940416781, 0.0027844810361926714, 0.8783205744703497, 0.05194024699031447, 0.00418372092520428, 0.014516283545694727, 0], [0, 0.017479247327966033, 0.017132930938469206, 0.007071023680381324, 0.002440439955655438, 0.0028706156598915728, 0.010251586014725358, 0.8849571587530525, 0.03645515586262525, 0.004186483730597913, 0.01715535807663537, 0], [0, 0.02044992243416727, 0.009689222820350129, 0.006906433679004184, 0.00119517037030632, 0.0005094593705269141, 0.0032366399820624764, 0.9210492915592813, 0.013363930603112237, 0.017783331901802323, 0.005816597279386784, 0], [0, 0.005546205008378268, 0.012810554359220553, 0.002427210456553499, 0.009352569640579423, 0.01598602333591793, 0.002663390709761892, 0.9014198948882068, 0.029328980699410288, 0.009814974180396067, 0.010650196721575309, 0], [0, 0.0014589906927455684, 0.0007951924807186327, 0.002002299697650578, 0.004140911421977276, 0.009598884469481556, 0.009140281335243876, 0.9234267712807521, 0.018582721331310396, 0.0005985067744025315, 0.030255440515717522, 0], [0, 0, 0, 0, 0, 0, 0, 0, 0, 0, 0, 1]], [\'@\', \'a\', \'b\', \'c\', \'d\', \'e\', \'f\', \'g\', \'h\', \'i\', \'j\', \'$\'])", "([1, 0, 0, 0, 0, 0, 0, 0, 0, 0, 0, 0, 0], [[0, 1, 0, 0, 0, 0, 0, 0, 0, 0, 0, 0, 0], [0, 0.018181818181818184, 0.8, 0.018181818181818184, 0.018181818181818184, 0.018181818181818184, 0.018181818181818184, 0.018181818181818184, 0.018181818181818184, 0.018181818181818184, 0.018181818181818184, 0.018181818181818184, 0.018181818181818184], [0, 0, 0.02, 0.8, 0.02, 0.02, 0.02, 0.02, 0.02, 0.02, 0.02, 0.02, 0.02], [0, 0, 0, 0.022222222222222223, 0.8, 0.022222222222222223, 0.022222222222222223, 0.022222222222222223, 0.022222222222222223, 0.022222222222222223, 0.022222222222222223, 0.022222222222222223, 0.022222222222222223], [0, 0, 0, 0, 0.025, 0.8, 0.025, 0.025, 0.025, 0.025, 0.025, 0.025, 0.025], [0, 0, 0, 0, 0, 0.028571428571428574, 0.8, 0.028571428571428574, 0.028571428571428574, 0.028571428571428574, 0.028571428571428574, 0.028571428571428574, 0.028571428571428574], [0, 0, 0, 0, 0, 0, 0.03333333333333333, 0.8, 0.03333333333333333, 0.03333333333333333, 0.03333333333333333, 0.03333333333333333, 0.03333333333333333], [0, 0, 0, 0, 0, 0, 0, 0.04, 0.8, 0.04, 0.04, 0.04, 0.04], [0, 0, 0, 0, 0, 0, 0, 0, 0.05, 0.8, 0.05, 0.05, 0.05], [0, 0, 0, 0, 0, 0, 0, 0, 0, 0.06666666666666667, 0.8, 0.06666666666666667, 0.06666666666666667], [0, 0, 0, 0, 0, 0, 0, 0, 0, 0, 0.1, 0.8, 0.1], [0, 0, 0, 0, 0, 0, 0, 0, 0, 0, 0, 0.2, 0.8], [1, 0, 0, 0, 0, 0, 0, 0, 0, 0, 0, 0, 0]], [[1, 0, 0, 0, 0, 0, 0, 0, 0, 0, 0, 0], [0, 0.0036732725280435034, 0.008738133534536802, 0.0963164480143228, 0.05425960837450052, 0.016945646961282975, 0.006262569119108257, 0.675608499902193, 0.11934475978226719, 0.004966136287373926, 0.013884925496371093, 0], [0, 0.005462151492530426, 0.001178457949459631, 0.02549200393263204, 0.012888494115425645, 0.0027315187343345806, 0.01840900684475955, 0.8744357890243449, 0.02859112248642051, 0.021289743753518865, 0.009521711666573798, 0], [0, 0.012576450807613625, 0.0021543390986986694, 0.006955828810969657, 0.013608109789032494, 0.01129262074833268, 0.005786303629764289, 0.8962298781886667, 0.03328588616984373, 0.003178244882731759, 0.014932337874346452, 0], [0, 0.006591790753048004, 0.004660457938866843, 0.013915772135210053, 0.010025314726696629, 0.00786759240724926, 0.010268761260758926, 0.8704944072398932, 0.05833762030039107, 0.01727192332537498, 0.000566359912510972, 0], [0, 0.007563806638798583, 0.0021582670491261126, 0.0032787665372336064, 0.018300716965582362, 0.011835749008193248, 0.008468790411076003, 0.8525491922709185, 0.07640168818219883, 0.018895893633180637, 0.0005471293036921237, 0], [0, 0.010355727181151433, 0.009743816260463665, 0.015811910695220983, 0.006148499200303884, 0.009597033625139513, 0.011630385884202753, 0.8539499611941569, 0.06601006346789301, 0.009285335989473476, 0.007467266501994404, 0], [0, 0.01143875514682817, 0.014615934505554512, 0.013416901520880565, 0.004861521315308512, 0.008984032834085191, 0.007218293244361626, 0.8398024573231789, 0.08500288603498399, 0.000504108501934869, 0.014155109572883637, 0], [0, 0.006930755693727197, 0.00717341799442256, 0.010503589152993851, 0.00688723362028367, 0.013151901405559717, 0.01801606930650413, 0.8091590442571214, 0.08772520556737813, 0.009852150854235771, 0.030600632147773664, 0], [0, 0.016388508450448577, 0.0029712746911319814, 0.014046346518263532, 0.003686825756344699, 0.010056316630187682, 0.008647990315380882, 0.6685124799751446, 0.20306332181540512, 0.05432999238617045, 0.018296943461522254, 0], [0, 0.018752737554149454, 0.0013542869091335218, 0.001971480695730063, 0.003961232210745812, 0.000559419269162835, 0.018013792456898804, 0.6147067948277628, 0.18326955555431207, 0.14671504861874166, 0.010695651903362947, 0], [0, 0.007965472349671937, 0.007156484621991872, 0.01702693406282794, 0.009026543529911465, 0.0017494317629978447, 0.018316524384903925, 0.42443331575935045, 0.2668619549318598, 0.23410305565246867, 0.013360282944016021, 0], [0, 0, 0, 0, 0, 0, 0, 0, 0, 0, 0, 1]], [\'@\', \'a\', \'b\', \'c\', \'d\', \'e\', \'f\', \'g\', \'h\', \'i\', \'j\', \'$\'])", "([1, 0, 0, 0, 0, 0, 0, 0, 0, 0, 0, 0, 0], [[0, 1, 0, 0, 0, 0, 0, 0, 0, 0, 0, 0, 0], [0, 0.018181818181818184, 0.8, 0.018181818181818184, 0.018181818181818184, 0.018181818181818184, 0.018181818181818184, 0.018181818181818184, 0.018181818181818184, 0.018181818181818184, 0.018181818181818184, 0.018181818181818184, 0.018181818181818184], [0, 0, 0.02, 0.8, 0.02, 0.02, 0.02, 0.02, 0.02, 0.02, 0.02, 0.02, 0.02], [0, 0, 0, 0.022222222222222223, 0.8, 0.022222222222222223, 0.022222222222222223, 0.022222222222222223, 0.022222222222222223, 0.022222222222222223, 0.022222222222222223, 0.022222222222222223, 0.022222222222222223], [0, 0, 0, 0, 0.025, 0.8, 0.025, 0.025, 0.025, 0.025, 0.025, 0.025, 0.025], [0, 0, 0, 0, 0, 0.028571428571428574, 0.8, 0.028571428571428574, 0.028571428571428574, 0.028571428571428574, 0.028571428571428574, 0.028571428571428574, 0.028571428571428574], [0, 0, 0, 0, 0, 0, 0.03333333333333333, 0.8, 0.03333333333333333, 0.03333333333333333, 0.03333333333333333, 0.03333333333333333, 0.03333333333333333], [0, 0, 0, 0, 0, 0, 0, 0.04, 0.8, 0.04, 0.04, 0.04, 0.04], [0, 0, 0, 0, 0, 0, 0, 0, 0.05, 0.8, 0.05, 0.05, 0.05], [0, 0, 0, 0, 0, 0, 0, 0, 0, 0.06666666666666667, 0.8, 0.06666666666666667, 0.06666666666666667], [0, 0, 0, 0, 0, 0, 0, 0, 0, 0, 0.1, 0.8, 0.1], [0, 0, 0, 0, 0, 0, 0, 0, 0, 0, 0, 0.2, 0.8], [1, 0, 0, 0, 0, 0, 0, 0, 0, 0, 0, 0, 0]], [[1, 0, 0, 0, 0, 0, 0, 0, 0, 0, 0, 0], [0, 0.012015893511220416, 0.006564380027206444, 0.05730018237495312, 0.03509929909612551, 0.014764910945389672, 0.129363753842533, 0.4865285360562725, 0.16921613098361013, 0.08537850729338418, 0.003768405869304891, 0], [0, 0.019913014661390095, 0.019953593331192357, 0.04683037381979777, 0.012862631533309426, 0.0029875970008318297, 0.07327586896699248, 0.6482193029096321, 0.11012483458197043, 0.0544373953247415, 0.011395387870142245, 0], [0, 0.017254756160304106, 0.0018564197026232812, 0.0036146743438920017, 0.01626513007349017, 0.007613155203644536, 0.002923436238900473, 0.7112411227135216, 0.2187133131993557, 0.015003605618852393, 0.005514386745415954, 0], [0, 0.0026488361474335358, 0.013424937518603972, 0.01851575533597906, 0.004837701948005517, 0.009822067527789897, 0.01647284419944151, 0.574277738227599, 0.34129496939583925, 0.002533801174326426, 0.01617134852498178, 0], [0, 0.014564932603660622, 0.012913632472834119, 0.0069627878963529136, 0.0013186468897048997, 0.001034260553581485, 0.006515441588344021, 0.4494879532067574, 0.48213277963091494, 0.02004423559915741, 0.005025329558692215, 0], [0, 0.008602885664913464, 0.00778520208915834, 0.003503255048834733, 0.0016074643890168277, 0.01895675121048125, 0.005783794809062449, 0.4755148385253684, 0.4565547991695292, 0.0040489578594057225, 0.01764205123422964, 0], [0, 0.014847423947316588, 0.004650614006687843, 0.017834563516451123, 0.007442885114087838, 0.0015675356916806389, 0.0003147531962622391, 0.46026864324948097, 0.47437384978127595, 0.01001456813998874, 0.008685163356767962, 0], [0, 0.016912978155130487, 0.0063499556164172246, 0.012244580676401112, 0.0023618526485137555, 0.002075881275461217, 0.0030772305525595895, 0.47696056234506334, 0.4484036347659826, 0.02397755240562272, 0.007635771558847931, 0], [0, 0.0022248157605031147, 0.020458700629948052, 0.013161351884797771, 0.00738409117594473, 0.007568221722026121, 0.01664316760742814, 0.46371512458859093, 0.38436222779877566, 0.0743279622920587, 0.010154336539926772, 0], [0, 0.016669949437667017, 0.0033703043765924137, 0.0028343447207548294, 0.013210391026297492, 0.0022343937254074896, 0.013392119927424014, 0.4510522979119263, 0.33269966206325574, 0.16288400995552166, 0.0016525268551529724, 0], [0, 0.015328754993533844, 0.01603262209495043, 0.0016312010841929752, 0.0035679091534399055, 0.012473987534168845, 0.006597266211131161, 0.3120556715675814, 0.33354845896748553, 0.28458495484764645, 0.014179173545869318, 0], [0, 0, 0, 0, 0, 0, 0, 0, 0, 0, 0, 1]], [\'@\', \'a\', \'b\', \'c\', \'d\', \'e\', \'f\', \'g\', \'h\', \'i\', \'j\', \'$\'])", "([1, 0, 0, 0, 0, 0, 0, 0, 0, 0, 0, 0, 0], [[0, 1, 0, 0, 0, 0, 0, 0, 0, 0, 0, 0, 0], [0, 0.018181818181818184, 0.8, 0.018181818181818184, 0.018181818181818184, 0.018181818181818184, 0.018181818181818184, 0.018181818181818184, 0.018181818181818184, 0.018181818181818184, 0.018181818181818184, 0.018181818181818184, 0.018181818181818184], [0, 0, 0.02, 0.8, 0.02, 0.02, 0.02, 0.02, 0.02, 0.02, 0.02, 0.02, 0.02], [0, 0, 0, 0.022222222222222223, 0.8, 0.022222222222222223, 0.022222222222222223, 0.022222222222222223, 0.022222222222222223, 0.022222222222222223, 0.022222222222222223, 0.022222222222222223, 0.022222222222222223], [0, 0, 0, 0, 0.025, 0.8, 0.025, 0.025, 0.025, 0.025, 0.025, 0.025, 0.025], [0, 0, 0, 0, 0, 0.028571428571428574, 0.8, 0.028571428571428574, 0.028571428571428574, 0.028571428571428574, 0.028571428571428574, 0.028571428571428574, 0.028571428571428574], [0, 0, 0, 0, 0, 0, 0.03333333333333333, 0.8, 0.03333333333333333, 0.03333333333333333, 0.03333333333333333, 0.03333333333333333, 0.03333333333333333], [0, 0, 0, 0, 0, 0, 0, 0.04, 0.8, 0.04, 0.04, 0.04, 0.04], [0, 0, 0, 0, 0, 0, 0, 0, 0.05, 0.8, 0.05, 0.05, 0.05], [0, 0, 0, 0, 0, 0, 0, 0, 0, 0.06666666666666667, 0.8, 0.06666666666666667, 0.06666666666666667], [0, 0, 0, 0, 0, 0, 0, 0, 0, 0, 0.1, 0.8, 0.1], [0, 0, 0, 0, 0, 0, 0, 0, 0, 0, 0, 0.2, 0.8], [1, 0, 0, 0, 0, 0, 0, 0, 0, 0, 0, 0, 0]], [[1, 0, 0, 0, 0, 0, 0, 0, 0, 0, 0, 0], [0, 0.010331744935119801, 0.00734718924105081, 0.013182000385478529, 3.854610768102259e-05, 0.0023939428656162627, 0.01768872828891908, 0.8850485818272804, 0.03491960853177934, 0.01009366686892551, 0.01895599094814922, 0], [0, 0.010543005186013676, 0.001090991707470284, 0.001911605580192804, 0.00825209635913467, 0.013546959454975005, 0.011463361415106904, 0.9230771412086727, 0.008452848547792588, 0.006723109647393187, 0.014938880893248196, 0], [0, 0.006425031554264216, 0.008775461096291123, 0.0038383936557086122, 0.0016655637035219166, 0.0022923447352925165, 0.009890933362907407, 0.8933438303378198, 0.0499263460273599, 0.019462687725548336, 0.004379407801286125, 0], [0, 0.014975264576418935, 0.001240304266529373, 0.015047240013044425, 0.004296737298760533, 0.004504255088538737, 0.0025009197373811504, 0.8758768426383798, 0.048942013697954256, 0.030792209925078983, 0.0018242127579137387, 0], [0, 0.00995421624982208, 0.012973915924770785, 0.005128747639636156, 0.017076000200502886, 0.004861884027252938, 0.0017016585258573323, 0.8414892630428483, 0.05128836475962177, 0.04442998870978648, 0.01109596091990127, 0], [0, 0.004533262870888273, 0.01198434421655258, 0.0006347322507287343, 0.016115640141769798, 0.0051368027022454495, 0.004566266430485376, 0.8717306893554287, 0.05343055759479996, 0.026682713721144946, 0.005184990715956146, 0], [0, 0.0010345200409506898, 0.010784446185913978, 0.013718441550164847, 0.010947535134462102, 0.01317354565559865, 0.001858729367068879, 0.8662179004224965, 0.06349942130920595, 0.016153103622243595, 0.0026123567118949277, 0], [0, 0.007193860331187049, 0.015585579201592372, 0.013101225583881299, 0.0004668072096418013, 0.010797349350159743, 0.016772632204339163, 0.8651814369247164, 0.04473913255419005, 0.025569182436084196, 0.0005927942042079167, 0], [0, 0.0018300117813813022, 0.011683805360253142, 0.009408414553709707, 0.011047419709587806, 0.011639564208442772, 0.008498956992276693, 0.9206586101903469, 0.008472213392737932, 0.015989177581335928, 0.0007718262299278028, 0], [0, 0.006192445283395939, 0.01101843932169313, 0.009542802605214992, 0.010531011220909738, 0.01237926556380155, 0.008937747506454388, 0.8980808049365994, 0.020791795104052962, 0.011698842073814011, 0.010826846384063915, 0], [0, 0.011000676523263647, 0.006544351775571843, 0.004917726802941672, 0.012912100064505121, 0.013228857711838658, 0.007265900268276688, 0.8517112593132387, 0.04778708229018122, 0.04242070949398124, 0.0022113357562011135, 0], [0, 0, 0, 0, 0, 0, 0, 0, 0, 0, 0, 1]], [\'@\', \'a\', \'b\', \'c\', \'d\', \'e\', \'f\', \'g\', \'h\', \'i\', \'j\', \'$\'])", "([1, 0, 0, 0, 0, 0, 0, 0, 0, 0, 0, 0, 0], [[0, 1, 0, 0, 0, 0, 0, 0, 0, 0, 0, 0, 0], [0, 0.018181818181818184, 0.8, 0.018181818181818184, 0.018181818181818184, 0.018181818181818184, 0.018181818181818184, 0.018181818181818184, 0.018181818181818184, 0.018181818181818184, 0.018181818181818184, 0.018181818181818184, 0.018181818181818184], [0, 0, 0.02, 0.8, 0.02, 0.02, 0.02, 0.02, 0.02, 0.02, 0.02, 0.02, 0.02], [0, 0, 0, 0.022222222222222223, 0.8, 0.022222222222222223, 0.022222222222222223, 0.022222222222222223, 0.022222222222222223, 0.022222222222222223, 0.022222222222222223, 0.022222222222222223, 0.022222222222222223], [0, 0, 0, 0, 0.025, 0.8, 0.025, 0.025, 0.025, 0.025, 0.025, 0.025, 0.025], [0, 0, 0, 0, 0, 0.028571428571428574, 0.8, 0.028571428571428574, 0.028571428571428574, 0.028571428571428574, 0.028571428571428574, 0.028571428571428574, 0.028571428571428574], [0, 0, 0, 0, 0, 0, 0.03333333333333333, 0.8, 0.03333333333333333, 0.03333333333333333, 0.03333333333333333, 0.03333333333333333, 0.03333333333333333], [0, 0, 0, 0, 0, 0, 0, 0.04, 0.8, 0.04, 0.04, 0.04, 0.04], [0, 0, 0, 0, 0, 0, 0, 0, 0.05, 0.8, 0.05, 0.05, 0.05], [0, 0, 0, 0, 0, 0, 0, 0, 0, 0.06666666666666667, 0.8, 0.06666666666666667, 0.06666666666666667], [0, 0, 0, 0, 0, 0, 0, 0, 0, 0, 0.1, 0.8, 0.1], [0, 0, 0, 0, 0, 0, 0, 0, 0, 0, 0, 0.2, 0.8], [1, 0, 0, 0, 0, 0, 0, 0, 0, 0, 0, 0, 0]], [[1, 0, 0, 0, 0, 0, 0, 0, 0, 0, 0, 0], [0, 0.017106191184519302, 0.0057016989497362695, 0.04173184761388698, 0.06142967252815036, 0.0036981343218946603, 0.10489190059776336, 0.3175491125212506, 0.2007177917203968, 0.2327896643502271, 0.01438398621217446, 0], [0, 0.014391070292701277, 0.014458500479763086, 0.02478927491103146, 0.024464316518107036, 0.013968496811443173, 0.04024893460282319, 0.5819584190665923, 0.19230185070275863, 0.08060120319167621, 0.012817933423103564, 0], [0, 0.01249005808932143, 0.002568990075566244, 0.013332018314322798, 0.008640383625414498, 0.009187522600904845, 0.01203311434998431, 0.3156432368152519, 0.24748068143999094, 0.3783588966954545, 0.0002650979937885787, 0], [0, 0.013959761250817729, 0.0025713092463134414, 0.009544707939234226, 0.012056543452495072, 0.010491730298275017, 0.008826488508702945, 0.15676366009716236, 0.25999703096680893, 0.5114520705407372, 0.014336697699453024, 0], [0, 0.009318150601768271, 0.004828579451831013, 0.011307326920293808, 0.014669069950438613, 0.004196785609071474, 0.004663447644275122, 0.11605351775411264, 0.2053255572165748, 0.6175960752189438, 0.012041489632690545, 0], [0, 0.0016844424820202028, 0.010855217399897997, 0.0025536854359781863, 0.014492858297858542, 0.014243095745837032, 0.004355814679875266, 0.06364425857699799, 0.21294817751293468, 0.6591829122186347, 0.01603953764996549, 0], [0, 0.012497784391118493, 0.011517836600094485, 0.005966445823168697, 0.004636440899802203, 0.0010010185433571381, 0.0037556610843415667, 0.1305616782126734, 0.21385785924710146, 0.6033947631465331, 0.012810512051809511, 0], [0, 0.004026189825485913, 0.0044537221354425584, 0.01482341477195157, 0.0013670102681191557, 0.012021715576620231, 0.014731088676551438, 0.3995879009243331, 0.23880100249393627, 0.30181426877409373, 0.008373686553466009, 0], [0, 0.017403498389224052, 0.010920298717562775, 0.01313066107016741, 0.004796632890679991, 0.0015979162754073534, 0.017699905433901424, 0.5044231512275644, 0.19213310656908242, 0.22612197786206362, 0.011772851564346471, 0], [0, 0.0095423306885507, 0.002314743622466836, 0.026333885345335102, 0.003958656006248849, 0.016772389204009232, 0.0036969426564741927, 0.6320449238058325, 0.16946178469661263, 0.13556377331325142, 0.00031057066121849606, 0], [0, 0.012360484216520931, 0.011242005893656093, 0.05202312239303997, 0.03557907713684537, 0.005012598811033921, 0.018769479917995394, 0.5158083559502091, 0.167084772368664, 0.16916159325932945, 0.012958510052705539, 0], [0, 0, 0, 0, 0, 0, 0, 0, 0, 0, 0, 1]], [\'@\', \'a\', \'b\', \'c\', \'d\', \'e\', \'f\', \'g\', \'h\', \'i\', \'j\', \'$\'])", "([1, 0, 0, 0, 0, 0, 0, 0, 0, 0, 0, 0, 0], [[0, 1, 0, 0, 0, 0, 0, 0, 0, 0, 0, 0, 0], [0, 0.018181818181818184, 0.8, 0.018181818181818184, 0.018181818181818184, 0.018181818181818184, 0.018181818181818184, 0.018181818181818184, 0.018181818181818184, 0.018181818181818184, 0.018181818181818184, 0.018181818181818184, 0.018181818181818184], [0, 0, 0.02, 0.8, 0.02, 0.02, 0.02, 0.02, 0.02, 0.02, 0.02, 0.02, 0.02], [0, 0, 0, 0.022222222222222223, 0.8, 0.022222222222222223, 0.022222222222222223, 0.022222222222222223, 0.022222222222222223, 0.022222222222222223, 0.022222222222222223, 0.022222222222222223, 0.022222222222222223], [0, 0, 0, 0, 0.025, 0.8, 0.025, 0.025, 0.025, 0.025, 0.025, 0.025, 0.025], [0, 0, 0, 0, 0, 0.028571428571428574, 0.8, 0.028571428571428574, 0.028571428571428574, 0.028571428571428574, 0.028571428571428574, 0.028571428571428574, 0.028571428571428574], [0, 0, 0, 0, 0, 0, 0.03333333333333333, 0.8, 0.03333333333333333, 0.03333333333333333, 0.03333333333333333, 0.03333333333333333, 0.03333333333333333], [0, 0, 0, 0, 0, 0, 0, 0.04, 0.8, 0.04, 0.04, 0.04, 0.04], [0, 0, 0, 0, 0, 0, 0, 0, 0.05, 0.8, 0.05, 0.05, 0.05], [0, 0, 0, 0, 0, 0, 0, 0, 0, 0.06666666666666667, 0.8, 0.06666666666666667, 0.06666666666666667], [0, 0, 0, 0, 0, 0, 0, 0, 0, 0, 0.1, 0.8, 0.1], [0, 0, 0, 0, 0, 0, 0, 0, 0, 0, 0, 0.2, 0.8], [1, 0, 0, 0, 0, 0, 0, 0, 0, 0, 0, 0, 0]], [[1, 0, 0, 0, 0, 0, 0, 0, 0, 0, 0, 0], [0, 0.01197368230254303, 0.006338652547857538, 0.011548717325231356, 0.06270509747556392, 0.011798718865865823, 0.03986624637212996, 0.2006612162755517, 0.42807870289954175, 0.1980596367977999, 0.02896932913791504, 0], [0, 0.005489929071225464, 0.007195869896157139, 0.03735768799075396, 0.08611833620776775, 0.006722221900079858, 0.02823511163253384, 0.357538828229714, 0.3009401181014452, 0.13210328474963465, 0.038298612220688026, 0], [0, 0.010122174433791315, 0.005434481052799953, 0.09048541090629382, 0.07545980615041847, 0.011094401457381844, 0.056374964379683284, 0.48533070947213214, 0.175218206072986, 0.07376181613496346, 0.016718029939549735, 0], [0, 0.01651906839577596, 0.004423854808916356, 0.06684004506822744, 0.08976106732775908, 0.0179858936967823, 0.11138324195225643, 0.4638986047755108, 0.16509987883614452, 0.03641995080221951, 0.027668394336407685, 0], [0, 0.0023852466505329562, 0.014952589585378418, 0.09674806790572076, 0.09887241934123549, 0.013180411770224899, 0.12257391172973497, 0.4659751670797062, 0.14238347361654333, 0.02742026068259866, 0.015508451638324297, 0], [0, 0.01107009939070553, 0.008178868489396278, 0.13894448557037178, 0.12196773993758166, 0.008008522179499804, 0.14705357055768625, 0.41351946089052105, 0.10721422838606359, 0.0389104156482708, 0.0051326089499032675, 0], [0, 0.010076356557663963, 0.015298506071553346, 0.08866861869056385, 0.08775843260338508, 0.0012563551572441463, 0.12612383220065276, 0.5196570433262814, 0.10195924694241847, 0.04154496356049075, 0.0076566448897460865, 0], [0, 0.002112272200079563, 0.014407107625327315, 0.09862213777377538, 0.08705481355901448, 0.01123357726914483, 0.095383421800397, 0.5076874335293485, 0.11819365055116023, 0.056627115690613204, 0.00867847000113948, 0], [0, 0.009870674388618656, 0.004523835332610286, 0.06843885876491983, 0.09675343951386654, 0.005426013271999418, 0.04151620033026404, 0.5073363143791586, 0.16625235345927797, 0.08084988547954067, 0.01903242507974405, 0], [0, 0.011269637072189536, 0.002167571542395502, 0.06589464919248898, 0.041885331052268826, 0.006993463152747777, 0.055590479233826616, 0.4904739817799275, 0.1924903030767485, 0.11136814626755769, 0.021866437629849064, 0], [0, 0.010578316725167113, 0.010884890656667078, 0.06471259784015419, 0.04397883508158741, 0.007259491179240924, 0.07581724698786159, 0.3027752535908868, 0.2694647901005378, 0.18938651097149253, 0.025142066866404692, 0], [0, 0, 0, 0, 0, 0, 0, 0, 0, 0, 0, 1]], [\'@\', \'a\', \'b\', \'c\', \'d\', \'e\', \'f\', \'g\', \'h\', \'i\', \'j\', \'$\'])", "([1, 0, 0, 0, 0, 0, 0, 0, 0, 0, 0, 0, 0], [[0, 1, 0, 0, 0, 0, 0, 0, 0, 0, 0, 0, 0], [0, 0.018181818181818184, 0.8, 0.018181818181818184, 0.018181818181818184, 0.018181818181818184, 0.018181818181818184, 0.018181818181818184, 0.018181818181818184, 0.018181818181818184, 0.018181818181818184, 0.018181818181818184, 0.018181818181818184], [0, 0, 0.02, 0.8, 0.02, 0.02, 0.02, 0.02, 0.02, 0.02, 0.02, 0.02, 0.02], [0, 0, 0, 0.022222222222222223, 0.8, 0.022222222222222223, 0.022222222222222223, 0.022222222222222223, 0.022222222222222223, 0.022222222222222223, 0.022222222222222223, 0.022222222222222223, 0.022222222222222223], [0, 0, 0, 0, 0.025, 0.8, 0.025, 0.025, 0.025, 0.025, 0.025, 0.025, 0.025], [0, 0, 0, 0, 0, 0.028571428571428574, 0.8, 0.028571428571428574, 0.028571428571428574, 0.028571428571428574, 0.028571428571428574, 0.028571428571428574, 0.028571428571428574], [0, 0, 0, 0, 0, 0, 0.03333333333333333, 0.8, 0.03333333333333333, 0.03333333333333333, 0.03333333333333333, 0.03333333333333333, 0.03333333333333333], [0, 0, 0, 0, 0, 0, 0, 0.04, 0.8, 0.04, 0.04, 0.04, 0.04], [0, 0, 0, 0, 0, 0, 0, 0, 0.05, 0.8, 0.05, 0.05, 0.05], [0, 0, 0, 0, 0, 0, 0, 0, 0, 0.06666666666666667, 0.8, 0.06666666666666667, 0.06666666666666667], [0, 0, 0, 0, 0, 0, 0, 0, 0, 0, 0.1, 0.8, 0.1], [0, 0, 0, 0, 0, 0, 0, 0, 0, 0, 0, 0.2, 0.8], [1, 0, 0, 0, 0, 0, 0, 0, 0, 0, 0, 0, 0]], [[1, 0, 0, 0, 0, 0, 0, 0, 0, 0, 0, 0], [0, 0.014526056180041403, 0.0019599858842589014, 0.014047342523232628, 0.005448697916533552, 0.0038899451519980063, 0.014741362334492228, 0.6128250384520271, 0.21478691119372595, 0.1139411216255307, 0.003833538738159635, 0], [0, 0.009265838171404321, 0.013391694997411357, 0.0030768581819580164, 0.013109359494847934, 0.007658338301457788, 0.012380281259315453, 0.7213314866192132, 0.1770044258257332, 0.03963431348280619, 0.0031474036658525636, 0], [0, 0.012615719957298299, 0.009356121247726142, 0.015248084559924728, 0.001676029380575014, 0.009107492808411837, 0.00510129981119997, 0.4967635637480997, 0.17880492382336385, 0.19411973761022133, 0.0772070270531792, 0], [0, 0.007164586422009874, 0.0034955038038316324, 0.0009598611134665782, 0.00622121831764677, 0.004285074001557901, 0.014795550655702348, 0.34715298820924456, 0.17025177427172522, 0.28205648531624344, 0.1636169578885717, 0], [0, 0.009633589842561067, 0.009609551105203024, 0.0074836410632866945, 0.002894285454705821, 0.015126698012792553, 0.006587450702104473, 0.2739606618411226, 0.21247379374567488, 0.2659793433693554, 0.19625098486319345, 0], [0, 0.00644342524590272, 0.006533825726222467, 0.013275425538217355, 0.00996095470781775, 0.016076185231793185, 0.004009290127871892, 0.33413914227087543, 0.20181494908783132, 0.2229288114511218, 0.18481799061234605, 0], [0, 0.007243968815614998, 0.013714555087498055, 0.010396433086565595, 0.014565963679276877, 0.0069933789236033255, 0.0033089051824616695, 0.41592195819925104, 0.22064883680280228, 0.20124458885399407, 0.10596141136893213, 0], [0, 0.015981849620590002, 0.01008645442941044, 0.016421212429496103, 0.004718937667137777, 0.008168189695648953, 0.01276873864066331, 0.6655544737384778, 0.1468895255852077, 0.0640390077283367, 0.05537161046503123, 0], [0, 0.002530002874239721, 0.002546329007681961, 0.0059377902730612065, 0.0010964010954536525, 0.016256415760659948, 0.012579172779643466, 0.8450195792558899, 0.07997870680871341, 0.02128317486469026, 0.012772427279966586, 0], [0, 0.012378304416924947, 0.014708712598179534, 0.0023796779274027594, 0.004725809476817384, 0.012213587581206074, 0.008458096808