((11, 0.5, 'ORIENTATION', 4.6, 0.5), '([\'VVVVVVVVVVV\', \'JJJJJJJJJJJ\', \'QQQQQQQQQQQ\', \'KKKKKKKKKKK\', \'NNNNNNNNNNN\', \'XXXXXXXXXXX\', \'AAAAAAAAAAA\', \'UUUUUUUUUUU\', \'DDDDDDDDDDD\', \'EEEEEEEEEEE\', \'SSSSSSSSSSS\', \'OOOOOOOOOOO\', \'IIIIIIIIIII\', \'YYYYYYYYYYY\', \'CCCCCCCCCCC\', \'GGGGGGGGGGG\', \'BBBBBBBBBBB\', \'PPPPPPPPPPP\', \'HHHHHHHHHHH\', \'ZZZZZZZZZZZ\', \'LLLLLLLLLLL\', \'TTTTTTTTTTT\', \'WWWWWWWWWWW\', \'RRRRRRRRRRR\', \'MMMMMMMMMMM\', \'FFFFFFFFFFF\'], ["([1, 0, 0, 0, 0, 0, 0, 0, 0, 0, 0, 0, 0], [[0, 1, 0, 0, 0, 0, 0, 0, 0, 0, 0, 0, 0], [0, 0.018181818181818184, 0.8, 0.018181818181818184, 0.018181818181818184, 0.018181818181818184, 0.018181818181818184, 0.018181818181818184, 0.018181818181818184, 0.018181818181818184, 0.018181818181818184, 0.018181818181818184, 0.018181818181818184], [0, 0, 0.02, 0.8, 0.02, 0.02, 0.02, 0.02, 0.02, 0.02, 0.02, 0.02, 0.02], [0, 0, 0, 0.022222222222222223, 0.8, 0.022222222222222223, 0.022222222222222223, 0.022222222222222223, 0.022222222222222223, 0.022222222222222223, 0.022222222222222223, 0.022222222222222223, 0.022222222222222223], [0, 0, 0, 0, 0.025, 0.8, 0.025, 0.025, 0.025, 0.025, 0.025, 0.025, 0.025], [0, 0, 0, 0, 0, 0.028571428571428574, 0.8, 0.028571428571428574, 0.028571428571428574, 0.028571428571428574, 0.028571428571428574, 0.028571428571428574, 0.028571428571428574], [0, 0, 0, 0, 0, 0, 0.03333333333333333, 0.8, 0.03333333333333333, 0.03333333333333333, 0.03333333333333333, 0.03333333333333333, 0.03333333333333333], [0, 0, 0, 0, 0, 0, 0, 0.04, 0.8, 0.04, 0.04, 0.04, 0.04], [0, 0, 0, 0, 0, 0, 0, 0, 0.05, 0.8, 0.05, 0.05, 0.05], [0, 0, 0, 0, 0, 0, 0, 0, 0, 0.06666666666666667, 0.8, 0.06666666666666667, 0.06666666666666667], [0, 0, 0, 0, 0, 0, 0, 0, 0, 0, 0.1, 0.8, 0.1], [0, 0, 0, 0, 0, 0, 0, 0, 0, 0, 0, 0.2, 0.8], [1, 0, 0, 0, 0, 0, 0, 0, 0, 0, 0, 0, 0]], [[1, 0, 0, 0, 0, 0, 0, 0, 0, 0, 0], [0, 0.03268666168504754, 0.00041118498215879465, 0.001758648804024096, 0.018595801326646337, 0.8963828182112815, 0.01485826187391701, 0.011439518694539597, 0.018653345281109675, 0.005213759141275563, 0], [0, 0.043626549595515825, 0.019502365706767385, 0.007671642906209144, 0.020167034369865812, 0.8625122345643769, 0.0025352763942924936, 0.004034907830695569, 0.0046943138158342355, 0.035255674816442775, 0], [0, 0.10511814703415363, 0.010546385396584453, 0.006561992171835055, 0.0959978868291393, 0.731545267568532, 0.0014421381392943037, 0.0135057753842394, 0.02186412246817519, 0.013418285008046708, 0], [0, 0.28353315750536395, 0.03264081506056472, 0.03888896885604319, 0.05938267796893487, 0.5056940624184209, 0.025629831866444554, 0.020930300254725163, 0.016446548679754446, 0.016853637389748287, 0], [0, 0.6484776632967585, 0.015438138009501152, 0.019168637655118424, 0.04053622113257419, 0.18233935012425254, 0.04000390033647646, 0.02450925959821727, 0.004832568968931502, 0.02469426087816994, 0], [0, 0.8726778671580825, 0.025058362900727126, 0.004730957488624074, 0.021187718129850524, 0.03727563660112625, 0.016809354562128655, 0.0009524227260431922, 0.014240444108195898, 0.0070672363252216935, 0], [0, 0.8986760478840126, 0.008441118237676975, 0.0015134470929696671, 0.007596298607633915, 0.039312986595271646, 0.011462379155383819, 0.012318826568271591, 0.0018638052251296062, 0.018815090633649955, 0], [0, 0.902769618081628, 0.016086443526611854, 0.010107385489427948, 0.0056640860498332396, 0.021249089744530197, 0.01736863403600777, 0.008687005149732984, 0.010635084151604624, 0.007432653770623497, 0], [0, 0.9257953571233407, 0.014864914104662386, 0.011309865023793216, 0.007575585076770053, 0.002090411990481642, 0.015770353609011144, 0.0054253089092171055, 0.0030193772062619604, 0.014148826956461835, 0], [0, 0.9035875859787234, 0.030207407030069078, 0.01171881489954804, 0.01099082728457029, 0.0020570901857460138, 0.00285528409686527, 0.0032960181935033092, 0.028518280624944378, 0.006768691706030312, 0], [0, 0.9051033071212139, 0.010207346090000432, 0.0017298368629229545, 0.01113403874458282, 0.010647048796237287, 0.018353391257389367, 0.02505873863936903, 0.009920248143735174, 0.00784604434454889, 0], [0, 0, 0, 0, 0, 0, 0, 0, 0, 0, 1]], [\'@\', \'a\', \'b\', \'c\', \'d\', \'e\', \'f\', \'g\', \'h\', \'i\', \'$\'])", "([1, 0, 0, 0, 0, 0, 0, 0, 0, 0, 0, 0, 0], [[0, 1, 0, 0, 0, 0, 0, 0, 0, 0, 0, 0, 0], [0, 0.018181818181818184, 0.8, 0.018181818181818184, 0.018181818181818184, 0.018181818181818184, 0.018181818181818184, 0.018181818181818184, 0.018181818181818184, 0.018181818181818184, 0.018181818181818184, 0.018181818181818184, 0.018181818181818184], [0, 0, 0.02, 0.8, 0.02, 0.02, 0.02, 0.02, 0.02, 0.02, 0.02, 0.02, 0.02], [0, 0, 0, 0.022222222222222223, 0.8, 0.022222222222222223, 0.022222222222222223, 0.022222222222222223, 0.022222222222222223, 0.022222222222222223, 0.022222222222222223, 0.022222222222222223, 0.022222222222222223], [0, 0, 0, 0, 0.025, 0.8, 0.025, 0.025, 0.025, 0.025, 0.025, 0.025, 0.025], [0, 0, 0, 0, 0, 0.028571428571428574, 0.8, 0.028571428571428574, 0.028571428571428574, 0.028571428571428574, 0.028571428571428574, 0.028571428571428574, 0.028571428571428574], [0, 0, 0, 0, 0, 0, 0.03333333333333333, 0.8, 0.03333333333333333, 0.03333333333333333, 0.03333333333333333, 0.03333333333333333, 0.03333333333333333], [0, 0, 0, 0, 0, 0, 0, 0.04, 0.8, 0.04, 0.04, 0.04, 0.04], [0, 0, 0, 0, 0, 0, 0, 0, 0.05, 0.8, 0.05, 0.05, 0.05], [0, 0, 0, 0, 0, 0, 0, 0, 0, 0.06666666666666667, 0.8, 0.06666666666666667, 0.06666666666666667], [0, 0, 0, 0, 0, 0, 0, 0, 0, 0, 0.1, 0.8, 0.1], [0, 0, 0, 0, 0, 0, 0, 0, 0, 0, 0, 0.2, 0.8], [1, 0, 0, 0, 0, 0, 0, 0, 0, 0, 0, 0, 0]], [[1, 0, 0, 0, 0, 0, 0, 0, 0, 0, 0], [0, 0.028494297679001548, 0.013292276586162666, 0.004725829466029931, 0.10134072472276115, 0.7458731029456653, 0.029742577161485564, 0.017465874153842847, 0.054591393165461834, 0.004473924119589131, 0], [0, 0.0042331832095314475, 0.018336633686144434, 0.014190030449842784, 0.18748877976918585, 0.5668877691831463, 0.15963225195282071, 0.005662220255694428, 0.015815019110771635, 0.027754112382862316, 0], [0, 0.03485877555846445, 0.010266557196311884, 0.02446790895744696, 0.26726182357719497, 0.3383741732673748, 0.1214940052275767, 0.04477061923414935, 0.03987372667937983, 0.11863241030210124, 0], [0, 0.13686208656411097, 0.07385888347906451, 0.02509330795555266, 0.2039590675662041, 0.27608711317375506, 0.05584176218011844, 0.0482327332235842, 0.03400277908607719, 0.14606226677153292, 0], [0, 0.2738726045294537, 0.0804121035586748, 0.055246293029207104, 0.1056431231281296, 0.19158237946627701, 0.06807422401767337, 0.016202004325188528, 0.023810503021890746, 0.18515676492350508, 0], [0, 0.3520631597399761, 0.16005095526321725, 0.06528210320371629, 0.03306770024822609, 0.11683365711235778, 0.02490065293079335, 0.025101227183462804, 0.060028380702013245, 0.16267216361623707, 0], [0, 0.43991097106519367, 0.19949574267636005, 0.12291831551991281, 0.051573184285995825, 0.048517659989743334, 0.027233938179815766, 0.021929431568778617, 0.004787857327579572, 0.0836328993866206, 0], [0, 0.6319791150177891, 0.10608733196314454, 0.06407670056726465, 0.08219063491075129, 0.04368084594143609, 0.01827379649522952, 0.013706304941813944, 0.025629857343837693, 0.014375412818733207, 0], [0, 0.6067250713701227, 0.07319140273516636, 0.022531562658901196, 0.19017608104685238, 0.036215777550792305, 0.038840716550154836, 0.008223367136091547, 0.005705927828897718, 0.018390093123020874, 0], [0, 0.4257236038049197, 0.009583677143731265, 0.015249849559251913, 0.48790172327976394, 0.027895462270843142, 0.008530818316970546, 0.009564782859289378, 0.01553916695240977, 1.0915812820430162e-05, 0], [0, 0.1544641946519934, 0.00464068592326119, 0.008102870000976098, 0.7139704340727597, 0.016752401832605922, 0.025977570456334705, 0.04699665323222829, 0.028914651249914134, 0.00018053857992621195, 0], [0, 0, 0, 0, 0, 0, 0, 0, 0, 0, 1]], [\'@\', \'a\', \'b\', \'c\', \'d\', \'e\', \'f\', \'g\', \'h\', \'i\', \'$\'])", "([1, 0, 0, 0, 0, 0, 0, 0, 0, 0, 0, 0, 0], [[0, 1, 0, 0, 0, 0, 0, 0, 0, 0, 0, 0, 0], [0, 0.018181818181818184, 0.8, 0.018181818181818184, 0.018181818181818184, 0.018181818181818184, 0.018181818181818184, 0.018181818181818184, 0.018181818181818184, 0.018181818181818184, 0.018181818181818184, 0.018181818181818184, 0.018181818181818184], [0, 0, 0.02, 0.8, 0.02, 0.02, 0.02, 0.02, 0.02, 0.02, 0.02, 0.02, 0.02], [0, 0, 0, 0.022222222222222223, 0.8, 0.022222222222222223, 0.022222222222222223, 0.022222222222222223, 0.022222222222222223, 0.022222222222222223, 0.022222222222222223, 0.022222222222222223, 0.022222222222222223], [0, 0, 0, 0, 0.025, 0.8, 0.025, 0.025, 0.025, 0.025, 0.025, 0.025, 0.025], [0, 0, 0, 0, 0, 0.028571428571428574, 0.8, 0.028571428571428574, 0.028571428571428574, 0.028571428571428574, 0.028571428571428574, 0.028571428571428574, 0.028571428571428574], [0, 0, 0, 0, 0, 0, 0.03333333333333333, 0.8, 0.03333333333333333, 0.03333333333333333, 0.03333333333333333, 0.03333333333333333, 0.03333333333333333], [0, 0, 0, 0, 0, 0, 0, 0.04, 0.8, 0.04, 0.04, 0.04, 0.04], [0, 0, 0, 0, 0, 0, 0, 0, 0.05, 0.8, 0.05, 0.05, 0.05], [0, 0, 0, 0, 0, 0, 0, 0, 0, 0.06666666666666667, 0.8, 0.06666666666666667, 0.06666666666666667], [0, 0, 0, 0, 0, 0, 0, 0, 0, 0, 0.1, 0.8, 0.1], [0, 0, 0, 0, 0, 0, 0, 0, 0, 0, 0, 0.2, 0.8], [1, 0, 0, 0, 0, 0, 0, 0, 0, 0, 0, 0, 0]], [[1, 0, 0, 0, 0, 0, 0, 0, 0, 0, 0], [0, 0.012802309020510563, 0.9256333042803455, 0.00811527387570815, 0.0006803631844491511, 0.005108494318066524, 0.004527902291770574, 0.021093641512916577, 0.01181395036489164, 0.010224761151341532, 0], [0, 0.017558361459662008, 0.9237681368633089, 0.004930492298425114, 0.005593723565346208, 0.01665396578570825, 0.008680687037028248, 0.00497670147209404, 0.014568509918879194, 0.0032694215995479844, 0], [0, 0.07271209168154281, 0.8030899380890874, 0.04668334203768408, 0.00685549045984013, 0.022762346298760793, 0.00977206859584183, 0.018216306569414534, 0.012949743239518129, 0.006958673028310321, 0], [0, 0.12400649302058558, 0.4461749518668978, 0.10533264423746642, 0.04240758642403839, 0.054545902181114735, 0.019713340112936784, 0.023454680803475857, 0.13824721883407728, 0.04611718251940715, 0], [0, 0.18683393012250318, 0.16636363537364174, 0.113216886091083, 0.08927728244005945, 0.14861101031420304, 0.1264127550731774, 0.0727069641669947, 0.05948847337068863, 0.03708906304764874, 0], [0, 0.1040389984550407, 0.04253623511425129, 0.05223638555284678, 0.43723178946458985, 0.13191670966766075, 0.06389975650673918, 0.1339286382078584, 0.020419610294261443, 0.013791876736751604, 0], [0, 0.08495059150965133, 0.008953298261819917, 0.0054939785057222315, 0.7194336702510404, 0.05519670462370183, 0.045818379662522335, 0.03468267279347693, 0.0327246666786971, 0.012746037713367806, 0], [0, 0.03092438202949531, 0.014754626077077932, 0.0067018822474829475, 0.5887634188731825, 0.22704336807404188, 0.06058471234469198, 0.016554591910319837, 0.04446011164752654, 0.010212906796181158, 0], [0, 0.012177301697436003, 0.01505800506522263, 0.01675075334948168, 0.1109029909910123, 0.7506457790238612, 0.04574621758021454, 0.006698359202517287, 0.02999279781895157, 0.012027795271302785, 0], [0, 0.012697189440280041, 0.018852009985228114, 0.006651818419465143, 0.024053396773276177, 0.8950849165457032, 0.014601135534393418, 0.005309837699695769, 0.017008336787856477, 0.005741358814101734, 0], [0, 0.0035798762854633397, 0.012124851667577255, 0.019733715857011013, 0.07019686285089045, 0.7828889491497755, 0.08107042167988847, 0.0102111164549971, 0.020105499361596384, 8.87066928004877e-05, 0], [0, 0, 0, 0, 0, 0, 0, 0, 0, 0, 1]], [\'@\', \'a\', \'b\', \'c\', \'d\', \'e\', \'f\', \'g\', \'h\', \'i\', \'$\'])", "([1, 0, 0, 0, 0, 0, 0, 0, 0, 0, 0, 0, 0], [[0, 1, 0, 0, 0, 0, 0, 0, 0, 0, 0, 0, 0], [0, 0.018181818181818184, 0.8, 0.018181818181818184, 0.018181818181818184, 0.018181818181818184, 0.018181818181818184, 0.018181818181818184, 0.018181818181818184, 0.018181818181818184, 0.018181818181818184, 0.018181818181818184, 0.018181818181818184], [0, 0, 0.02, 0.8, 0.02, 0.02, 0.02, 0.02, 0.02, 0.02, 0.02, 0.02, 0.02], [0, 0, 0, 0.022222222222222223, 0.8, 0.022222222222222223, 0.022222222222222223, 0.022222222222222223, 0.022222222222222223, 0.022222222222222223, 0.022222222222222223, 0.022222222222222223, 0.022222222222222223], [0, 0, 0, 0, 0.025, 0.8, 0.025, 0.025, 0.025, 0.025, 0.025, 0.025, 0.025], [0, 0, 0, 0, 0, 0.028571428571428574, 0.8, 0.028571428571428574, 0.028571428571428574, 0.028571428571428574, 0.028571428571428574, 0.028571428571428574, 0.028571428571428574], [0, 0, 0, 0, 0, 0, 0.03333333333333333, 0.8, 0.03333333333333333, 0.03333333333333333, 0.03333333333333333, 0.03333333333333333, 0.03333333333333333], [0, 0, 0, 0, 0, 0, 0, 0.04, 0.8, 0.04, 0.04, 0.04, 0.04], [0, 0, 0, 0, 0, 0, 0, 0, 0.05, 0.8, 0.05, 0.05, 0.05], [0, 0, 0, 0, 0, 0, 0, 0, 0, 0.06666666666666667, 0.8, 0.06666666666666667, 0.06666666666666667], [0, 0, 0, 0, 0, 0, 0, 0, 0, 0, 0.1, 0.8, 0.1], [0, 0, 0, 0, 0, 0, 0, 0, 0, 0, 0, 0.2, 0.8], [1, 0, 0, 0, 0, 0, 0, 0, 0, 0, 0, 0, 0]], [[1, 0, 0, 0, 0, 0, 0, 0, 0, 0, 0], [0, 0.21829061480636935, 0.1945545781717452, 0.01385718911766795, 0.1035015098179818, 0.39214047900521026, 0.04817962782236784, 0.01010627766642505, 0.004093354580467532, 0.015276369011765033, 0], [0, 0.2379485735490315, 0.14001490721157572, 0.006269762642585647, 0.3106458651030547, 0.2325768318490889, 0.021910104172646508, 0.020557417737135344, 0.012584312758976417, 0.01749222497590536, 0], [0, 0.19424308656464068, 0.5558497185778248, 0.01513343304966924, 0.0895344687281304, 0.09279241868372072, 0.020474857618409094, 0.0008304711781249753, 0.01893866837191567, 0.012202877227564354, 0], [0, 0.0818319506930897, 0.8013566936997308, 0.022924918604433797, 0.014589760058174828, 0.039523916885537094, 0.01771048682414942, 0.0022126001517272743, 0.006495123359496361, 0.013354549723660862, 0], [0, 0.010993488447760356, 0.8625740778729593, 0.012072732798092945, 0.0006288394072465585, 0.04380827529693928, 0.0246816372041691, 0.010253281004316632, 0.021650254917182966, 0.013337413051332896, 0], [0, 0.02486880249044683, 0.8756019262885897, 0.015320650660253498, 0.005470538845735172, 0.042445394467412405, 0.010219519785601055, 0.008000498428071162, 0.0004957477789662288, 0.01757692125492374, 0], [0, 0.04919125299234428, 0.798090849558602, 0.006821057709162538, 0.010594672418768068, 0.09259569344342859, 0.0033787641109043445, 0.018875509198663168, 0.010115668744875014, 0.010336531823252226, 0], [0, 0.08695040378682906, 0.6244510603394384, 0.020531345123367507, 0.007902485027978346, 0.21221932369309102, 0.021527138149460875, 0.004545805290807017, 0.01673541841119404, 0.0051370201778337165, 0], [0, 0.1525680881577293, 0.42752978434625144, 0.017335765215171398, 0.005905006791278502, 0.34967324458004173, 0.018879147072123275, 0.011214588149048665, 0.0012077990238515027, 0.015686576664504147, 0], [0, 0.25641654677302483, 0.1739414926531651, 0.010224742957570527, 0.001294969182509425, 0.47835252067640993, 0.03919455065615297, 0.011075894178406109, 0.024164994333674993, 0.005334288589086104, 0], [0, 0.2899084130431547, 0.09320832063648284, 0.033182316590795714, 0.08341189032603909, 0.3563479319379989, 0.07603745686391739, 0.02193175596072885, 0.021820526889955345, 0.024151387750927178, 0], [0, 0, 0, 0, 0, 0, 0, 0, 0, 0, 1]], [\'@\', \'a\', \'b\', \'c\', \'d\', \'e\', \'f\', \'g\', \'h\', \'i\', \'$\'])", "([1, 0, 0, 0, 0, 0, 0, 0, 0, 0, 0, 0, 0], [[0, 1, 0, 0, 0, 0, 0, 0, 0, 0, 0, 0, 0], [0, 0.018181818181818184, 0.8, 0.018181818181818184, 0.018181818181818184, 0.018181818181818184, 0.018181818181818184, 0.018181818181818184, 0.018181818181818184, 0.018181818181818184, 0.018181818181818184, 0.018181818181818184, 0.018181818181818184], [0, 0, 0.02, 0.8, 0.02, 0.02, 0.02, 0.02, 0.02, 0.02, 0.02, 0.02, 0.02], [0, 0, 0, 0.022222222222222223, 0.8, 0.022222222222222223, 0.022222222222222223, 0.022222222222222223, 0.022222222222222223, 0.022222222222222223, 0.022222222222222223, 0.022222222222222223, 0.022222222222222223], [0, 0, 0, 0, 0.025, 0.8, 0.025, 0.025, 0.025, 0.025, 0.025, 0.025, 0.025], [0, 0, 0, 0, 0, 0.028571428571428574, 0.8, 0.028571428571428574, 0.028571428571428574, 0.028571428571428574, 0.028571428571428574, 0.028571428571428574, 0.028571428571428574], [0, 0, 0, 0, 0, 0, 0.03333333333333333, 0.8, 0.03333333333333333, 0.03333333333333333, 0.03333333333333333, 0.03333333333333333, 0.03333333333333333], [0, 0, 0, 0, 0, 0, 0, 0.04, 0.8, 0.04, 0.04, 0.04, 0.04], [0, 0, 0, 0, 0, 0, 0, 0, 0.05, 0.8, 0.05, 0.05, 0.05], [0, 0, 0, 0, 0, 0, 0, 0, 0, 0.06666666666666667, 0.8, 0.06666666666666667, 0.06666666666666667], [0, 0, 0, 0, 0, 0, 0, 0, 0, 0, 0.1, 0.8, 0.1], [0, 0, 0, 0, 0, 0, 0, 0, 0, 0, 0, 0.2, 0.8], [1, 0, 0, 0, 0, 0, 0, 0, 0, 0, 0, 0, 0]], [[1, 0, 0, 0, 0, 0, 0, 0, 0, 0, 0], [0, 0.7477562118303139, 0.01944501924976882, 0.010465664066682367, 0.10936150390930988, 0.06712190653423465, 0.01788280231896356, 0.006716308245676406, 0.017475377156393714, 0.003775206688656797, 0], [0, 0.6006828725495051, 0.022812947849406014, 0.0121153928569437, 0.18651488096756838, 0.12745642593321466, 0.010399128696778934, 0.025177380633580743, 0.008479834428921976, 0.006361136084080572, 0], [0, 0.39384521615993345, 0.009494677122642351, 0.011441073367063369, 0.09583775179525585, 0.44020656148202986, 0.0010258881024564125, 0.02417866007596558, 0.021684532188421788, 0.002285639706231226, 0], [0, 0.15097965412729578, 0.04740569886704843, 0.018098346216152243, 0.026048713870795583, 0.7276465762134255, 0.0011866847414923705, 0.0034259337300494848, 0.024632255962453616, 0.0005761362712868626, 0], [0, 0.025893319330245045, 0.010914367002161762, 0.0032845151266638786, 0.021463219512715855, 0.8838013407197463, 0.013795776462403531, 0.02010075644563806, 0.010530530846362598, 0.010216174554062964, 0], [0, 0.0054129074435466905, 0.0027426072839845717, 0.0158879086280936, 0.04485356242643994, 0.870257800580676, 0.021352405161515972, 0.01529378311118975, 0.00040110714956520695, 0.023797918214988376, 0], [0, 0.1737265694751709, 0.023635796315326175, 0.021616582047490923, 0.042279748638601074, 0.6929749785533388, 0.01115315612444179, 0.011849654755820395, 0.02176168635938757, 0.0010018277304224105, 0], [0, 0.4278304959000348, 0.06685697205135839, 0.02478693056380618, 0.017487903060850272, 0.4056026814915744, 0.01602473382140236, 0.013622641223626351, 0.007344652564677152, 0.02044298932267008, 0], [0, 0.6680728521128741, 0.07360967574940931, 0.009764007722889372, 0.0038188719586085386, 0.18135797671523848, 0.023751183986926525, 0.0032614710430927973, 0.01787926034647025, 0.018484700364490687, 0], [0, 0.788475771409853, 0.1389214518016662, 0.003483563803932407, 0.009547887976922543, 0.01581997582718363, 0.006043563648923786, 0.017414990265062453, 0.006367873913312941, 0.013924921353143034, 0], [0, 0.8391611847754957, 0.05068017875763329, 0.023398663345754356, 0.015874376263376226, 0.013224829555428225, 0.01589113368509172, 0.017519726103294248, 0.008087852738190293, 0.016162054775735676, 0], [0, 0, 0, 0, 0, 0, 0, 0, 0, 0, 1]], [\'@\', \'a\', \'b\', \'c\', \'d\', \'e\', \'f\', \'g\', \'h\', \'i\', \'$\'])", "([1, 0, 0, 0, 0, 0, 0, 0, 0, 0, 0, 0, 0], [[0, 1, 0, 0, 0, 0, 0, 0, 0, 0, 0, 0, 0], [0, 0.018181818181818184, 0.8, 0.018181818181818184, 0.018181818181818184, 0.018181818181818184, 0.018181818181818184, 0.018181818181818184, 0.018181818181818184, 0.018181818181818184, 0.018181818181818184, 0.018181818181818184, 0.018181818181818184], [0, 0, 0.02, 0.8, 0.02, 0.02, 0.02, 0.02, 0.02, 0.02, 0.02, 0.02, 0.02], [0, 0, 0, 0.022222222222222223, 0.8, 0.022222222222222223, 0.022222222222222223, 0.022222222222222223, 0.022222222222222223, 0.022222222222222223, 0.022222222222222223, 0.022222222222222223, 0.022222222222222223], [0, 0, 0, 0, 0.025, 0.8, 0.025, 0.025, 0.025, 0.025, 0.025, 0.025, 0.025], [0, 0, 0, 0, 0, 0.028571428571428574, 0.8, 0.028571428571428574, 0.028571428571428574, 0.028571428571428574, 0.028571428571428574, 0.028571428571428574, 0.028571428571428574], [0, 0, 0, 0, 0, 0, 0.03333333333333333, 0.8, 0.03333333333333333, 0.03333333333333333, 0.03333333333333333, 0.03333333333333333, 0.03333333333333333], [0, 0, 0, 0, 0, 0, 0, 0.04, 0.8, 0.04, 0.04, 0.04, 0.04], [0, 0, 0, 0, 0, 0, 0, 0, 0.05, 0.8, 0.05, 0.05, 0.05], [0, 0, 0, 0, 0, 0, 0, 0, 0, 0.06666666666666667, 0.8, 0.06666666666666667, 0.06666666666666667], [0, 0, 0, 0, 0, 0, 0, 0, 0, 0, 0.1, 0.8, 0.1], [0, 0, 0, 0, 0, 0, 0, 0, 0, 0, 0, 0.2, 0.8], [1, 0, 0, 0, 0, 0, 0, 0, 0, 0, 0, 0, 0]], [[1, 0, 0, 0, 0, 0, 0, 0, 0, 0, 0], [0, 0.6029636100931113, 0.010732718073595155, 0.026848893704535515, 0.05324193321058531, 0.26719267854602774, 0.013323914025691958, 0.00622104857256107, 0.017890174629943138, 0.001585029143948735, 0], [0, 0.46242449328281526, 0.013103715896318348, 0.01227511517467105, 0.33347614631283146, 0.15060446747578016, 0.002743565944202022, 0.004804699801654865, 0.00819224980883021, 0.012375546302896924, 0], [0, 0.2745382560556052, 0.019822828744303054, 0.0024085354759774955, 0.600289140666892, 0.04782842418820628, 0.007257457425308336, 0.022679294119896772, 0.015535482579109318, 0.009640580744701522, 0], [0, 0.15170363234572454, 0.0116312695925727, 0.017286497484510843, 0.7384879606151854, 0.030067751685599366, 0.02272427853702351, 0.0025729831923342215, 0.003913379062842527, 0.02161224748420685, 0], [0, 0.057205487626332645, 0.05663132512209211, 0.017085817546892278, 0.7082692993397177, 0.07193234950792336, 0.009433798750998314, 0.04649983553289578, 0.01891949280163439, 0.014022593771513353, 0], [0, 0.09671792185525857, 0.3999532840541461, 0.016203879909537113, 0.24470805078372268, 0.18435288105742703, 0.017933646910801137, 0.011920477222626931, 0.0180850478639353, 0.01012481034254518, 0], [0, 0.05761149303665482, 0.7624276838267618, 0.019959253975493727, 0.04631503135496142, 0.05276819075181328, 0.0161813268386355, 0.014863491757974702, 0.025375120730870983, 0.004498407726833667, 0], [0, 0.07463494538760333, 0.7519703056580277, 0.014574214902992141, 0.024678505431082673, 0.0918391002801747, 0.01236754433927604, 0.012916552458063498, 0.012293023054532361, 0.00472580848824757, 0], [0, 0.18479412087541688, 0.62012097762565, 0.007838890301328578, 0.008683212697960652, 0.13714816317888195, 0.019620932726526492, 0.0021490423772789263, 0.015657410159406998, 0.003987250057549361, 0], [0, 0.34466493224183686, 0.33072926119157686, 0.015426274319389588, 0.0033988473706387957, 0.2580773800806905, 0.015205105781713241, 0.009523685352644126, 0.007652580109407562, 0.015321933552102535, 0], [0, 0.36153571001021156, 0.18746407337332005, 0.023486239766126085, 0.023726387896894106, 0.3326562978618543, 0.01028977960194494, 0.03088173425094205, 0.010277734913750529, 0.019682042324956323, 0], [0, 0, 0, 0, 0, 0, 0, 0, 0, 0, 1]], [\'@\', \'a\', \'b\', \'c\', \'d\', \'e\', \'f\', \'g\', \'h\', \'i\', \'$\'])", "([1, 0, 0, 0, 0, 0, 0, 0, 0, 0, 0, 0, 0], [[0, 1, 0, 0, 0, 0, 0, 0, 0, 0, 0, 0, 0], [0, 0.018181818181818184, 0.8, 0.018181818181818184, 0.018181818181818184, 0.018181818181818184, 0.018181818181818184, 0.018181818181818184, 0.018181818181818184, 0.018181818181818184, 0.018181818181818184, 0.018181818181818184, 0.018181818181818184], [0, 0, 0.02, 0.8, 0.02, 0.02, 0.02, 0.02, 0.02, 0.02, 0.02, 0.02, 0.02], [0, 0, 0, 0.022222222222222223, 0.8, 0.022222222222222223, 0.022222222222222223, 0.022222222222222223, 0.022222222222222223, 0.022222222222222223, 0.022222222222222223, 0.022222222222222223, 0.022222222222222223], [0, 0, 0, 0, 0.025, 0.8, 0.025, 0.025, 0.025, 0.025, 0.025, 0.025, 0.025], [0, 0, 0, 0, 0, 0.028571428571428574, 0.8, 0.028571428571428574, 0.028571428571428574, 0.028571428571428574, 0.028571428571428574, 0.028571428571428574, 0.028571428571428574], [0, 0, 0, 0, 0, 0, 0.03333333333333333, 0.8, 0.03333333333333333, 0.03333333333333333, 0.03333333333333333, 0.03333333333333333, 0.03333333333333333], [0, 0, 0, 0, 0, 0, 0, 0.04, 0.8, 0.04, 0.04, 0.04, 0.04], [0, 0, 0, 0, 0, 0, 0, 0, 0.05, 0.8, 0.05, 0.05, 0.05], [0, 0, 0, 0, 0, 0, 0, 0, 0, 0.06666666666666667, 0.8, 0.06666666666666667, 0.06666666666666667], [0, 0, 0, 0, 0, 0, 0, 0, 0, 0, 0.1, 0.8, 0.1], [0, 0, 0, 0, 0, 0, 0, 0, 0, 0, 0, 0.2, 0.8], [1, 0, 0, 0, 0, 0, 0, 0, 0, 0, 0, 0, 0]], [[1, 0, 0, 0, 0, 0, 0, 0, 0, 0, 0], [0, 0.8259099578535868, 0.02200399367476679, 0.017162546272520406, 0.0309779020245462, 0.025914163783344775, 0.00919249996168819, 0.03000280070738473, 0.03614610667851597, 0.002690029043646113, 0], [0, 0.8734730034366386, 0.026106509331132406, 0.014632649961638282, 0.011096859368063807, 0.011045879856873674, 0.017122237335437798, 0.022933808917282833, 0.009133055129670203, 0.014455996663262454, 0], [0, 0.6220401037936014, 0.17453962893417022, 0.10428119170152939, 0.021555415620391313, 0.043056391114085935, 0.011392661767307749, 0.005964627538488588, 0.007617308572223229, 0.00955267095820232, 0], [0, 0.33654333349304427, 0.269423852147515, 0.20931643165723895, 0.030316780214872427, 0.05531683272427932, 0.05362766174468502, 0.021519462086663544, 0.023446191772055695, 0.0004894541596457313, 0], [0, 0.1925738760274028, 0.18871720762065752, 0.22066101958800904, 0.10348057418498251, 0.10459192578478627, 0.156184276620637, 0.01060022217022819, 0.01606288980972902, 0.007128008193567666, 0], [0, 0.04748526290744477, 0.07231800109905341, 0.11445123868026687, 0.3022849645112398, 0.15931573578016586, 0.24148099296622078, 0.01195940758048729, 0.01641660472787219, 0.03428779174724902, 0], [0, 0.007045390872546736, 0.031403573976020865, 0.029532544959557896, 0.29065310187147136, 0.34841448619677634, 0.248896304252205, 0.02640810900932714, 0.014988549324365849, 0.0026579395377289003, 0], [0, 0.020988390235262715, 0.007819634260777829, 0.015791234959446582, 0.08676729963676232, 0.7972691624425822, 0.046985302501847716, 0.004175840654069651, 0.01992458111304987, 0.000278554196201173, 0], [0, 0.012617369122183001, 0.010163403492949103, 0.0166504665010273, 0.01638192767634343, 0.8713775457543593, 0.01458457022314481, 0.0277580990185556, 0.03027529391479882, 0.00019132429663855155, 0], [0, 0.04901779929987659, 0.024877578965359498, 0.008711178649862485, 0.04947100683196763, 0.7797255386992781, 0.015153406645509076, 0.02472170300846111, 0.035134877576434444, 0.013186910323251113, 0], [0, 0.0336166289504964, 0.04704801000643207, 0.01314516457996019, 0.07715051883399791, 0.7213382354290734, 0.012564647411568814, 0.04351744909197311, 0.0034639665199543567, 0.04815537917654398, 0], [0, 0, 0, 0, 0, 0, 0, 0, 0, 0, 1]], [\'@\', \'a\', \'b\', \'c\', \'d\', \'e\', \'f\', \'g\', \'h\', \'i\', \'$\'])", "([1, 0, 0, 0, 0, 0, 0, 0, 0, 0, 0, 0, 0], [[0, 1, 0, 0, 0, 0, 0, 0, 0, 0, 0, 0, 0], [0, 0.018181818181818184, 0.8, 0.018181818181818184, 0.018181818181818184, 0.018181818181818184, 0.018181818181818184, 0.018181818181818184, 0.018181818181818184, 0.018181818181818184, 0.018181818181818184, 0.018181818181818184, 0.018181818181818184], [0, 0, 0.02, 0.8, 0.02, 0.02, 0.02, 0.02, 0.02, 0.02, 0.02, 0.02, 0.02], [0, 0, 0, 0.022222222222222223, 0.8, 0.022222222222222223, 0.022222222222222223, 0.022222222222222223, 0.022222222222222223, 0.022222222222222223, 0.022222222222222223, 0.022222222222222223, 0.022222222222222223], [0, 0, 0, 0, 0.025, 0.8, 0.025, 0.025, 0.025, 0.025, 0.025, 0.025, 0.025], [0, 0, 0, 0, 0, 0.028571428571428574, 0.8, 0.028571428571428574, 0.028571428571428574, 0.028571428571428574, 0.028571428571428574, 0.028571428571428574, 0.028571428571428574], [0, 0, 0, 0, 0, 0, 0.03333333333333333, 0.8, 0.03333333333333333, 0.03333333333333333, 0.03333333333333333, 0.03333333333333333, 0.03333333333333333], [0, 0, 0, 0, 0, 0, 0, 0.04, 0.8, 0.04, 0.04, 0.04, 0.04], [0, 0, 0, 0, 0, 0, 0, 0, 0.05, 0.8, 0.05, 0.05, 0.05], [0, 0, 0, 0, 0, 0, 0, 0, 0, 0.06666666666666667, 0.8, 0.06666666666666667, 0.06666666666666667], [0, 0, 0, 0, 0, 0, 0, 0, 0, 0, 0.1, 0.8, 0.1], [0, 0, 0, 0, 0, 0, 0, 0, 0, 0, 0, 0.2, 0.8], [1, 0, 0, 0, 0, 0, 0, 0, 0, 0, 0, 0, 0]], [[1, 0, 0, 0, 0, 0, 0, 0, 0, 0, 0], [0, 0.011384017426868086, 0.014273681843981936, 0.013360757510138233, 0.023919171508789066, 0.8663525332433903, 0.027657676951623304, 0.002743816485887323, 0.02053411155113111, 0.019774233478190545, 0], [0, 0.021244032948487084, 0.01070769522317804, 0.01553133421075262, 0.15855833032403166, 0.7177443957847913, 0.031125908324410506, 0.016818854588972705, 0.005324853543571406, 0.022944595051804833, 0], [0, 0.06239350813597197, 0.013355166924173108, 0.0030654594468882282, 0.2970326497875861, 0.4067793199926959, 0.09789782161514164, 0.0007868091098495155, 0.0048300967347433, 0.11385916825295027, 0], [0, 0.12303603441010576, 0.03380241472457117, 0.009027944891534715, 0.3810823989231255, 0.07709061200497787, 0.05844732174085027, 0.034615833977105485, 0.02162055384827111, 0.26127688547945827, 0], [0, 0.16227505103649298, 0.06484108413000164, 0.023303046148107718, 0.08794963041759106, 0.10749361917916798, 0.01967144653664873, 0.02630602356162288, 0.020635089556995192, 0.4875250094333718, 0], [0, 0.09110171339611789, 0.25367580035653403, 0.011489600020692534, 0.03146508230425344, 0.11438207183761463, 0.011379812628567992, 0.02647031915897594, 0.01237890604532545, 0.4476566942519181, 0], [0, 0.21681376476896833, 0.3695094598618402, 0.05236143470109153, 0.015536632804726853, 0.07573538296939189, 0.004238157339110605, 0.014716925562794404, 0.03550359800969604, 0.21558464398238014, 0], [0, 0.5391560891443353, 0.2555952099080573, 0.04122763494880473, 0.015080068083957418, 0.01676604286057417, 0.003295113944054666, 0.010098091329553758, 0.04095196127263153, 0.07782978850803118, 0], [0, 0.8003283648035534, 0.08908847568806953, 0.017782801082569293, 0.01843875558057189, 0.01934576809971985, 0.0014457767407788512, 0.0018648686453859194, 0.004138331969587037, 0.04756685738976411, 0], [0, 0.773514530772171, 0.07026301563296251, 0.008424355142778525, 0.10879874310679521, 0.0026115651014562004, 0.009809485166201283, 0.008611830963516072, 0.00019286123103984867, 0.017773612883079114, 0], [0, 0.6104125786533537, 0.02559150354452502, 0.032308847466850754, 0.2551013675256506, 0.006383070077778915, 0.007376247340646251, 0.045246925513469954, 0.014855913127987064, 0.0027235467497378992, 0], [0, 0, 0, 0, 0, 0, 0, 0, 0, 0, 1]], [\'@\', \'a\', \'b\', \'c\', \'d\', \'e\', \'f\', \'g\', \'h\', \'i\', \'$\'])", "([1, 0, 0, 0, 0, 0, 0, 0, 0, 0, 0, 0, 0], [[0, 1, 0, 0, 0, 0, 0, 0, 0, 0, 0, 0, 0], [0, 0.018181818181818184, 0.8, 0.018181818181818184, 0.018181818181818184, 0.018181818181818184, 0.018181818181818184, 0.018181818181818184, 0.018181818181818184, 0.018181818181818184, 0.018181818181818184, 0.018181818181818184, 0.018181818181818184], [0, 0, 0.02, 0.8, 0.02, 0.02, 0.02, 0.02, 0.02, 0.02, 0.02, 0.02, 0.02], [0, 0, 0, 0.022222222222222223, 0.8, 0.022222222222222223, 0.022222222222222223, 0.022222222222222223, 0.022222222222222223, 0.022222222222222223, 0.022222222222222223, 0.022222222222222223, 0.022222222222222223], [0, 0, 0, 0, 0.025, 0.8, 0.025, 0.025, 0.025, 0.025, 0.025, 0.025, 0.025], [0, 0, 0, 0, 0, 0.028571428571428574, 0.8, 0.028571428571428574, 0.028571428571428574, 0.028571428571428574, 0.028571428571428574, 0.028571428571428574, 0.028571428571428574], [0, 0, 0, 0, 0, 0, 0.03333333333333333, 0.8, 0.03333333333333333, 0.03333333333333333, 0.03333333333333333, 0.03333333333333333, 0.03333333333333333], [0, 0, 0, 0, 0, 0, 0, 0.04, 0.8, 0.04, 0.04, 0.04, 0.04], [0, 0, 0, 0, 0, 0, 0, 0, 0.05, 0.8, 0.05, 0.05, 0.05], [0, 0, 0, 0, 0, 0, 0, 0, 0, 0.06666666666666667, 0.8, 0.06666666666666667, 0.06666666666666667], [0, 0, 0, 0, 0, 0, 0, 0, 0, 0, 0.1, 0.8, 0.1], [0, 0, 0, 0, 0, 0, 0, 0, 0, 0, 0, 0.2, 0.8], [1, 0, 0, 0, 0, 0, 0, 0, 0, 0, 0, 0, 0]], [[1, 0, 0, 0, 0, 0, 0, 0, 0, 0, 0], [0, 0.12611436077629576, 0.39945073104160495, 0.05236242608297502, 0.030595793275548823, 0.16737185767394366, 0.02669362073055887, 0.06819824063770094, 0.1146186611572877, 0.014594308624084453, 0], [0, 0.21609121384511035, 0.18767438612358908, 0.09654170799591484, 0.2123950421784196, 0.05827824503367737, 0.020788715811702156, 0.08391399304207971, 0.08985352260093271, 0.03446317336857418, 0], [0, 0.15185882100913847, 0.1313334594366388, 0.052624382212069165, 0.17347509014240028, 0.10522970832849536, 0.05957271186994511, 0.1362710467277885, 0.1379189141355485, 0.05171586613797582, 0], [0, 0.17105618340302806, 0.021386449456490864, 0.019845908720248447, 0.2986219362835311, 0.11149633450572294, 0.05058042518524661, 0.183139143270573, 0.11475262436402854, 0.02912099481113021, 0], [0, 0.08874389336084547, 0.01514094390135731, 0.02068019253936509, 0.4013894562356269, 0.09250088981662011, 0.14355892029330386, 0.1538085139661581, 0.04783417797713592, 0.03634301190958718, 0], [0, 0.04017364268432157, 0.004204656301182255, 0.01426800999405318, 0.6235708969329419, 0.12354034531138243, 0.11115272255101699, 0.06311587999428876, 0.005942437329096106, 0.014031408901716568, 0], [0, 0.004074254038422574, 0.0012535019465611012, 0.014799579931169681, 0.7835563860875605, 0.07151845228887431, 0.06914473567677358, 0.033045220963581624, 0.013219375899158175, 0.009388493167898354, 0], [0, 0.004270340250241352, 0.006272295540402662, 0.015646981720808494, 0.8349509387440894, 0.058999586196739284, 0.04144748963303938, 0.021252340675409712, 0.001416703270778304, 0.015743323968491485, 0], [0, 0.002375121971885934, 0.016826624634509554, 0.007166080785939538, 0.8872076110645004, 0.035658354461869816, 0.021406369664352092, 0.009128304698883254, 0.019522104730049908, 0.0007094279880095815, 0], [0, 0.005911891302088169, 0.005979863484176383, 0.0059097746759814605, 0.9128667413955098, 0.023281554660159194, 0.015795704765638383, 0.008550767585638544, 0.005071157323025812, 0.016632544807782264, 0], [0, 0.008748000115958159, 0.01058747304992811, 0.0038755839347961295, 0.921660654878954, 0.012735752797731304, 0.017528035085279992, 0.006461088358357049, 0.004197624461432963, 0.014205787317562266, 0], [0, 0, 0, 0, 0, 0, 0, 0, 0, 0, 1]], [\'@\', \'a\', \'b\', \'c\', \'d\', \'e\', \'f\', \'g\', \'h\', \'i\', \'$\'])", "([1, 0, 0, 0, 0, 0, 0, 0, 0, 0, 0, 0, 0], [[0, 1, 0, 0, 0, 0, 0, 0, 0, 0, 0, 0, 0], [0, 0.018181818181818184, 0.8, 0.018181818181818184, 0.018181818181818184, 0.018181818181818184, 0.018181818181818184, 0.018181818181818184, 0.018181818181818184, 0.018181818181818184, 0.018181818181818184, 0.018181818181818184, 0.018181818181818184], [0, 0, 0.02, 0.8, 0.02, 0.02, 0.02, 0.02, 0.02, 0.02, 0.02, 0.02, 0.02], [0, 0, 0, 0.022222222222222223, 0.8, 0.022222222222222223, 0.022222222222222223, 0.022222222222222223, 0.022222222222222223, 0.022222222222222223, 0.022222222222222223, 0.022222222222222223, 0.022222222222222223], [0, 0, 0, 0, 0.025, 0.8, 0.025, 0.025, 0.025, 0.025, 0.025, 0.025, 0.025], [0, 0, 0, 0, 0, 0.028571428571428574, 0.8, 0.028571428571428574, 0.028571428571428574, 0.028571428571428574, 0.028571428571428574, 0.028571428571428574, 0.028571428571428574], [0, 0, 0, 0, 0, 0, 0.03333333333333333, 0.8, 0.03333333333333333, 0.03333333333333333, 0.03333333333333333, 0.03333333333333333, 0.03333333333333333], [0, 0, 0, 0, 0, 0, 0, 0.04, 0.8, 0.04, 0.04, 0.04, 0.04], [0, 0, 0, 0, 0, 0, 0, 0, 0.05, 0.8, 0.05, 0.05, 0.05], [0, 0, 0, 0, 0, 0, 0, 0, 0, 0.06666666666666667, 0.8, 0.06666666666666667, 0.06666666666666667], [0, 0, 0, 0, 0, 0, 0, 0, 0, 0, 0.1, 0.8, 0.1], [0, 0, 0, 0, 0, 0, 0, 0, 0, 0, 0, 0.2, 0.8], [1, 0, 0, 0, 0, 0, 0, 0, 0, 0, 0, 0, 0]], [[1, 0, 0, 0, 0, 0, 0, 0, 0, 0, 0], [0, 0.13228408495533794, 0.40642827184665054, 0.051040258671112955, 0.02512181959179374, 0.22932588857680344, 0.021220487251662846, 0.011961396602355406, 0.1167585927574079, 0.005859199746875265, 0], [0, 0.10033572668356698, 0.24677579017291862, 0.02338596415063927, 0.10316281116081238, 0.151216632952116, 0.04810086723898913, 0.044226757634653766, 0.20413917696829895, 0.07865627303800506, 0], [0, 0.10999098608845059, 0.11372709001029592, 0.05881078150603926, 0.07112004141585473, 0.14373749377552253, 0.07993326068144464, 0.08933183977653605, 0.18900792111324427, 0.14434058563261198, 0], [0, 0.0917137779902033, 0.08170667564751863, 0.06994329386474264, 0.07425090570124311, 0.10856085612256915, 0.1093007432482439, 0.12279258885458866, 0.1754893172379106, 0.16624184133297984, 0], [0, 0.07103287232040949, 0.03961993880793515, 0.06801803576494583, 0.08684471136832818, 0.05865113587537576, 0.19398852830235422, 0.18979470724667644, 0.1590830974240295, 0.13296697288994547, 0], [0, 0.036853003094080544, 0.046707691620977355, 0.05484648634847631, 0.09536039446354372, 0.10374107195486541, 0.14327513413210885, 0.16301932244922426, 0.16975480971612075, 0.18644208622060277, 0], [0, 0.042601342982101546, 0.003587039327666809, 0.05673341718507198, 0.11307585092772761, 0.16850921767944807, 0.11284041051290225, 0.1518187866914183, 0.16698079617110234, 0.1838531385225611, 0], [0, 0.01182432836706319, 0.039127424366705695, 0.05392608788869903, 0.17815088021631895, 0.1383745539691709, 0.17054886052380364, 0.1764774674759252, 0.14486786371959598, 0.08670253347271746, 0], [0, 0.038839443871389816, 0.027655327455111293, 0.022500329622579505, 0.13618175365062396, 0.1887500224801889, 0.19656378452176268, 0.20773815512914914, 0.08324216886049954, 0.09852901440869498, 0], [0, 0.0843079430426448, 0.053662229433777964, 0.062394015363254104, 0.22364342178373983, 0.16701735203513196, 0.19152605843798406, 0.09180110725091441, 0.03420190443343226, 0.0914459682191206, 0], [0, 0.05350500477673597, 0.033344488521847106, 0.0661381988683416, 0.12381137026586636, 0.23078498376762768, 0.16647555733148578, 0.09332813842418156, 0.06412877658773151, 0.16848348145618244, 0], [0, 0, 0, 0, 0, 0, 0, 0, 0, 0, 1]], [\'@\', \'a\', \'b\', \'c\', \'d\', \'e\', \'f\', \'g\', \'h\', \'i\', \'$\'])", "([1, 0, 0, 0, 0, 0, 0, 0, 0, 0, 0, 0, 0], [[0, 1, 0, 0, 0, 0, 0, 0, 0, 0, 0, 0, 0], [0, 0.018181818181818184, 0.8, 0.018181818181818184, 0.018181818181818184, 0.018181818181818184, 0.018181818181818184, 0.018181818181818184, 0.018181818181818184, 0.018181818181818184, 0.018181818181818184, 0.018181818181818184, 0.018181818181818184], [0, 0, 0.02, 0.8, 0.02, 0.02, 0.02, 0.02, 0.02, 0.02, 0.02, 0.02, 0.02], [0, 0, 0, 0.022222222222222223, 0.8, 0.022222222222222223, 0.022222222222222223, 0.022222222222222223, 0.022222222222222223, 0.022222222222222223, 0.022222222222222223, 0.022222222222222223, 0.022222222222222223], [0, 0, 0, 0, 0.025, 0.8, 0.025, 0.025, 0.025, 0.025, 0.025, 0.025, 0.025], [0, 0, 0, 0, 0, 0.028571428571428574, 0.8, 0.028571428571428574, 0.028571428571428574, 0.028571428571428574, 0.028571428571428574, 0.028571428571428574, 0.028571428571428574], [0, 0, 0, 0, 0, 0, 0.03333333333333333, 0.8, 0.03333333333333333, 0.03333333333333333, 0.03333333333333333, 0.03333333333333333, 0.03333333333333333], [0, 0, 0, 0, 0, 0, 0, 0.04, 0.8, 0.04, 0.04, 0.04, 0.04], [0, 0, 0, 0, 0, 0, 0, 0, 0.05, 0.8, 0.05, 0.05, 0.05], [0, 0, 0, 0, 0, 0, 0, 0, 0, 0.06666666666666667, 0.8, 0.06666666666666667, 0.06666666666666667], [0, 0, 0, 0, 0, 0, 0, 0, 0, 0, 0.1, 0.8, 0.1], [0, 0, 0, 0, 0, 0, 0, 0, 0, 0, 0, 0.2, 0.8], [1, 0, 0, 0, 0, 0, 0, 0, 0, 0, 0, 0, 0]], [[1, 0, 0, 0, 0, 0, 0, 0, 0, 0, 0], [0, 0.01650656943270276, 0.2074984406415256, 0.008406886983823232, 0.002701649984405815, 0.7081140504064282, 0.028691686377882167, 0.0016956941947655173, 0.002584721445968203, 0.023800300532498486, 0], [0, 0.027400682674276814, 0.32693081091725107, 0.018619922160570842, 0.04997299213602578, 0.4853146609013737, 0.04933479504513942, 0.001975891254427828, 0.011005792929211403, 0.029444451981723074, 0], [0, 0.1460358269899383, 0.33178380160037896, 0.02175108550145004, 0.061111988805542194, 0.28515224350227447, 0.03461513201301379, 0.04379785311596876, 0.04354832448237536, 0.03220374398905803, 0], [0, 0.29885137462184413, 0.3561288036826155, 0.06768599800851856, 0.035306029607800715, 0.11421284257715184, 0.04938529907523571, 0.018025633959065104, 0.02033881906504947, 0.04006519940271895, 0], [0, 0.28516620885738414, 0.36830061171934936, 0.0847258550