((11, 4.6), '([\'AAAAAAAAAAA\', \'BBBBBBBBBBB\', \'CCCCCCCCCCC\', \'DDDDDDDDDDD\', \'EEEEEEEEEEE\', \'FFFFFFFFFFF\', \'GGGGGGGGGGG\', \'HHHHHHHHHHH\', \'IIIIIIIIIII\', \'JJJJJJJJJJJ\', \'KKKKKKKKKKK\', \'LLLLLLLLLLL\', \'MMMMMMMMMMM\', \'NNNNNNNNNNN\', \'OOOOOOOOOOO\', \'PPPPPPPPPPP\', \'QQQQQQQQQQQ\', \'RRRRRRRRRRR\', \'SSSSSSSSSSS\', \'TTTTTTTTTTT\', \'UUUUUUUUUUU\', \'VVVVVVVVVVV\', \'WWWWWWWWWWW\', \'XXXXXXXXXXX\', \'YYYYYYYYYYY\', \'ZZZZZZZZZZZ\'], ["([1, 0, 0, 0, 0, 0, 0, 0, 0, 0, 0, 0, 0], [[0, 1, 0, 0, 0, 0, 0, 0, 0, 0, 0, 0, 0], [0, 0.018181818181818184, 0.8, 0.018181818181818184, 0.018181818181818184, 0.018181818181818184, 0.018181818181818184, 0.018181818181818184, 0.018181818181818184, 0.018181818181818184, 0.018181818181818184, 0.018181818181818184, 0.018181818181818184], [0, 0, 0.02, 0.8, 0.02, 0.02, 0.02, 0.02, 0.02, 0.02, 0.02, 0.02, 0.02], [0, 0, 0, 0.022222222222222223, 0.8, 0.022222222222222223, 0.022222222222222223, 0.022222222222222223, 0.022222222222222223, 0.022222222222222223, 0.022222222222222223, 0.022222222222222223, 0.022222222222222223], [0, 0, 0, 0, 0.025, 0.8, 0.025, 0.025, 0.025, 0.025, 0.025, 0.025, 0.025], [0, 0, 0, 0, 0, 0.028571428571428574, 0.8, 0.028571428571428574, 0.028571428571428574, 0.028571428571428574, 0.028571428571428574, 0.028571428571428574, 0.028571428571428574], [0, 0, 0, 0, 0, 0, 0.03333333333333333, 0.8, 0.03333333333333333, 0.03333333333333333, 0.03333333333333333, 0.03333333333333333, 0.03333333333333333], [0, 0, 0, 0, 0, 0, 0, 0.04, 0.8, 0.04, 0.04, 0.04, 0.04], [0, 0, 0, 0, 0, 0, 0, 0, 0.05, 0.8, 0.05, 0.05, 0.05], [0, 0, 0, 0, 0, 0, 0, 0, 0, 0.06666666666666667, 0.8, 0.06666666666666667, 0.06666666666666667], [0, 0, 0, 0, 0, 0, 0, 0, 0, 0, 0.1, 0.8, 0.1], [0, 0, 0, 0, 0, 0, 0, 0, 0, 0, 0, 0.2, 0.8], [1, 0, 0, 0, 0, 0, 0, 0, 0, 0, 0, 0, 0]], [[1, 0, 0, 0, 0, 0, 0, 0, 0, 0, 0, 0], [0, 0.013480710265754828, 0.009736360091665902, 0.015864381250536283, 0.013643182139999979, 8.441579354416243e-05, 0.001156036608778182, 0.5107345364289394, 0.2819392486344925, 0.1388076117346661, 0.014553517051622661, 0], [0, 0.005230883025257789, 0.00931875779653394, 0.004968691595407381, 0.0041038264455051515, 0.01077617101682399, 0.015857235019331208, 0.7081707986276861, 0.17859168065637163, 0.052297079905863235, 0.010684875911219551, 0], [0, 0.01732852577551663, 0.006278572212218749, 0.007531694190499325, 0.017627191447339652, 0.0035761400371085187, 0.0015847661885250916, 0.740445074219066, 0.16973787569063203, 0.028712701821478285, 0.007177458417615651, 0], [0, 0.001478212542687853, 0.010987618204283803, 0.01349800079263767, 0.015551349058987488, 0.0020503914714418746, 0.002346077015270116, 0.7938689623584962, 0.13788887826989116, 0.020180056939455508, 0.002150453346848162, 0], [0, 0.016872648270637617, 0.012773797153452428, 0.00975563663557276, 0.0006150360280585458, 0.0038872141349579614, 0.002589901584061576, 0.8360001585126999, 0.09574210407058766, 0.0006656098373802193, 0.021097893772591275, 0], [0, 0.0094762095976145, 0.005050077859950886, 0.006774284292552495, 0.014497731899546543, 0.014037478510390609, 0.005395041744357658, 0.7992224502557659, 0.1289197449633356, 0.005399232394504225, 0.01122774848198158, 0], [0, 0.00014956066908253997, 0.005635290801200395, 8.525353094764168e-05, 0.02129724179879508, 0.010346307060754702, 0.007901318549143485, 0.8382803373010738, 0.09409846752797034, 0.016439798917583362, 0.0057664238434485746, 0], [0, 0.013726854778705916, 0.0024912950610075104, 0.005283146000901641, 0.013867052145401152, 0.016103402633843744, 0.0029463521218191066, 0.7984701390113359, 0.12914437668929934, 0.013842857793540789, 0.004124523764144738, 0], [0, 0.00166219509828046, 0.0057472028646056205, 0.014926795193880574, 0.015377239145602767, 0.014703853348995537, 0.004308322575457172, 0.7250232796102247, 0.16562430870590084, 0.04460652615383339, 0.00802027730321886, 0], [0, 0.0060810317895737785, 0.0019655594292533364, 0.0062789403134941284, 0.009734779931001596, 0.017305898410159434, 0.0071681692843771705, 0.7359842348434479, 0.14177928150806074, 0.05476567199981607, 0.018936432490815763, 0], [0, 0.010565591240278421, 0.009670797521272924, 0.008228455773671869, 0.0044081781821842135, 0.008971993311149994, 0.01299671241023638, 0.6050175271041561, 0.20686837824740797, 0.11949211962330075, 0.013780246586341444, 0], [0, 0, 0, 0, 0, 0, 0, 0, 0, 0, 0, 1]], [\'@\', \'a\', \'b\', \'c\', \'d\', \'e\', \'f\', \'g\', \'h\', \'i\', \'j\', \'$\'])", "([1, 0, 0, 0, 0, 0, 0, 0, 0, 0, 0, 0, 0], [[0, 1, 0, 0, 0, 0, 0, 0, 0, 0, 0, 0, 0], [0, 0.018181818181818184, 0.8, 0.018181818181818184, 0.018181818181818184, 0.018181818181818184, 0.018181818181818184, 0.018181818181818184, 0.018181818181818184, 0.018181818181818184, 0.018181818181818184, 0.018181818181818184, 0.018181818181818184], [0, 0, 0.02, 0.8, 0.02, 0.02, 0.02, 0.02, 0.02, 0.02, 0.02, 0.02, 0.02], [0, 0, 0, 0.022222222222222223, 0.8, 0.022222222222222223, 0.022222222222222223, 0.022222222222222223, 0.022222222222222223, 0.022222222222222223, 0.022222222222222223, 0.022222222222222223, 0.022222222222222223], [0, 0, 0, 0, 0.025, 0.8, 0.025, 0.025, 0.025, 0.025, 0.025, 0.025, 0.025], [0, 0, 0, 0, 0, 0.028571428571428574, 0.8, 0.028571428571428574, 0.028571428571428574, 0.028571428571428574, 0.028571428571428574, 0.028571428571428574, 0.028571428571428574], [0, 0, 0, 0, 0, 0, 0.03333333333333333, 0.8, 0.03333333333333333, 0.03333333333333333, 0.03333333333333333, 0.03333333333333333, 0.03333333333333333], [0, 0, 0, 0, 0, 0, 0, 0.04, 0.8, 0.04, 0.04, 0.04, 0.04], [0, 0, 0, 0, 0, 0, 0, 0, 0.05, 0.8, 0.05, 0.05, 0.05], [0, 0, 0, 0, 0, 0, 0, 0, 0, 0.06666666666666667, 0.8, 0.06666666666666667, 0.06666666666666667], [0, 0, 0, 0, 0, 0, 0, 0, 0, 0, 0.1, 0.8, 0.1], [0, 0, 0, 0, 0, 0, 0, 0, 0, 0, 0, 0.2, 0.8], [1, 0, 0, 0, 0, 0, 0, 0, 0, 0, 0, 0, 0]], [[1, 0, 0, 0, 0, 0, 0, 0, 0, 0, 0, 0], [0, 0.002653873162074486, 0.0018415325584951719, 0.007563485423283783, 0.014434374449287484, 0.015593553502458796, 0.009254982493013712, 0.6116105599079682, 0.21838731101766998, 0.11103446671457683, 0.007625860771171724, 0], [0, 0.00258244559846122, 0.012002275374638913, 0.019668843464333605, 0.018640959044799735, 0.018047219316835766, 0.01796553172132093, 0.7404992461651656, 0.1202036426763982, 0.021027502429710205, 0.029362334208335755, 0], [0, 0.0019993411756690934, 0.00038879653134171543, 0.02138355804533278, 0.017929491078547483, 0.005428517834579795, 0.035018216273369956, 0.81938179714166, 0.05745260253178977, 0.030791055832449093, 0.010226623555260222, 0], [0, 0.004623206528791026, 0.014736238319565243, 0.03849039094606807, 0.016481451584527157, 0.006267348311697949, 0.00043918962724891485, 0.8668399317508699, 0.03531763088726723, 0.014039241776743544, 0.0027653702672209277, 0], [0, 0.010029301901830278, 0.008774153944137317, 0.014780881303805907, 0.007776554267318523, 0.0038694433176946637, 0.014796864081340077, 0.9019453882707911, 0.013908076274253035, 0.009313348736629009, 0.014805987902199953, 0], [0, 0.014309702956240343, 0.017786245680472924, 0.013598908581334675, 0.010331306761991971, 0.0010416068542847625, 0.006894976297848556, 0.9101000874315925, 0.0023957143728421558, 0.004774030527786945, 0.018767420535605095, 0], [0, 0.004942890985462956, 0.013918455801736009, 0.0053313805553741045, 0.00939923773400831, 0.011023562203391027, 0.010922078400991216, 0.9220385865591024, 0.008480460659390785, 0.012241676095961159, 0.0017016710045818907, 0], [0, 0.000993113803859913, 0.0012526615341065547, 0.014644666274925727, 0.01239676308896737, 0.0021268659322504495, 0.0013342527866163614, 0.9236329481399823, 0.018111832512086725, 0.020349386121201334, 0.0051575098060031715, 0], [0, 0.0032895897597143638, 0.008126156399256552, 0.016103038556427116, 0.006108937270003074, 0.0003836890191340854, 0.004419486693737853, 0.9166511543953894, 0.01867654998492536, 0.025034219265917576, 0.0012071786554947318, 0], [0, 0.0050634810730277365, 0.0006409432956061132, 0.020134347833869862, 0.00681197896595165, 0.006255538628906669, 0.006793645885223199, 0.9073589370071808, 0.024726406502131097, 0.015824453583431753, 0.006390267224671099, 0], [0, 0.011365613505892427, 0.0026938286820234417, 0.018516089630609796, 0.003518219938453128, 0.01606309280152165, 5.3736468108509713e-05, 0.9185190953216044, 0.010021704884368248, 0.01033806548864291, 0.008910553278775426, 0], [0, 0, 0, 0, 0, 0, 0, 0, 0, 0, 0, 1]], [\'@\', \'a\', \'b\', \'c\', \'d\', \'e\', \'f\', \'g\', \'h\', \'i\', \'j\', \'$\'])", "([1, 0, 0, 0, 0, 0, 0, 0, 0, 0, 0, 0, 0], [[0, 1, 0, 0, 0, 0, 0, 0, 0, 0, 0, 0, 0], [0, 0.018181818181818184, 0.8, 0.018181818181818184, 0.018181818181818184, 0.018181818181818184, 0.018181818181818184, 0.018181818181818184, 0.018181818181818184, 0.018181818181818184, 0.018181818181818184, 0.018181818181818184, 0.018181818181818184], [0, 0, 0.02, 0.8, 0.02, 0.02, 0.02, 0.02, 0.02, 0.02, 0.02, 0.02, 0.02], [0, 0, 0, 0.022222222222222223, 0.8, 0.022222222222222223, 0.022222222222222223, 0.022222222222222223, 0.022222222222222223, 0.022222222222222223, 0.022222222222222223, 0.022222222222222223, 0.022222222222222223], [0, 0, 0, 0, 0.025, 0.8, 0.025, 0.025, 0.025, 0.025, 0.025, 0.025, 0.025], [0, 0, 0, 0, 0, 0.028571428571428574, 0.8, 0.028571428571428574, 0.028571428571428574, 0.028571428571428574, 0.028571428571428574, 0.028571428571428574, 0.028571428571428574], [0, 0, 0, 0, 0, 0, 0.03333333333333333, 0.8, 0.03333333333333333, 0.03333333333333333, 0.03333333333333333, 0.03333333333333333, 0.03333333333333333], [0, 0, 0, 0, 0, 0, 0, 0.04, 0.8, 0.04, 0.04, 0.04, 0.04], [0, 0, 0, 0, 0, 0, 0, 0, 0.05, 0.8, 0.05, 0.05, 0.05], [0, 0, 0, 0, 0, 0, 0, 0, 0, 0.06666666666666667, 0.8, 0.06666666666666667, 0.06666666666666667], [0, 0, 0, 0, 0, 0, 0, 0, 0, 0, 0.1, 0.8, 0.1], [0, 0, 0, 0, 0, 0, 0, 0, 0, 0, 0, 0.2, 0.8], [1, 0, 0, 0, 0, 0, 0, 0, 0, 0, 0, 0, 0]], [[1, 0, 0, 0, 0, 0, 0, 0, 0, 0, 0, 0], [0, 0.006633559843072864, 0.008712908896303922, 0.0012424061716535813, 0.00493699239460088, 0.020224882468017714, 0.0036876588080416426, 0.8991282455896074, 0.02504237891647985, 0.010601232240737045, 0.019789734671485166, 0], [0, 0.014457479897046061, 0.009636275598433936, 0.016936486996830827, 0.0059663094147637315, 0.005426682461370866, 0.003294441851389163, 0.9111298522474257, 0.016196054948291856, 0.010305810478678458, 0.006650606105769458, 0], [0, 0.015258497454479387, 0.012429639214450285, 5.5240970152228666e-05, 0.007763734892917978, 0.014572679746505886, 0.008457403466012026, 0.9170482126345338, 0.008315585104266924, 0.002905295560319079, 0.013193710956362256, 0], [0, 0.005988994499426495, 0.0045391658875660245, 0.004409155919150915, 0.018613030091137645, 0.005587213650195431, 0.010075602467803082, 0.9160795509993067, 0.012520464373047494, 0.021485303999948357, 0.0007015181124178396, 0], [0, 0.0008229452780044449, 0.01933846392637333, 0.0005555718029519273, 0.004250398890112252, 0.010536685566355059, 0.012836524519376948, 0.8483217260929213, 0.07333812168484084, 0.010502583092702071, 0.019496979146361757, 0], [0, 0.01016534873902669, 0.0032613006567401423, 0.0005306501505129964, 0.01572644163648612, 0.015318437447050992, 0.01021527180825189, 0.7314678014622608, 0.19714226276788868, 0.011318608503160438, 0.004853876828621383, 0], [0, 0.014878291381284652, 0.01381846066719872, 0.005571480308865173, 0.0075112842422951475, 0.0057442829412286, 0.004724203159509436, 0.5912533743495496, 0.25596819925715075, 0.09872305490844265, 0.0018073687844753891, 0], [0, 0.014512887354630837, 0.009623503366707664, 0.014450984547736441, 0.0010896701021312714, 0.0012434317317158389, 0.007922173155796361, 0.5220944036371573, 0.30072173946242686, 0.12247269002704829, 0.005868516614649102, 0], [0, 0.010593798386329605, 0.00307062139660126, 0.015163172162156789, 0.007996388568968489, 0.013532746956459943, 0.005187099791078039, 0.4830767253368322, 0.23460795693391878, 0.1759931269897148, 0.05077836347793989, 0], [0, 0.005117729217401931, 0.010686326696937547, 0.014668612517555042, 0.005515919161868288, 0.008527808962546776, 0.010565106994684402, 0.41397107049257037, 0.29540880116869866, 0.15833553860383243, 0.0772030861839045, 0], [0, 0.008313089650054123, 0.010079426029861461, 0.005975737213527504, 0.01455189741770656, 0.002500287970253526, 0.009971046423097677, 0.4174323248543457, 0.27512679604493623, 0.20744372633543737, 0.04860566806077986, 0], [0, 0, 0, 0, 0, 0, 0, 0, 0, 0, 0, 1]], [\'@\', \'a\', \'b\', \'c\', \'d\', \'e\', \'f\', \'g\', \'h\', \'i\', \'j\', \'$\'])", "([1, 0, 0, 0, 0, 0, 0, 0, 0, 0, 0, 0, 0], [[0, 1, 0, 0, 0, 0, 0, 0, 0, 0, 0, 0, 0], [0, 0.018181818181818184, 0.8, 0.018181818181818184, 0.018181818181818184, 0.018181818181818184, 0.018181818181818184, 0.018181818181818184, 0.018181818181818184, 0.018181818181818184, 0.018181818181818184, 0.018181818181818184, 0.018181818181818184], [0, 0, 0.02, 0.8, 0.02, 0.02, 0.02, 0.02, 0.02, 0.02, 0.02, 0.02, 0.02], [0, 0, 0, 0.022222222222222223, 0.8, 0.022222222222222223, 0.022222222222222223, 0.022222222222222223, 0.022222222222222223, 0.022222222222222223, 0.022222222222222223, 0.022222222222222223, 0.022222222222222223], [0, 0, 0, 0, 0.025, 0.8, 0.025, 0.025, 0.025, 0.025, 0.025, 0.025, 0.025], [0, 0, 0, 0, 0, 0.028571428571428574, 0.8, 0.028571428571428574, 0.028571428571428574, 0.028571428571428574, 0.028571428571428574, 0.028571428571428574, 0.028571428571428574], [0, 0, 0, 0, 0, 0, 0.03333333333333333, 0.8, 0.03333333333333333, 0.03333333333333333, 0.03333333333333333, 0.03333333333333333, 0.03333333333333333], [0, 0, 0, 0, 0, 0, 0, 0.04, 0.8, 0.04, 0.04, 0.04, 0.04], [0, 0, 0, 0, 0, 0, 0, 0, 0.05, 0.8, 0.05, 0.05, 0.05], [0, 0, 0, 0, 0, 0, 0, 0, 0, 0.06666666666666667, 0.8, 0.06666666666666667, 0.06666666666666667], [0, 0, 0, 0, 0, 0, 0, 0, 0, 0, 0.1, 0.8, 0.1], [0, 0, 0, 0, 0, 0, 0, 0, 0, 0, 0, 0.2, 0.8], [1, 0, 0, 0, 0, 0, 0, 0, 0, 0, 0, 0, 0]], [[1, 0, 0, 0, 0, 0, 0, 0, 0, 0, 0, 0], [0, 0.017993105867813924, 0.007422318564391037, 0.027081861520586212, 0.02359259876190162, 0.009915926152573133, 0.025676343392082253, 0.5464916749171407, 0.2050061817342932, 0.10966728347752125, 0.027152705611696852, 0], [0, 0.012845577145308887, 0.003170281099605096, 0.019164838255610703, 0.023786152713193173, 0.012736713678004621, 0.017075310872791728, 0.7733137132733016, 0.07377145356265848, 0.054706010756811065, 0.009429948642714667, 0], [0, 0.00876614849959457, 0.011007760011715478, 0.02098331672256715, 0.021087377446349115, 0.010088349460666729, 0.0018216237403500043, 0.8222166203341957, 0.06862956497311372, 0.03217059140851186, 0.003228647402935639, 0], [0, 0.00020470159593968053, 0.001496002406099617, 0.005161097624202128, 0.015180732966122493, 0.009855558311040586, 0.015851753885524334, 0.7526559371151295, 0.16248637706381938, 0.034848928604897675, 0.002258910427224762, 0], [0, 0.0026036851736129397, 0.0069475809849188375, 0.013274795618501757, 0.005108269852781573, 0.012767834617834666, 0.007396388595740697, 0.842204750831813, 0.06132732350296327, 0.03963487633066393, 0.008734494491169463, 0], [0, 0.011836122062631462, 0.011768717957909241, 0.007827364834204716, 0.00874435433905715, 0.005207460880413891, 0.005907260836746716, 0.7666363582041043, 0.14659764460740177, 0.029113745385100837, 0.00636097089242991, 0], [0, 0.004862872397282114, 0.015884850921407817, 0.01634128627912465, 0.002590904922755079, 0.007751497719088306, 0.00827583306685395, 0.888109021456074, 0.0369861554430711, 0.015641323242485912, 0.0035562545518571663, 0], [0, 0.014234573106847908, 0.0007419599131785178, 0.011919166438490628, 0.0013984166476766922, 0.0080746291825349, 0.010578367209170686, 0.8908851153674316, 0.043607486626256416, 0.009284469739472796, 0.009275815768939788, 0], [0, 0.0028700423838454478, 0.014888691475709806, 0.007122603524047432, 0.017926705793060348, 0.00783035023173446, 0.0010240290794401553, 0.9028341576577333, 0.027291954359771522, 0.016693072461080084, 0.0015183930335773536, 0], [0, 0.002957937335339727, 0.013152960797495486, 0.0075036582733426236, 0.01035423745777451, 0.01384515979405878, 0.012083375717771546, 0.9118352880857924, 0.013996252416993487, 0.0024290199650772487, 0.0118421101563541, 0], [0, 0.002590313433992275, 0.01379849996594093, 0.0003159283825847726, 0.014136823744484151, 0.0006764202769677754, 0.00020957883091112593, 0.9108296364532769, 0.028952877844573642, 0.023819824015012387, 0.0046700970522560665, 0], [0, 0, 0, 0, 0, 0, 0, 0, 0, 0, 0, 1]], [\'@\', \'a\', \'b\', \'c\', \'d\', \'e\', \'f\', \'g\', \'h\', \'i\', \'j\', \'$\'])", "([1, 0, 0, 0, 0, 0, 0, 0, 0, 0, 0, 0, 0], [[0, 1, 0, 0, 0, 0, 0, 0, 0, 0, 0, 0, 0], [0, 0.018181818181818184, 0.8, 0.018181818181818184, 0.018181818181818184, 0.018181818181818184, 0.018181818181818184, 0.018181818181818184, 0.018181818181818184, 0.018181818181818184, 0.018181818181818184, 0.018181818181818184, 0.018181818181818184], [0, 0, 0.02, 0.8, 0.02, 0.02, 0.02, 0.02, 0.02, 0.02, 0.02, 0.02, 0.02], [0, 0, 0, 0.022222222222222223, 0.8, 0.022222222222222223, 0.022222222222222223, 0.022222222222222223, 0.022222222222222223, 0.022222222222222223, 0.022222222222222223, 0.022222222222222223, 0.022222222222222223], [0, 0, 0, 0, 0.025, 0.8, 0.025, 0.025, 0.025, 0.025, 0.025, 0.025, 0.025], [0, 0, 0, 0, 0, 0.028571428571428574, 0.8, 0.028571428571428574, 0.028571428571428574, 0.028571428571428574, 0.028571428571428574, 0.028571428571428574, 0.028571428571428574], [0, 0, 0, 0, 0, 0, 0.03333333333333333, 0.8, 0.03333333333333333, 0.03333333333333333, 0.03333333333333333, 0.03333333333333333, 0.03333333333333333], [0, 0, 0, 0, 0, 0, 0, 0.04, 0.8, 0.04, 0.04, 0.04, 0.04], [0, 0, 0, 0, 0, 0, 0, 0, 0.05, 0.8, 0.05, 0.05, 0.05], [0, 0, 0, 0, 0, 0, 0, 0, 0, 0.06666666666666667, 0.8, 0.06666666666666667, 0.06666666666666667], [0, 0, 0, 0, 0, 0, 0, 0, 0, 0, 0.1, 0.8, 0.1], [0, 0, 0, 0, 0, 0, 0, 0, 0, 0, 0, 0.2, 0.8], [1, 0, 0, 0, 0, 0, 0, 0, 0, 0, 0, 0, 0]], [[1, 0, 0, 0, 0, 0, 0, 0, 0, 0, 0, 0], [0, 0.016587805935522535, 7.193124288985654e-05, 0.027882634069842947, 0.009675826550687041, 0.011987324881952028, 0.0001109038928907922, 0.7465514739776403, 0.15979121125904786, 0.013190261238764352, 0.01415062695076235, 0], [0, 0.013546283112390166, 0.006694532444603467, 0.007585898700835529, 0.007975351768520952, 0.01045420209444964, 0.017633150488172114, 0.8646165635376828, 0.04446738022969137, 0.02534060535507061, 0.0016860322685833464, 0], [0, 0.0007256597512027664, 0.018224614809498173, 0.018545637905070585, 0.0009172778666500004, 0.0011419812020023775, 0.0017233972727830984, 0.9050560946981876, 0.02969904907557475, 0.01984156717862663, 0.004124720240403993, 0], [0, 0.01499719209425741, 0.012689266193229656, 0.004604767816379111, 0.01231872974359033, 0.009108692334796583, 0.003561362666182282, 0.8612710298563685, 0.06502126279993915, 0.00209462771441632, 0.01433306878084066, 0], [0, 0.005185166991759056, 0.007963167144960252, 0.015159410493630713, 0.011270509805061571, 0.001819616886906447, 0.0038169101895738455, 0.8531723889066665, 0.08023321833856926, 0.0013992227729556226, 0.019980388469916902, 0], [0, 0.000886609745452213, 0.01721285586595428, 0.011138502501206633, 0.01062186789144945, 0.011585972900676705, 0.002395695934845965, 0.8505783648744654, 0.07763248946867628, 0.0021200324538369173, 0.015827608363436357, 0], [0, 0.0075684454347316275, 0.010055238195346547, 0.0022730524113939296, 0.006299313263709252, 0.014806989743694423, 0.011089218373828081, 0.8551746479772732, 0.07340508376889825, 0.01724443487878485, 0.0020835759523399264, 0], [0, 0.010329647263667434, 0.013555920456936307, 0.014499986918979135, 0.000753017575191732, 9.453393907580369e-05, 0.0007180956846391678, 0.8205162589657953, 0.10032626335748931, 0.02652739926837443, 0.01267887656985148, 0], [0, 0.005716396247051279, 0.005643968193302735, 0.012293175081625932, 0.01867372913361812, 0.005461362578267284, 0.003910486249524322, 0.665441860164289, 0.2094224003644721, 0.05125860987951266, 0.022178012108336576, 0], [0, 0.0036950950652185894, 0.007044559654599886, 0.01690500777379238, 0.012537968941217018, 0.01699002386317854, 0.011777445065981473, 0.6102887666390154, 0.16401788624115898, 0.1456968477544782, 0.011046399001359501, 0], [0, 0.007850717238394108, 0.015454993961438568, 0.016929764405945513, 0.00463313275026281, 0.0021498220143291334, 0.012643256192997297, 0.42836689339550793, 0.26433415256821186, 0.2363417536520501, 0.01129551382086272, 0], [0, 0, 0, 0, 0, 0, 0, 0, 0, 0, 0, 1]], [\'@\', \'a\', \'b\', \'c\', \'d\', \'e\', \'f\', \'g\', \'h\', \'i\', \'j\', \'$\'])", "([1, 0, 0, 0, 0, 0, 0, 0, 0, 0, 0, 0, 0], [[0, 1, 0, 0, 0, 0, 0, 0, 0, 0, 0, 0, 0], [0, 0.018181818181818184, 0.8, 0.018181818181818184, 0.018181818181818184, 0.018181818181818184, 0.018181818181818184, 0.018181818181818184, 0.018181818181818184, 0.018181818181818184, 0.018181818181818184, 0.018181818181818184, 0.018181818181818184], [0, 0, 0.02, 0.8, 0.02, 0.02, 0.02, 0.02, 0.02, 0.02, 0.02, 0.02, 0.02], [0, 0, 0, 0.022222222222222223, 0.8, 0.022222222222222223, 0.022222222222222223, 0.022222222222222223, 0.022222222222222223, 0.022222222222222223, 0.022222222222222223, 0.022222222222222223, 0.022222222222222223], [0, 0, 0, 0, 0.025, 0.8, 0.025, 0.025, 0.025, 0.025, 0.025, 0.025, 0.025], [0, 0, 0, 0, 0, 0.028571428571428574, 0.8, 0.028571428571428574, 0.028571428571428574, 0.028571428571428574, 0.028571428571428574, 0.028571428571428574, 0.028571428571428574], [0, 0, 0, 0, 0, 0, 0.03333333333333333, 0.8, 0.03333333333333333, 0.03333333333333333, 0.03333333333333333, 0.03333333333333333, 0.03333333333333333], [0, 0, 0, 0, 0, 0, 0, 0.04, 0.8, 0.04, 0.04, 0.04, 0.04], [0, 0, 0, 0, 0, 0, 0, 0, 0.05, 0.8, 0.05, 0.05, 0.05], [0, 0, 0, 0, 0, 0, 0, 0, 0, 0.06666666666666667, 0.8, 0.06666666666666667, 0.06666666666666667], [0, 0, 0, 0, 0, 0, 0, 0, 0, 0, 0.1, 0.8, 0.1], [0, 0, 0, 0, 0, 0, 0, 0, 0, 0, 0, 0.2, 0.8], [1, 0, 0, 0, 0, 0, 0, 0, 0, 0, 0, 0, 0]], [[1, 0, 0, 0, 0, 0, 0, 0, 0, 0, 0, 0], [0, 0.008786229169549468, 0.002034266878406153, 0.028026478043874304, 0.019527039320167593, 0.01862584146416386, 0.10046587603656577, 0.5206189925082657, 0.1875683590679043, 0.11355184352793818, 0.0007950739831647786, 0], [0, 0.0007746426703030354, 0.0005041564997149934, 0.02677464220981206, 0.015142704734671483, 0.0007355752792195449, 0.04015797199405655, 0.7029617755473212, 0.1249858231686423, 0.07593324004016556, 0.012029467856093197, 0], [0, 0.01009450803483428, 0.011619356472062178, 0.01489869404449069, 0.003504522029963729, 0.005393322575126318, 0.012995427180471112, 0.702738539867222, 0.2228338530004615, 0.006327138893233442, 0.009594637902134903, 0], [0, 0.01593581100182906, 0.0007021423887270335, 0.012749792633254573, 0.0033121645803400536, 0.01609997557822021, 0.0045872041296822685, 0.5881338027332925, 0.3409683903937296, 0.00546836304210696, 0.012042353518817689, 0], [0, 0.01419492425237819, 0.011316507603156908, 0.0016755614351224198, 0.005825976347849782, 0.010750047314540509, 0.006947036014855139, 0.43597267694391956, 0.494821697712422, 0.001315970710960791, 0.017179601664794625, 0], [0, 0.0059155594089831415, 0.013421449743155081, 0.011453077146214184, 0.006128159623572193, 0.0049442248177921045, 0.014600831123044831, 0.4551190415290645, 0.4713043401216446, 0.010892449226776237, 0.006220867259753095, 0], [0, 0.003213863546248622, 0.0005999275818001007, 0.009723165775148843, 0.013238702587515111, 0.015530822131497623, 0.005974204009195874, 0.4559197270386532, 0.4745026106055403, 0.0058494527050832554, 0.015447524019317078, 0], [0, 0.006494226019035457, 0.014200208791945529, 0.009547487162577358, 0.018400430462118512, 0.0031470164491297255, 0.016158521378476186, 0.4766922983569672, 0.427499104357917, 0.017116433869475915, 0.010744273152357191, 0], [0, 0.010952116127359062, 0.00033595998199473985, 0.009251795322895521, 0.007048003918416437, 0.0022946777747383314, 0.007272755850006504, 0.4732028121344703, 0.4021145064443778, 0.06511129284748136, 0.022416079598259912, 0], [0, 0.00830694802366124, 0.007010405323131576, 0.007293487073310745, 0.00866984659697934, 0.013965232940519183, 0.0074627940870797636, 0.4453727250674208, 0.33918323078503926, 0.1525526041855312, 0.010182725917326893, 0], [0, 0.007903217152620512, 0.014285133199707497, 0.0023335783045612263, 0.017643558387624037, 0.005912084920446418, 0.004753333414839516, 0.3172593644595911, 0.3297421238769752, 0.28797032434919784, 0.012197281934436569, 0], [0, 0, 0, 0, 0, 0, 0, 0, 0, 0, 0, 1]], [\'@\', \'a\', \'b\', \'c\', \'d\', \'e\', \'f\', \'g\', \'h\', \'i\', \'j\', \'$\'])", "([1, 0, 0, 0, 0, 0, 0, 0, 0, 0, 0, 0, 0], [[0, 1, 0, 0, 0, 0, 0, 0, 0, 0, 0, 0, 0], [0, 0.018181818181818184, 0.8, 0.018181818181818184, 0.018181818181818184, 0.018181818181818184, 0.018181818181818184, 0.018181818181818184, 0.018181818181818184, 0.018181818181818184, 0.018181818181818184, 0.018181818181818184, 0.018181818181818184], [0, 0, 0.02, 0.8, 0.02, 0.02, 0.02, 0.02, 0.02, 0.02, 0.02, 0.02, 0.02], [0, 0, 0, 0.022222222222222223, 0.8, 0.022222222222222223, 0.022222222222222223, 0.022222222222222223, 0.022222222222222223, 0.022222222222222223, 0.022222222222222223, 0.022222222222222223, 0.022222222222222223], [0, 0, 0, 0, 0.025, 0.8, 0.025, 0.025, 0.025, 0.025, 0.025, 0.025, 0.025], [0, 0, 0, 0, 0, 0.028571428571428574, 0.8, 0.028571428571428574, 0.028571428571428574, 0.028571428571428574, 0.028571428571428574, 0.028571428571428574, 0.028571428571428574], [0, 0, 0, 0, 0, 0, 0.03333333333333333, 0.8, 0.03333333333333333, 0.03333333333333333, 0.03333333333333333, 0.03333333333333333, 0.03333333333333333], [0, 0, 0, 0, 0, 0, 0, 0.04, 0.8, 0.04, 0.04, 0.04, 0.04], [0, 0, 0, 0, 0, 0, 0, 0, 0.05, 0.8, 0.05, 0.05, 0.05], [0, 0, 0, 0, 0, 0, 0, 0, 0, 0.06666666666666667, 0.8, 0.06666666666666667, 0.06666666666666667], [0, 0, 0, 0, 0, 0, 0, 0, 0, 0, 0.1, 0.8, 0.1], [0, 0, 0, 0, 0, 0, 0, 0, 0, 0, 0, 0.2, 0.8], [1, 0, 0, 0, 0, 0, 0, 0, 0, 0, 0, 0, 0]], [[1, 0, 0, 0, 0, 0, 0, 0, 0, 0, 0, 0], [0, 0.014295422187214496, 0.00717439075796836, 0.009748886653293373, 0.01721978541402899, 0.004482715754925424, 0.001201137130090551, 0.8746507401723872, 0.04455413447823592, 0.017164527042362692, 0.009508260409492885, 0], [0, 0.007081723151553409, 0.01128132685280506, 0.01308833401259077, 0.0078098797667031285, 0.0079095671814768, 0.0004733168689742617, 0.9245278962323946, 0.007159052454291154, 0.0024799938521454117, 0.018188909627065483, 0], [0, 0.008614773047114041, 0.015249972323784498, 0.0021840609426819354, 0.01531790761950888, 0.0022786438352439334, 0.01555039951992902, 0.8839024769694857, 0.04124971939660302, 0.00639122426582608, 0.009260822079823046, 0], [0, 0.009666077402984493, 0.0022090716768625564, 0.009045840790818552, 0.009933932172607022, 0.017188940219777158, 0.0046144809671243075, 0.8667537610166959, 0.05333604766805417, 0.02117602660707299, 0.006075821478002803, 0], [0, 0.009700249536259555, 0.002523445091611087, 0.012843121560617973, 0.0027136357913065826, 0.011882426301389505, 0.0023586522863016644, 0.8541750893388458, 0.04756188613909241, 0.05274848086171846, 0.0034930130928568937, 0], [0, 0.012581913279267299, 0.005088699689419306, 0.011490077161311953, 0.01248680680260385, 0.012300791749911954, 0.010098959310050235, 0.8663147933218984, 0.04717596870695896, 0.015468300803487309, 0.00699368917509072, 0], [0, 0.0026985843620329223, 0.014569636324037934, 0.006983907702295627, 0.017603139637335712, 0.0068890236561991725, 0.005575260640694314, 0.8587045595615728, 0.06875947813740278, 0.0006468954622087862, 0.017569514516219808, 0], [0, 0.0033132097992238647, 0.006209138564790732, 0.019456208226618893, 0.011410185585032422, 0.005733567862842677, 0.0004363703632516175, 0.869411159999937, 0.05346332546921286, 0.01274996070987412, 0.01781687341921586, 0], [0, 0.011199252502377448, 0.004955235428209083, 0.01219190403243974, 0.005468979198620689, 0.013670281091250402, 0.007254516300331602, 0.9239404371913509, 0.00500928726183902, 0.0076464368781767565, 0.008663670115404544, 0], [0, 0.013682819466959394, 0.016812373593540875, 0.0077167847664397875, 0.009116839521185886, 0.002157227720978132, 0.00030115991374699556, 0.9030294067153571, 0.01881617608868138, 0.020062674807177616, 0.00830453740593281, 0], [0, 0.003695664659653695, 0.01582225141923425, 0.006311351579688681, 0.012165332766720001, 0.008575623087847564, 0.008252467687725954, 0.851960430917182, 0.04770349487175608, 0.04109361827665637, 0.00441976473353547, 0], [0, 0, 0, 0, 0, 0, 0, 0, 0, 0, 0, 1]], [\'@\', \'a\', \'b\', \'c\', \'d\', \'e\', \'f\', \'g\', \'h\', \'i\', \'j\', \'$\'])", "([1, 0, 0, 0, 0, 0, 0, 0, 0, 0, 0, 0, 0], [[0, 1, 0, 0, 0, 0, 0, 0, 0, 0, 0, 0, 0], [0, 0.018181818181818184, 0.8, 0.018181818181818184, 0.018181818181818184, 0.018181818181818184, 0.018181818181818184, 0.018181818181818184, 0.018181818181818184, 0.018181818181818184, 0.018181818181818184, 0.018181818181818184, 0.018181818181818184], [0, 0, 0.02, 0.8, 0.02, 0.02, 0.02, 0.02, 0.02, 0.02, 0.02, 0.02, 0.02], [0, 0, 0, 0.022222222222222223, 0.8, 0.022222222222222223, 0.022222222222222223, 0.022222222222222223, 0.022222222222222223, 0.022222222222222223, 0.022222222222222223, 0.022222222222222223, 0.022222222222222223], [0, 0, 0, 0, 0.025, 0.8, 0.025, 0.025, 0.025, 0.025, 0.025, 0.025, 0.025], [0, 0, 0, 0, 0, 0.028571428571428574, 0.8, 0.028571428571428574, 0.028571428571428574, 0.028571428571428574, 0.028571428571428574, 0.028571428571428574, 0.028571428571428574], [0, 0, 0, 0, 0, 0, 0.03333333333333333, 0.8, 0.03333333333333333, 0.03333333333333333, 0.03333333333333333, 0.03333333333333333, 0.03333333333333333], [0, 0, 0, 0, 0, 0, 0, 0.04, 0.8, 0.04, 0.04, 0.04, 0.04], [0, 0, 0, 0, 0, 0, 0, 0, 0.05, 0.8, 0.05, 0.05, 0.05], [0, 0, 0, 0, 0, 0, 0, 0, 0, 0.06666666666666667, 0.8, 0.06666666666666667, 0.06666666666666667], [0, 0, 0, 0, 0, 0, 0, 0, 0, 0, 0.1, 0.8, 0.1], [0, 0, 0, 0, 0, 0, 0, 0, 0, 0, 0, 0.2, 0.8], [1, 0, 0, 0, 0, 0, 0, 0, 0, 0, 0, 0, 0]], [[1, 0, 0, 0, 0, 0, 0, 0, 0, 0, 0, 0], [0, 0.005053682924274167, 0.004032298496427526, 0.033456556066781454, 0.025139431672064762, 0.01755826412916459, 0.03996400026285778, 0.31889768860416606, 0.2559991681586138, 0.2977876443594468, 0.002111265326203041, 0], [0, 0.014302032903878624, 0.005520313779128211, 0.001090670855820272, 0.0003375596489546934, 0.006777097839372197, 0.0257850840629778, 0.6028990351234595, 0.2294223897448081, 0.10425056837976722, 0.009615247661833281, 0], [0, 0.010790995800112047, 0.00030168008092782116, 0.005333661543075515, 0.005859566945042419, 0.02055602931782592, 0.003819693324264781, 0.31831039064823285, 0.24989544948050774, 0.3710099297357504, 0.014122603124260613, 0], [0, 0.00825182630044922, 0.002829617054907363, 0.013537535287330319, 0.01277853287104057, 0.0055446012134991824, 0.014623726489603495, 0.1535291802754747, 0.26350181626740893, 0.5203323798645239, 0.005070784375762336, 0], [0, 0.005254504907364047, 0.004406659150566818, 0.002791725384055848, 0.004804726274758256, 0.00797784965765924, 0.017576167466824444, 0.1307280522768532, 0.1946306949605334, 0.6262960750941777, 0.005533544827206982, 0], [0, 0.006555441467778199, 0.0005335932310236293, 0.006542372256594502, 0.009289352909931589, 0.00798205369851776, 0.01666589005232874, 0.06831100427569745, 0.2094316781617905, 0.6600660171005123, 0.014622596845825304, 0], [0, 0.004887373187065012, 0.012559738583601933, 0.010938523350513596, 0.006229597616712334, 0.009780052334160174, 0.010667593619689148, 0.14288285203163853, 0.19332442683112178, 0.6041691246705021, 0.004560717774995303, 0], [0, 0.010534971465563987, 0.011593466543556029, 0.011978429153042234, 0.013599133189626942, 0.007820730154173804, 0.013986763440013443, 0.3819224400535172, 0.24095387951084032, 0.3019655134901727, 0.0056446729994933656, 0], [0, 0.0036968794152540305, 0.013819304970335169, 0.01865515255115587, 0.0008805977194859125, 0.004430340827962883, 0.01479217626671347, 0.5085525820652255, 0.1975681587866668, 0.2333995341802112, 0.0042052732169891765, 0], [0, 0.013567296353677576, 0.009626296727075054, 0.007590833773532673, 0.0011372992502470974, 0.014980908436668295, 0.005437665333322257, 0.6332725963744718, 0.17703284562257784, 0.12109987479473248, 0.016254383333694968, 0], [0, 0.001645038419787789, 0.0020392103970662003, 0.029520900171363832, 0.0236857788503156, 0.017823417681760937, 0.007207013590236666, 0.5246888358092482, 0.18928921205507093, 0.1925058504618256, 0.011594742563324234, 0], [0, 0, 0, 0, 0, 0, 0, 0, 0, 0, 0, 1]], [\'@\', \'a\', \'b\', \'c\', \'d\', \'e\', \'f\', \'g\', \'h\', \'i\', \'j\', \'$\'])", "([1, 0, 0, 0, 0, 0, 0, 0, 0, 0, 0, 0, 0], [[0, 1, 0, 0, 0, 0, 0, 0, 0, 0, 0, 0, 0], [0, 0.018181818181818184, 0.8, 0.018181818181818184, 0.018181818181818184, 0.018181818181818184, 0.018181818181818184, 0.018181818181818184, 0.018181818181818184, 0.018181818181818184, 0.018181818181818184, 0.018181818181818184, 0.018181818181818184], [0, 0, 0.02, 0.8, 0.02, 0.02, 0.02, 0.02, 0.02, 0.02, 0.02, 0.02, 0.02], [0, 0, 0, 0.022222222222222223, 0.8, 0.022222222222222223, 0.022222222222222223, 0.022222222222222223, 0.022222222222222223, 0.022222222222222223, 0.022222222222222223, 0.022222222222222223, 0.022222222222222223], [0, 0, 0, 0, 0.025, 0.8, 0.025, 0.025, 0.025, 0.025, 0.025, 0.025, 0.025], [0, 0, 0, 0, 0, 0.028571428571428574, 0.8, 0.028571428571428574, 0.028571428571428574, 0.028571428571428574, 0.028571428571428574, 0.028571428571428574, 0.028571428571428574], [0, 0, 0, 0, 0, 0, 0.03333333333333333, 0.8, 0.03333333333333333, 0.03333333333333333, 0.03333333333333333, 0.03333333333333333, 0.03333333333333333], [0, 0, 0, 0, 0, 0, 0, 0.04, 0.8, 0.04, 0.04, 0.04, 0.04], [0, 0, 0, 0, 0, 0, 0, 0, 0.05, 0.8, 0.05, 0.05, 0.05], [0, 0, 0, 0, 0, 0, 0, 0, 0, 0.06666666666666667, 0.8, 0.06666666666666667, 0.06666666666666667], [0, 0, 0, 0, 0, 0, 0, 0, 0, 0, 0.1, 0.8, 0.1], [0, 0, 0, 0, 0, 0, 0, 0, 0, 0, 0, 0.2, 0.8], [1, 0, 0, 0, 0, 0, 0, 0, 0, 0, 0, 0, 0]], [[1, 0, 0, 0, 0, 0, 0, 0, 0, 0, 0, 0], [0, 0.009789551791495588, 0.015094410285461385, 0.010378368436707011, 0.04688135647162484, 0.005574962336639903, 0.03480080974873427, 0.20650555573649002, 0.44355851594133383, 0.2084147143091674, 0.01900175494234569, 0], [0, 0.003149446748675334, 0.012145337913715502, 0.04541685882525254, 0.06304399289490933, 0.002105924453781308, 0.037239159009219536, 0.3660496057705429, 0.32263020314646385, 0.12237712290215458, 0.025842348335285082, 0], [0, 0.001857548053658336, 0.0008440855874902003, 0.06059869009796985, 0.06168084027696472, 0.010448283350888574, 0.047325656529499764, 0.5279344752473156, 0.1937440214427283, 0.07981497808923864, 0.015751421324245885, 0], [0, 0.0021624106156538374, 0.006704164150277377, 0.038125520977537845, 0.08095603175197419, 0.017676612510449066, 0.10942438076213047, 0.4890670614474007, 0.18159441505155327, 0.04831521015284071, 0.025974192580182576, 0], [0, 0.020067078387531155, 0.006486576729150839, 0.053811123320496396, 0.08758289902461296, 0.0004551670480937273, 0.1267888941539731, 0.5081645575822097, 0.14821112537709122, 0.0431559090099855, 0.005276669366855234, 0], [0, 0.016749195627639588, 0.008239536395018813, 0.055566232957376366, 0.11997239541879802, 0.015396303849100882, 0.14555096708600274, 0.48575886408878133, 0.1077240419404746, 0.03472705335129125, 0.010315409285516572, 0], [0, 0.0059046454149361, 0.003157624019131118, 0.06056226762695836, 0.09566983817896797, 0.014928691844666407, 0.11599158335261142, 0.5631672169002646, 0.09801437806295382, 0.03493703800181862, 0.0076667165976915365, 0], [0, 0.005880558434283846, 0.0029708633623964664, 0.05532580034264672, 0.07339864780865808, 0.01380219953310704, 0.10602243371190519, 0.5396388855024931, 0.13641594536004117, 0.04926303169923096, 0.017281634245237473, 0], [0, 0.015304112399112408, 0.011298825882425902, 0.03137733032695392, 0.08496272973648727, 0.0005715825738929712, 0.028552779154314374, 0.5449907655169417, 0.17811100857311848, 0.0884618230858405, 0.016369042750912343, 0], [0, 0.006211215249437437, 0.006436106966638544, 0.038840723390370806, 0.03998308443084754, 0.013298791637951075, 0.046644047427536264, 0.5100524150929101, 0.20221108171597996, 0.1153339376019988, 0.02098859648632942, 0], [0, 0.005173387121977501, 0.010849194015663583, 0.04325231800846331, 0.04327667866560849, 0.009030216738307596, 0.06830033034937526, 0.3247736786340891, 0.26915527217269203, 0.19778584421516418, 0.028403080078658754, 0], [0, 0, 0, 0, 0, 0, 0, 0, 0, 0, 0, 1]], [\'@\', \'a\', \'b\', \'c\', \'d\', \'e\', \'f\', \'g\', \'h\', \'i\', \'j\', \'$\'])", "([1, 0, 0, 0, 0, 0, 0, 0, 0, 0, 0, 0, 0], [[0, 1, 0, 0, 0, 0, 0, 0, 0, 0, 0, 0, 0], [0, 0.018181818181818184, 0.8, 0.018181818181818184, 0.018181818181818184, 0.018181818181818184, 0.018181818181818184, 0.018181818181818184, 0.018181818181818184, 0.018181818181818184, 0.018181818181818184, 0.018181818181818184, 0.018181818181818184], [0, 0, 0.02, 0.8, 0.02, 0.02, 0.02, 0.02, 0.02, 0.02, 0.02, 0.02, 0.02], [0, 0, 0, 0.022222222222222223, 0.8, 0.022222222222222223, 0.022222222222222223, 0.022222222222222223, 0.022222222222222223, 0.022222222222222223, 0.022222222222222223, 0.022222222222222223, 0.022222222222222223], [0, 0, 0, 0, 0.025, 0.8, 0.025, 0.025, 0.025, 0.025, 0.025, 0.025, 0.025], [0, 0, 0, 0, 0, 0.028571428571428574, 0.8, 0.028571428571428574, 0.028571428571428574, 0.028571428571428574, 0.028571428571428574, 0.028571428571428574, 0.028571428571428574], [0, 0, 0, 0, 0, 0, 0.03333333333333333, 0.8, 0.03333333333333333, 0.03333333333333333, 0.03333333333333333, 0.03333333333333333, 0.03333333333333333], [0, 0, 0, 0, 0, 0, 0, 0.04, 0.8, 0.04, 0.04, 0.04, 0.04], [0, 0, 0, 0, 0, 0, 0, 0, 0.05, 0.8, 0.05, 0.05, 0.05], [0, 0, 0, 0, 0, 0, 0, 0, 0, 0.06666666666666667, 0.8, 0.06666666666666667, 0.06666666666666667], [0, 0, 0, 0, 0, 0, 0, 0, 0, 0, 0.1, 0.8, 0.1], [0, 0, 0, 0, 0, 0, 0, 0, 0, 0, 0, 0.2, 0.8], [1, 0, 0, 0, 0, 0, 0, 0, 0, 0, 0, 0, 0]], [[1, 0, 0, 0, 0, 0, 0, 0, 0, 0, 0, 0], [0, 0.011353168106900065, 0.014559520378122422, 0.017684552880629957, 0.013733699555641712, 0.011399487835751638, 0.003683667977120528, 0.6094177857699804, 0.20006819278563426, 0.1001811362071359, 0.01791878850308322, 0], [0, 0.0033292750746602455, 0.0073498291838036385, 0.010198166718243038, 0.015832452293058512, 0.004913382905796123, 0.01217276849652961, 0.7260574754382052, 0.17651122780841416, 0.040342638302635965, 0.0032927837786535575, 0], [0, 0.003442951218959252, 0.008301524714531184, 0.005274014772304916, 0.020105605357271652, 0.005065876734092251, 0.00353633418867908, 0.49653431866475756, 0.18220819274774677, 0.19284571438579032, 0.08268546721586706, 0], [0, 0.013750617836949244, 0.008595757331881358, 0.008255568451444043, 0.005057831669935289, 0.004312018348339194, 0.015250650667415362, 0.33996856478933674, 0.1690768105031965, 0.27643900082210526, 0.15929317957939695, 0], [0, 0.016219562965805335, 0.002383770322088973, 0.008814169785375406, 0.012980367732355039, 0.012622491531164686, 0.002373767628156016, 0.2757658931900412, 0.206122211132087, 0.26780271670685263, 0.19491504900607376, 0], [0, 0.010571392967604844, 0.010681030070218653, 0.016539855296550842, 0.0001372222705190218, 0.013196608725688756, 0.004411536491631645, 0.3442424876541023, 0.19230185660859145, 0.2164426933184179, 0.19147531659667455, 0], [0, 0.015323923180103309, 0.011120963279319178, 0.012180174599757773, 0.010258125662022222, 0.0004862312776406293, 0.018843268686476268, 0.4026927922964281, 0.21921825616177157, 0.21831335532640853, 0.09156290953007241, 0], [0, 0.01364103555906808, 0.013412363926517484, 0.010750703160751662, 0.004388300773057747, 0.006039691219454523, 0.01193561278280167, 0.6750344042916611, 0.15017382280487027, 0.06525431225888033, 0.049369753222937136, 0], [0, 0.009298059133677122, 0.007381162470812836, 0.01034612917820747, 0.001953092308043767, 0.005726812693630083, 0.015584107688397244, 0.8413921483435097, 0.07921455589270553, 0.02762973159797941, 0.0014742006930367746, 0], [0, 0.00361579967373383, 0.011505398296634295, 0.011605307105033394, 0.015829792068982, 0.00