((11, 4.6, 'SUMMARY'), '([\'AAAAAAAAAAA\', \'BBBBBBBBBBB\', \'CCCCCCCCCCC\', \'DDDDDDDDDDD\', \'EEEEEEEEEEE\', \'FFFFFFFFFFF\', \'GGGGGGGGGGG\', \'HHHHHHHHHHH\', \'IIIIIIIIIII\', \'JJJJJJJJJJJ\', \'KKKKKKKKKKK\', \'LLLLLLLLLLL\', \'MMMMMMMMMMM\', \'NNNNNNNNNNN\', \'OOOOOOOOOOO\', \'PPPPPPPPPPP\', \'QQQQQQQQQQQ\', \'RRRRRRRRRRR\', \'SSSSSSSSSSS\', \'TTTTTTTTTTT\', \'UUUUUUUUUUU\', \'VVVVVVVVVVV\', \'WWWWWWWWWWW\', \'XXXXXXXXXXX\', \'YYYYYYYYYYY\', \'ZZZZZZZZZZZ\'], ["([1, 0, 0, 0, 0, 0, 0, 0, 0, 0, 0, 0, 0], [[0, 1, 0, 0, 0, 0, 0, 0, 0, 0, 0, 0, 0], [0, 0.018181818181818184, 0.8, 0.018181818181818184, 0.018181818181818184, 0.018181818181818184, 0.018181818181818184, 0.018181818181818184, 0.018181818181818184, 0.018181818181818184, 0.018181818181818184, 0.018181818181818184, 0.018181818181818184], [0, 0, 0.02, 0.8, 0.02, 0.02, 0.02, 0.02, 0.02, 0.02, 0.02, 0.02, 0.02], [0, 0, 0, 0.022222222222222223, 0.8, 0.022222222222222223, 0.022222222222222223, 0.022222222222222223, 0.022222222222222223, 0.022222222222222223, 0.022222222222222223, 0.022222222222222223, 0.022222222222222223], [0, 0, 0, 0, 0.025, 0.8, 0.025, 0.025, 0.025, 0.025, 0.025, 0.025, 0.025], [0, 0, 0, 0, 0, 0.028571428571428574, 0.8, 0.028571428571428574, 0.028571428571428574, 0.028571428571428574, 0.028571428571428574, 0.028571428571428574, 0.028571428571428574], [0, 0, 0, 0, 0, 0, 0.03333333333333333, 0.8, 0.03333333333333333, 0.03333333333333333, 0.03333333333333333, 0.03333333333333333, 0.03333333333333333], [0, 0, 0, 0, 0, 0, 0, 0.04, 0.8, 0.04, 0.04, 0.04, 0.04], [0, 0, 0, 0, 0, 0, 0, 0, 0.05, 0.8, 0.05, 0.05, 0.05], [0, 0, 0, 0, 0, 0, 0, 0, 0, 0.06666666666666667, 0.8, 0.06666666666666667, 0.06666666666666667], [0, 0, 0, 0, 0, 0, 0, 0, 0, 0, 0.1, 0.8, 0.1], [0, 0, 0, 0, 0, 0, 0, 0, 0, 0, 0, 0.2, 0.8], [1, 0, 0, 0, 0, 0, 0, 0, 0, 0, 0, 0, 0]], [[1, 0, 0, 0, 0, 0, 0, 0, 0, 0, 0], [0, 0.8346129856266941, 0.01164614276603418, 0.01768652009379535, 0.05491352409953333, 0.015089643526785195, 0.006992686143623743, 0.030721631266780496, 0.025098441968399693, 0.003238424508353957, 0], [0, 0.8190801418356531, 0.039711414564911236, 0.015030511387387487, 0.019995513887639906, 0.0017397675522134246, 0.008604622500381442, 0.07492675990677305, 0.003988327173207252, 0.016922941191832946, 0], [0, 0.7962839611817357, 0.07076301295996228, 0.02602210980002467, 0.03449315790983225, 0.022699490245817782, 0.0018432006089718126, 0.020419738765732807, 0.016011623433429562, 0.011463705094493185, 0], [0, 0.7601435029573217, 0.09468454740182572, 0.03219935642886505, 0.0765904233145533, 0.002185062749829712, 0.010491205471667339, 0.007136824334182815, 0.016122409662995222, 0.0004466676787591072, 0], [0, 0.6085763364289384, 0.08112185846578858, 0.013621381469720615, 0.21769291345815206, 0.026377927278375964, 0.008957163479341479, 0.005257368920781567, 0.01959605836032066, 0.018798992138580804, 0], [0, 0.31112144002588327, 0.023910005828396353, 0.016234350211147275, 0.4998011383818699, 0.06003113807264195, 0.007110777787769184, 0.06263086650332984, 0.01841914668553819, 0.000741136503424025, 0], [0, 0.06340663456934938, 0.03616697753971931, 0.005292845866643274, 0.6924245007235015, 0.0731643320321411, 0.0673686800855069, 0.028554629413764885, 0.03239236848108587, 0.001229031288287773, 0], [0, 0.021630020597230536, 0.023358168517679523, 0.01137967346720981, 0.7680603447648284, 0.10169043946449413, 0.04409573396056994, 0.0036217331978679007, 0.011593220686964806, 0.014570665343154958, 0], [0, 0.03346388590252631, 0.00759944913136664, 0.013693014436826275, 0.8404852965778988, 0.036592703682788046, 0.016780415078289132, 0.033262863837107796, 0.009986859735453366, 0.008135511617743564, 0], [0, 0.07144489987241114, 0.005340042304364324, 0.013820445186313344, 0.7704641943829106, 0.016858104445544603, 0.017661737282896835, 0.08429443867856781, 0.0016182265066502788, 0.018497911340340862, 0], [0, 0.0855402418736464, 0.014467501526069014, 0.012422613477822128, 0.760058514918931, 0.0006491479425856394, 0.008303262114910242, 0.08729264914730907, 0.013790556901958215, 0.017475512096768255, 0], [0, 0, 0, 0, 0, 0, 0, 0, 0, 0, 1]], [\'@\', \'a\', \'b\', \'c\', \'d\', \'e\', \'f\', \'g\', \'h\', \'i\', \'$\'])", "([1, 0, 0, 0, 0, 0, 0, 0, 0, 0, 0, 0, 0], [[0, 1, 0, 0, 0, 0, 0, 0, 0, 0, 0, 0, 0], [0, 0.018181818181818184, 0.8, 0.018181818181818184, 0.018181818181818184, 0.018181818181818184, 0.018181818181818184, 0.018181818181818184, 0.018181818181818184, 0.018181818181818184, 0.018181818181818184, 0.018181818181818184, 0.018181818181818184], [0, 0, 0.02, 0.8, 0.02, 0.02, 0.02, 0.02, 0.02, 0.02, 0.02, 0.02, 0.02], [0, 0, 0, 0.022222222222222223, 0.8, 0.022222222222222223, 0.022222222222222223, 0.022222222222222223, 0.022222222222222223, 0.022222222222222223, 0.022222222222222223, 0.022222222222222223, 0.022222222222222223], [0, 0, 0, 0, 0.025, 0.8, 0.025, 0.025, 0.025, 0.025, 0.025, 0.025, 0.025], [0, 0, 0, 0, 0, 0.028571428571428574, 0.8, 0.028571428571428574, 0.028571428571428574, 0.028571428571428574, 0.028571428571428574, 0.028571428571428574, 0.028571428571428574], [0, 0, 0, 0, 0, 0, 0.03333333333333333, 0.8, 0.03333333333333333, 0.03333333333333333, 0.03333333333333333, 0.03333333333333333, 0.03333333333333333], [0, 0, 0, 0, 0, 0, 0, 0.04, 0.8, 0.04, 0.04, 0.04, 0.04], [0, 0, 0, 0, 0, 0, 0, 0, 0.05, 0.8, 0.05, 0.05, 0.05], [0, 0, 0, 0, 0, 0, 0, 0, 0, 0.06666666666666667, 0.8, 0.06666666666666667, 0.06666666666666667], [0, 0, 0, 0, 0, 0, 0, 0, 0, 0, 0.1, 0.8, 0.1], [0, 0, 0, 0, 0, 0, 0, 0, 0, 0, 0, 0.2, 0.8], [1, 0, 0, 0, 0, 0, 0, 0, 0, 0, 0, 0, 0]], [[1, 0, 0, 0, 0, 0, 0, 0, 0, 0, 0], [0, 0.44979072733280606, 0.0782144444753721, 0.0010917950548754844, 0.22094711285728064, 0.06682755965432104, 0.013151649996189362, 0.10990099471377716, 0.033254238057050314, 0.02682147785832788, 0], [0, 0.5136922927214507, 0.05643473361188703, 0.012864498204568519, 0.12416021411240089, 0.004002626859614205, 0.0045801353305875625, 0.23456548683955286, 0.049208862075584475, 0.0004911502443537833, 0], [0, 0.43566932710900785, 0.06258069904405018, 0.021557453130247494, 0.20715103955099406, 0.03515558952850798, 0.009865438360722109, 0.20786862202446202, 0.007892816338296544, 0.01225901491371164, 0], [0, 0.36768203100083874, 0.06679943909427916, 0.004000816164061012, 0.20418330298277537, 0.030111222698715478, 0.019595407894454384, 0.2773577156213182, 0.022898087894147, 0.007371976649410676, 0], [0, 0.28609277665662836, 0.03379580311960786, 0.014366787854905647, 0.2592293443119338, 0.03271120309921798, 0.00845307638657937, 0.3185218342138001, 0.024732574478203293, 0.02209659987912368, 0], [0, 0.1658637652289233, 0.025675049237952226, 0.01809973316016627, 0.39694617737945986, 0.0029281439479431817, 0.0076018367298923886, 0.3498342048029088, 0.015276111975032395, 0.017774977537721802, 0], [0, 0.12611923870751857, 0.004197076281540808, 0.00697763306333068, 0.5107005143732531, 0.035248857959664884, 0.011765995214221683, 0.2754034496829621, 0.01169921104656175, 0.01788802367094661, 0], [0, 0.06523230901272428, 5.476708120436137e-05, 0.005090807796258269, 0.5559371385650919, 0.006946392698982729, 0.022556427909339132, 0.2736275499057566, 0.06775451196061019, 0.0028000950700325074, 0], [0, 0.053666401812781324, 0.01481836983832026, 0.01051080540374693, 0.6514368937625296, 0.03081171250817963, 0.012774048632199296, 0.17963869758915613, 0.031164391325595793, 0.015178679127491145, 0], [0, 0.022129129061176145, 0.0006836724810631881, 0.01738814857688898, 0.6925145901828803, 0.11931439896557662, 0.0051942097224011215, 0.09272493406832129, 0.020442326418746513, 0.029608590522945788, 0], [0, 0.013622529404358564, 0.0017671734802392671, 0.007717932568604257, 0.7135784709299933, 0.20168201667689006, 0.011317896566881981, 0.02192036777685003, 0.0164506937621792, 0.011942918834003387, 0], [0, 0, 0, 0, 0, 0, 0, 0, 0, 0, 1]], [\'@\', \'a\', \'b\', \'c\', \'d\', \'e\', \'f\', \'g\', \'h\', \'i\', \'$\'])", "([1, 0, 0, 0, 0, 0, 0, 0, 0, 0, 0, 0, 0], [[0, 1, 0, 0, 0, 0, 0, 0, 0, 0, 0, 0, 0], [0, 0.018181818181818184, 0.8, 0.018181818181818184, 0.018181818181818184, 0.018181818181818184, 0.018181818181818184, 0.018181818181818184, 0.018181818181818184, 0.018181818181818184, 0.018181818181818184, 0.018181818181818184, 0.018181818181818184], [0, 0, 0.02, 0.8, 0.02, 0.02, 0.02, 0.02, 0.02, 0.02, 0.02, 0.02, 0.02], [0, 0, 0, 0.022222222222222223, 0.8, 0.022222222222222223, 0.022222222222222223, 0.022222222222222223, 0.022222222222222223, 0.022222222222222223, 0.022222222222222223, 0.022222222222222223, 0.022222222222222223], [0, 0, 0, 0, 0.025, 0.8, 0.025, 0.025, 0.025, 0.025, 0.025, 0.025, 0.025], [0, 0, 0, 0, 0, 0.028571428571428574, 0.8, 0.028571428571428574, 0.028571428571428574, 0.028571428571428574, 0.028571428571428574, 0.028571428571428574, 0.028571428571428574], [0, 0, 0, 0, 0, 0, 0.03333333333333333, 0.8, 0.03333333333333333, 0.03333333333333333, 0.03333333333333333, 0.03333333333333333, 0.03333333333333333], [0, 0, 0, 0, 0, 0, 0, 0.04, 0.8, 0.04, 0.04, 0.04, 0.04], [0, 0, 0, 0, 0, 0, 0, 0, 0.05, 0.8, 0.05, 0.05, 0.05], [0, 0, 0, 0, 0, 0, 0, 0, 0, 0.06666666666666667, 0.8, 0.06666666666666667, 0.06666666666666667], [0, 0, 0, 0, 0, 0, 0, 0, 0, 0, 0.1, 0.8, 0.1], [0, 0, 0, 0, 0, 0, 0, 0, 0, 0, 0, 0.2, 0.8], [1, 0, 0, 0, 0, 0, 0, 0, 0, 0, 0, 0, 0]], [[1, 0, 0, 0, 0, 0, 0, 0, 0, 0, 0], [0, 0.9167693897517731, 0.021251651440712584, 0.007766969814893094, 0.003988688573772905, 0.0149618109934229, 0.011713023201836873, 0.0055210113304968505, 0.007821752363573766, 0.01020570252951796, 0], [0, 0.9133065648524921, 0.004366685191295426, 0.01215600284388221, 0.01665068663614998, 0.012766677420604907, 0.011240735037777196, 0.011639670744557415, 0.01101957347453552, 0.006853403798705272, 0], [0, 0.810815400749457, 0.03456105337313601, 0.012348492026457984, 0.007970050979032367, 0.002805137965758082, 0.008514400132099607, 0.10384127263478533, 0.012228607505782313, 0.006915584633491322, 0], [0, 0.7382076452213837, 0.03876033148989372, 0.00903500608447643, 0.05230021153228176, 0.014567685657231379, 0.014132909857596552, 0.11090808579929742, 0.018971936927387363, 0.0031161874304514387, 0], [0, 0.4970081718796339, 0.06905212519186543, 0.004146379981491305, 0.05557297613961914, 0.022264727399419697, 0.016807740356328676, 0.29210550742125074, 0.031141181689871702, 0.011901189940519342, 0], [0, 0.34690101228262393, 0.08452079633848068, 0.009721522326780854, 0.04134351919632617, 0.028058067381195186, 0.016750840711524155, 0.3851091560961951, 0.07978698375350705, 0.007808101913367029, 0], [0, 0.2507101231187119, 0.10248998127758373, 0.017286475033846407, 0.11599284593318201, 0.056272028695277566, 0.003567078527328737, 0.3543919123590712, 0.08339186198571191, 0.015897693069286352, 0], [0, 0.1306980866976475, 0.0631725649461915, 0.0075870796154839356, 0.21754331945446787, 0.0852604497311689, 0.026580106776879737, 0.3275932063310318, 0.14049866772593414, 0.001066518721194649, 0], [0, 0.12103400798856226, 0.08612498057108292, 0.002923326173005612, 0.24817848122696665, 0.10214130167316575, 0.014851424295895586, 0.2568487658996507, 0.15483656923808978, 0.013061142933580816, 0], [0, 0.13707428470599997, 0.06110611176022248, 0.017981395709496008, 0.31758022320776524, 0.06362756209527354, 0.002015121029884572, 0.1936029119286081, 0.18788821636766406, 0.019124173195086157, 0], [0, 0.19551511063695023, 0.07146935984186971, 0.005130636816670171, 0.34387328729249445, 0.1139127835870078, 0.023159158218087235, 0.13253106024652428, 0.10183138720429498, 0.012577216156101273, 0], [0, 0, 0, 0, 0, 0, 0, 0, 0, 0, 1]], [\'@\', \'a\', \'b\', \'c\', \'d\', \'e\', \'f\', \'g\', \'h\', \'i\', \'$\'])", "([1, 0, 0, 0, 0, 0, 0, 0, 0, 0, 0, 0, 0], [[0, 1, 0, 0, 0, 0, 0, 0, 0, 0, 0, 0, 0], [0, 0.018181818181818184, 0.8, 0.018181818181818184, 0.018181818181818184, 0.018181818181818184, 0.018181818181818184, 0.018181818181818184, 0.018181818181818184, 0.018181818181818184, 0.018181818181818184, 0.018181818181818184, 0.018181818181818184], [0, 0, 0.02, 0.8, 0.02, 0.02, 0.02, 0.02, 0.02, 0.02, 0.02, 0.02, 0.02], [0, 0, 0, 0.022222222222222223, 0.8, 0.022222222222222223, 0.022222222222222223, 0.022222222222222223, 0.022222222222222223, 0.022222222222222223, 0.022222222222222223, 0.022222222222222223, 0.022222222222222223], [0, 0, 0, 0, 0.025, 0.8, 0.025, 0.025, 0.025, 0.025, 0.025, 0.025, 0.025], [0, 0, 0, 0, 0, 0.028571428571428574, 0.8, 0.028571428571428574, 0.028571428571428574, 0.028571428571428574, 0.028571428571428574, 0.028571428571428574, 0.028571428571428574], [0, 0, 0, 0, 0, 0, 0.03333333333333333, 0.8, 0.03333333333333333, 0.03333333333333333, 0.03333333333333333, 0.03333333333333333, 0.03333333333333333], [0, 0, 0, 0, 0, 0, 0, 0.04, 0.8, 0.04, 0.04, 0.04, 0.04], [0, 0, 0, 0, 0, 0, 0, 0, 0.05, 0.8, 0.05, 0.05, 0.05], [0, 0, 0, 0, 0, 0, 0, 0, 0, 0.06666666666666667, 0.8, 0.06666666666666667, 0.06666666666666667], [0, 0, 0, 0, 0, 0, 0, 0, 0, 0, 0.1, 0.8, 0.1], [0, 0, 0, 0, 0, 0, 0, 0, 0, 0, 0, 0.2, 0.8], [1, 0, 0, 0, 0, 0, 0, 0, 0, 0, 0, 0, 0]], [[1, 0, 0, 0, 0, 0, 0, 0, 0, 0, 0], [0, 0.35714256838125785, 0.10263451616061021, 4.7454782518057476e-05, 0.1821766770528834, 0.10017193310367403, 0.0166166587233192, 0.16823940837872578, 0.07205502793114353, 0.0009157554858680952, 0], [0, 0.3653285719056549, 0.05231084463625742, 0.014011492099990778, 0.20643026553887345, 0.04829379633391789, 0.015455442569354699, 0.23916768017331688, 0.05427638126488754, 0.004725525477746569, 0], [0, 0.32704573943454707, 0.03379120629191747, 0.014366047196136803, 0.25578133141881704, 0.016274117204832638, 0.012998325094161064, 0.31389048396024183, 0.010238385262970407, 0.01561436413637556, 0], [0, 0.1722686898669641, 0.02406744901465912, 0.00380885982738993, 0.3524805901689526, 0.007491768237869073, 0.0004747365687183595, 0.367793918168439, 0.05257312894429344, 0.01904085920271437, 0], [0, 0.10371302121769263, 0.008606243761881615, 0.007142259483853045, 0.3960576897837804, 0.029206318756491437, 0.02263386780723582, 0.35288515464252174, 0.052530346039479495, 0.027225098507063752, 0], [0, 0.09317201197766892, 0.008109946810720064, 0.006884743486863271, 0.58849072683469, 0.029928633363413965, 0.021682784783422695, 0.20978324480065633, 0.02347027537899495, 0.018477632563569973, 0], [0, 0.047537776945140046, 0.009406114988900748, 0.01669380046137923, 0.7582789044086535, 0.05138066592216516, 0.012546827628099666, 0.08609248479523986, 0.00620329436131979, 0.011860130489101972, 0], [0, 0.025494144914759865, 0.018493706743914533, 0.006536054425880461, 0.8089257903433326, 0.04106341537038906, 0.00574993246807855, 0.07111598041026464, 0.011014034950560466, 0.011606940372819919, 0], [0, 0.011629924911043227, 0.0006563747643957208, 0.018046858049411005, 0.874330622741366, 0.026382597008206447, 0.01869425510027323, 0.03096830865434815, 0.018356246118921355, 0.0009348126520347396, 0], [0, 0.010642150687383388, 0.02207467405119576, 0.010164467060372865, 0.9092709100267403, 0.0010359361577919424, 0.0033573415746167307, 0.020947288439303442, 0.008057531573797603, 0.014449700428798036, 0], [0, 0.0066677983153672704, 0.0028139402400561403, 0.0164200556881951, 0.9254277386229065, 0.007244651379507179, 0.005416822151000968, 0.017009927796350403, 0.013073514763989193, 0.005925551042627368, 0], [0, 0, 0, 0, 0, 0, 0, 0, 0, 0, 1]], [\'@\', \'a\', \'b\', \'c\', \'d\', \'e\', \'f\', \'g\', \'h\', \'i\', \'$\'])", "([1, 0, 0, 0, 0, 0, 0, 0, 0, 0, 0, 0, 0], [[0, 1, 0, 0, 0, 0, 0, 0, 0, 0, 0, 0, 0], [0, 0.018181818181818184, 0.8, 0.018181818181818184, 0.018181818181818184, 0.018181818181818184, 0.018181818181818184, 0.018181818181818184, 0.018181818181818184, 0.018181818181818184, 0.018181818181818184, 0.018181818181818184, 0.018181818181818184], [0, 0, 0.02, 0.8, 0.02, 0.02, 0.02, 0.02, 0.02, 0.02, 0.02, 0.02, 0.02], [0, 0, 0, 0.022222222222222223, 0.8, 0.022222222222222223, 0.022222222222222223, 0.022222222222222223, 0.022222222222222223, 0.022222222222222223, 0.022222222222222223, 0.022222222222222223, 0.022222222222222223], [0, 0, 0, 0, 0.025, 0.8, 0.025, 0.025, 0.025, 0.025, 0.025, 0.025, 0.025], [0, 0, 0, 0, 0, 0.028571428571428574, 0.8, 0.028571428571428574, 0.028571428571428574, 0.028571428571428574, 0.028571428571428574, 0.028571428571428574, 0.028571428571428574], [0, 0, 0, 0, 0, 0, 0.03333333333333333, 0.8, 0.03333333333333333, 0.03333333333333333, 0.03333333333333333, 0.03333333333333333, 0.03333333333333333], [0, 0, 0, 0, 0, 0, 0, 0.04, 0.8, 0.04, 0.04, 0.04, 0.04], [0, 0, 0, 0, 0, 0, 0, 0, 0.05, 0.8, 0.05, 0.05, 0.05], [0, 0, 0, 0, 0, 0, 0, 0, 0, 0.06666666666666667, 0.8, 0.06666666666666667, 0.06666666666666667], [0, 0, 0, 0, 0, 0, 0, 0, 0, 0, 0.1, 0.8, 0.1], [0, 0, 0, 0, 0, 0, 0, 0, 0, 0, 0, 0.2, 0.8], [1, 0, 0, 0, 0, 0, 0, 0, 0, 0, 0, 0, 0]], [[1, 0, 0, 0, 0, 0, 0, 0, 0, 0, 0], [0, 0.5248126996856096, 0.05102686050428777, 0.008727883107738347, 0.15411022723629592, 0.019746103435395783, 0.016271372393117257, 0.151758721575244, 0.04372784833133321, 0.029818283730977797, 0], [0, 0.2955771452313087, 0.013656294513545901, 0.011371225711562244, 0.25383797374809064, 0.045880711143362084, 0.008377789401209788, 0.3361150144773438, 0.013288910488525369, 0.021894935285051483, 0], [0, 0.20259094967626712, 0.013523623196571103, 0.00959196444179423, 0.24445821924325967, 0.04682209729501881, 0.006480393500285565, 0.4395281920630658, 0.036532850942964455, 0.0004717096407733051, 0], [0, 0.15795004818882769, 0.04053808748719671, 0.013007128297841846, 0.16504776119051817, 0.02758636971481157, 0.012578033960030877, 0.5247708902873074, 0.0467262522685609, 0.01179542860490495, 0], [0, 0.08542368426107617, 0.02127725684838009, 0.003542693108629177, 0.26813510767439697, 0.016586266071026885, 0.013390182944484826, 0.5216826249982924, 0.0527984972885326, 0.017163686805180902, 0], [0, 0.07421546962892342, 0.010096934242042601, 0.0012678358170006892, 0.22706449702481782, 0.011148243096515473, 0.023766627853018814, 0.5664902558891185, 0.08218798978224387, 0.0037621466663188188, 0], [0, 0.071072611673798, 0.04971738913420445, 0.000876660889828182, 0.23671669994873787, 0.021800367550573855, 0.01993262995405026, 0.5286065968960709, 0.06170936809231668, 0.00956767586041977, 0], [0, 0.06369678250050963, 0.011235964915375983, 0.0013562312103439684, 0.3209619742904518, 0.026298546366523755, 0.015606413336102694, 0.4610751537804056, 0.08092958313557112, 0.018839350464715385, 0], [0, 0.1278235256525435, 0.03228964678971378, 0.003191020003074066, 0.30813571944086793, 0.028833091328853505, 0.02311837688626865, 0.3709380374363626, 0.08320391084469839, 0.022466671617617628, 0], [0, 0.11225748905639256, 0.04685044874089211, 0.00801476627824082, 0.28015767549641657, 0.09633135937042213, 0.010343673360352853, 0.289198885922517, 0.15302679640770775, 0.0038189053670582424, 0], [0, 0.09397759028735413, 0.0522587114429156, 0.014301379140091334, 0.3853663820829487, 0.1341447432475204, 0.004373355796296415, 0.1770622114140347, 0.1126108767550823, 0.025904749833756353, 0], [0, 0, 0, 0, 0, 0, 0, 0, 0, 0, 1]], [\'@\', \'a\', \'b\', \'c\', \'d\', \'e\', \'f\', \'g\', \'h\', \'i\', \'$\'])", "([1, 0, 0, 0, 0, 0, 0, 0, 0, 0, 0, 0, 0], [[0, 1, 0, 0, 0, 0, 0, 0, 0, 0, 0, 0, 0], [0, 0.018181818181818184, 0.8, 0.018181818181818184, 0.018181818181818184, 0.018181818181818184, 0.018181818181818184, 0.018181818181818184, 0.018181818181818184, 0.018181818181818184, 0.018181818181818184, 0.018181818181818184, 0.018181818181818184], [0, 0, 0.02, 0.8, 0.02, 0.02, 0.02, 0.02, 0.02, 0.02, 0.02, 0.02, 0.02], [0, 0, 0, 0.022222222222222223, 0.8, 0.022222222222222223, 0.022222222222222223, 0.022222222222222223, 0.022222222222222223, 0.022222222222222223, 0.022222222222222223, 0.022222222222222223, 0.022222222222222223], [0, 0, 0, 0, 0.025, 0.8, 0.025, 0.025, 0.025, 0.025, 0.025, 0.025, 0.025], [0, 0, 0, 0, 0, 0.028571428571428574, 0.8, 0.028571428571428574, 0.028571428571428574, 0.028571428571428574, 0.028571428571428574, 0.028571428571428574, 0.028571428571428574], [0, 0, 0, 0, 0, 0, 0.03333333333333333, 0.8, 0.03333333333333333, 0.03333333333333333, 0.03333333333333333, 0.03333333333333333, 0.03333333333333333], [0, 0, 0, 0, 0, 0, 0, 0.04, 0.8, 0.04, 0.04, 0.04, 0.04], [0, 0, 0, 0, 0, 0, 0, 0, 0.05, 0.8, 0.05, 0.05, 0.05], [0, 0, 0, 0, 0, 0, 0, 0, 0, 0.06666666666666667, 0.8, 0.06666666666666667, 0.06666666666666667], [0, 0, 0, 0, 0, 0, 0, 0, 0, 0, 0.1, 0.8, 0.1], [0, 0, 0, 0, 0, 0, 0, 0, 0, 0, 0, 0.2, 0.8], [1, 0, 0, 0, 0, 0, 0, 0, 0, 0, 0, 0, 0]], [[1, 0, 0, 0, 0, 0, 0, 0, 0, 0, 0], [0, 0.32076172398509933, 0.12035907676865265, 0.02790739271233126, 0.17222342511867353, 0.10160813829170234, 0.008596444524170396, 0.13123598431835698, 0.0892699834506535, 0.028037830830360086, 0], [0, 0.27550877663950374, 0.08825249445255086, 0.017676693737031873, 0.2648114750640517, 0.03291568776051684, 0.026729187672361918, 0.1833111073576872, 0.0935809504721662, 0.017213626844129783, 0], [0, 0.18928962278879857, 0.05148597021284197, 0.026392227353338783, 0.08880403611792903, 0.02565344567957298, 0.027147964024729895, 0.4796206225798377, 0.060007541841291714, 0.05159856940165955, 0], [0, 0.167328789067799, 0.015288428970380956, 0.020473487312648385, 0.12287729504805399, 0.01296545153621219, 0.01512891445412806, 0.46695849097494746, 0.11300093145711806, 0.06597821117871194, 0], [0, 0.15223178755048827, 0.030178120758191727, 0.02691735446931279, 0.05908993967422181, 0.03080742232492552, 0.02118722182868447, 0.5161037034077638, 0.12039871044650516, 0.0430857395399064, 0], [0, 0.07372194192136078, 0.019805063686039764, 0.010751701739799103, 0.08908271273787159, 0.0511870966943015, 0.026969169819093208, 0.5457139623180133, 0.13864724668564476, 0.044121104397875976, 0], [0, 0.06097254352994671, 0.026664183404762103, 0.025614780816108056, 0.17711326837640903, 0.04343724906629649, 0.012884197029451486, 0.48798171594094897, 0.1256599491664149, 0.03967211266966221, 0], [0, 0.0648205979049535, 0.014135116420220303, 0.02000198821030835, 0.218415960547327, 0.07432439878716895, 0.009347683685173405, 0.43682594117681045, 0.12397316029383001, 0.03815515297420814, 0], [0, 0.13113172808885265, 0.03381661703858265, 0.019924986335586894, 0.19917048504669616, 0.11453030574103984, 0.018092347202151055, 0.3548657029917829, 0.11477218389060824, 0.013695643664699506, 0], [0, 0.05317297259597871, 0.13573705303741315, 0.019873401127886967, 0.22020577637100347, 0.11687635121103329, 0.03980961043797664, 0.219724050024956, 0.1619544755400187, 0.032646309653733066, 0], [0, 0.07498347120741239, 0.08774326551698343, 0.020891978829555548, 0.19588702779578457, 0.19832480506402558, 0.024676931643394334, 0.1470745340762046, 0.22601730226583436, 0.02440068360080513, 0], [0, 0, 0, 0, 0, 0, 0, 0, 0, 0, 1]], [\'@\', \'a\', \'b\', \'c\', \'d\', \'e\', \'f\', \'g\', \'h\', \'i\', \'$\'])", "([1, 0, 0, 0, 0, 0, 0, 0, 0, 0, 0, 0, 0], [[0, 1, 0, 0, 0, 0, 0, 0, 0, 0, 0, 0, 0], [0, 0.018181818181818184, 0.8, 0.018181818181818184, 0.018181818181818184, 0.018181818181818184, 0.018181818181818184, 0.018181818181818184, 0.018181818181818184, 0.018181818181818184, 0.018181818181818184, 0.018181818181818184, 0.018181818181818184], [0, 0, 0.02, 0.8, 0.02, 0.02, 0.02, 0.02, 0.02, 0.02, 0.02, 0.02, 0.02], [0, 0, 0, 0.022222222222222223, 0.8, 0.022222222222222223, 0.022222222222222223, 0.022222222222222223, 0.022222222222222223, 0.022222222222222223, 0.022222222222222223, 0.022222222222222223, 0.022222222222222223], [0, 0, 0, 0, 0.025, 0.8, 0.025, 0.025, 0.025, 0.025, 0.025, 0.025, 0.025], [0, 0, 0, 0, 0, 0.028571428571428574, 0.8, 0.028571428571428574, 0.028571428571428574, 0.028571428571428574, 0.028571428571428574, 0.028571428571428574, 0.028571428571428574], [0, 0, 0, 0, 0, 0, 0.03333333333333333, 0.8, 0.03333333333333333, 0.03333333333333333, 0.03333333333333333, 0.03333333333333333, 0.03333333333333333], [0, 0, 0, 0, 0, 0, 0, 0.04, 0.8, 0.04, 0.04, 0.04, 0.04], [0, 0, 0, 0, 0, 0, 0, 0, 0.05, 0.8, 0.05, 0.05, 0.05], [0, 0, 0, 0, 0, 0, 0, 0, 0, 0.06666666666666667, 0.8, 0.06666666666666667, 0.06666666666666667], [0, 0, 0, 0, 0, 0, 0, 0, 0, 0, 0.1, 0.8, 0.1], [0, 0, 0, 0, 0, 0, 0, 0, 0, 0, 0, 0.2, 0.8], [1, 0, 0, 0, 0, 0, 0, 0, 0, 0, 0, 0, 0]], [[1, 0, 0, 0, 0, 0, 0, 0, 0, 0, 0], [0, 0.900385234555413, 0.028462838523061397, 0.0032483432798175254, 0.019506296704893362, 0.0019431476272030034, 0.021414074825755317, 0.0034384237021382394, 0.005148123936956315, 0.01645351684476195, 0], [0, 0.8888887832101429, 0.020249337028842816, 0.0057609906785108765, 0.014445041662923186, 0.011511825848590503, 0.019965430720100003, 0.014829443289909717, 0.020413345541849842, 0.003935802019130311, 0], [0, 0.7355042420222733, 0.1057232440829569, 0.002234749073457285, 0.00808774346994646, 0.009441980193043707, 0.005564555201730173, 0.11054481814094938, 0.013149358210130278, 0.009749309605512695, 0], [0, 0.6979677960717886, 0.1814529144462062, 0.0004957095458372334, 0.01315667924711583, 0.021602770369833442, 0.000706640063601567, 0.053441002228796594, 0.02541886843654913, 0.005757619590271438, 0], [0, 0.5467937959220489, 0.1390122624001436, 0.015784006384134713, 0.04830359861915502, 0.00898664709406455, 0.012661200767334168, 0.17419159254595876, 0.03146207398431392, 0.02280482228284641, 0], [0, 0.5357665493919268, 0.05798106456235297, 0.022990109919022148, 0.06202409020125253, 0.00039561290053191807, 0.018446537288881622, 0.2590623368348012, 0.03095646697125414, 0.01237723192997665, 0], [0, 0.3483644888179853, 0.023074615600153153, 0.00040421146814944626, 0.1758406859000746, 0.004822205542543112, 0.007163292705122985, 0.3953149983290392, 0.032994543129536674, 0.012020958507395504, 0], [0, 0.26596370129248853, 0.0033443927097340804, 0.005517390068395393, 0.23955811608769345, 0.007149345244829573, 0.014736795088271115, 0.433962138703229, 0.020599101695325833, 0.009169019110032869, 0], [0, 0.20593805156207567, 0.013214651736972578, 0.00782733157806228, 0.31700338474746353, 0.00708434134997761, 0.010529586118028159, 0.4115787378391693, 0.01585831405502565, 0.010965601013225091, 0], [0, 0.09124691939532659, 0.018939349815829343, 0.010265374196473323, 0.4689552469977482, 0.06123083298874511, 0.020370733169144756, 0.29136281439522693, 0.03583457828249175, 0.0017941507590140127, 0], [0, 0.07466325441895037, 0.014041625184239124, 0.011053890273639058, 0.5440627426531575, 0.09227713190517486, 0.004343468728730964, 0.15318898214271984, 0.08902406046603736, 0.01734484422735097, 0], [0, 0, 0, 0, 0, 0, 0, 0, 0, 0, 1]], [\'@\', \'a\', \'b\', \'c\', \'d\', \'e\', \'f\', \'g\', \'h\', \'i\', \'$\'])", "([1, 0, 0, 0, 0, 0, 0, 0, 0, 0, 0, 0, 0], [[0, 1, 0, 0, 0, 0, 0, 0, 0, 0, 0, 0, 0], [0, 0.018181818181818184, 0.8, 0.018181818181818184, 0.018181818181818184, 0.018181818181818184, 0.018181818181818184, 0.018181818181818184, 0.018181818181818184, 0.018181818181818184, 0.018181818181818184, 0.018181818181818184, 0.018181818181818184], [0, 0, 0.02, 0.8, 0.02, 0.02, 0.02, 0.02, 0.02, 0.02, 0.02, 0.02, 0.02], [0, 0, 0, 0.022222222222222223, 0.8, 0.022222222222222223, 0.022222222222222223, 0.022222222222222223, 0.022222222222222223, 0.022222222222222223, 0.022222222222222223, 0.022222222222222223, 0.022222222222222223], [0, 0, 0, 0, 0.025, 0.8, 0.025, 0.025, 0.025, 0.025, 0.025, 0.025, 0.025], [0, 0, 0, 0, 0, 0.028571428571428574, 0.8, 0.028571428571428574, 0.028571428571428574, 0.028571428571428574, 0.028571428571428574, 0.028571428571428574, 0.028571428571428574], [0, 0, 0, 0, 0, 0, 0.03333333333333333, 0.8, 0.03333333333333333, 0.03333333333333333, 0.03333333333333333, 0.03333333333333333, 0.03333333333333333], [0, 0, 0, 0, 0, 0, 0, 0.04, 0.8, 0.04, 0.04, 0.04, 0.04], [0, 0, 0, 0, 0, 0, 0, 0, 0.05, 0.8, 0.05, 0.05, 0.05], [0, 0, 0, 0, 0, 0, 0, 0, 0, 0.06666666666666667, 0.8, 0.06666666666666667, 0.06666666666666667], [0, 0, 0, 0, 0, 0, 0, 0, 0, 0, 0.1, 0.8, 0.1], [0, 0, 0, 0, 0, 0, 0, 0, 0, 0, 0, 0.2, 0.8], [1, 0, 0, 0, 0, 0, 0, 0, 0, 0, 0, 0, 0]], [[1, 0, 0, 0, 0, 0, 0, 0, 0, 0, 0], [0, 0.27014000094261686, 0.06156185787854931, 0.024582045739083336, 0.38177851751691083, 0.1412831342201586, 0.01409087658261472, 0.047281075842219654, 0.058621565471561825, 0.0006609258062848062, 0], [0, 0.0812134965880126, 0.02207411612889676, 0.020539768792907958, 0.4609232441369171, 0.21233688438497117, 0.08353069329971513, 0.07376787301852836, 0.04453425112632581, 0.0010796725237252845, 0], [0, 0.08147319879180766, 0.07891311059185091, 0.013237669601157218, 0.32025651078313483, 0.10317590623457, 0.052171982011626435, 0.1717398982092838, 0.13566150212778788, 0.043370221648781467, 0], [0, 0.06606485721943219, 0.05063431633645688, 0.029183326839014975, 0.26938447369484186, 0.08882382443013673, 0.04240441211763209, 0.21555973584934268, 0.19645828573991972, 0.041486767773222875, 0], [0, 0.05271206757282633, 0.030856166270387272, 0.0308322603993007, 0.18995228282780144, 0.051554706832148176, 0.02447792911140512, 0.293821886136857, 0.2485316568962383, 0.07726104395303562, 0], [0, 0.07548427368248467, 0.036081950559353565, 0.02791855563262987, 0.1320987428971999, 0.0541523671349857, 0.05848119660568995, 0.3342773512108875, 0.1820689086946165, 0.09943665358215235, 0], [0, 0.06133760134656535, 0.07711327961594601, 0.026001259705394193, 0.23969303970024322, 0.036904855195751866, 0.02145926246739671, 0.28354241441192396, 0.16360823778477296, 0.09034004977200576, 0], [0, 0.2584426184307918, 0.04795409559046524, 0.0636688510358162, 0.23844715395447588, 0.04743576244211324, 0.04174520538192835, 0.16149114572740994, 0.11580562170715841, 0.025009545729840984, 0], [0, 0.16718986881792094, 0.021028923685757296, 0.03305102379434271, 0.39650437113247977, 0.06071563649517812, 0.058838778454416485, 0.1886185392652954, 0.043964803616571464, 0.030088054738037787, 0], [0, 0.24008048998417525, 0.06058596815120653, 0.00340703629190739, 0.5179842042331355, 0.03885063987758867, 0.03100283578802311, 0.08118854540006891, 0.019402141940405866, 0.007498138333488821, 0], [0, 0.1837955615445898, 0.044563556272660586, 0.01520016002066428, 0.6047697665713461, 0.017996264926228554, 0.024430378440913364, 0.0691575802307595, 0.031950894334825196, 0.008135837658012806, 0], [0, 0, 0, 0, 0, 0, 0, 0, 0, 0, 1]], [\'@\', \'a\', \'b\', \'c\', \'d\', \'e\', \'f\', \'g\', \'h\', \'i\', \'$\'])", "([1, 0, 0, 0, 0, 0, 0, 0, 0, 0, 0, 0, 0], [[0, 1, 0, 0, 0, 0, 0, 0, 0, 0, 0, 0, 0], [0, 0.018181818181818184, 0.8, 0.018181818181818184, 0.018181818181818184, 0.018181818181818184, 0.018181818181818184, 0.018181818181818184, 0.018181818181818184, 0.018181818181818184, 0.018181818181818184, 0.018181818181818184, 0.018181818181818184], [0, 0, 0.02, 0.8, 0.02, 0.02, 0.02, 0.02, 0.02, 0.02, 0.02, 0.02, 0.02], [0, 0, 0, 0.022222222222222223, 0.8, 0.022222222222222223, 0.022222222222222223, 0.022222222222222223, 0.022222222222222223, 0.022222222222222223, 0.022222222222222223, 0.022222222222222223, 0.022222222222222223], [0, 0, 0, 0, 0.025, 0.8, 0.025, 0.025, 0.025, 0.025, 0.025, 0.025, 0.025], [0, 0, 0, 0, 0, 0.028571428571428574, 0.8, 0.028571428571428574, 0.028571428571428574, 0.028571428571428574, 0.028571428571428574, 0.028571428571428574, 0.028571428571428574], [0, 0, 0, 0, 0, 0, 0.03333333333333333, 0.8, 0.03333333333333333, 0.03333333333333333, 0.03333333333333333, 0.03333333333333333, 0.03333333333333333], [0, 0, 0, 0, 0, 0, 0, 0.04, 0.8, 0.04, 0.04, 0.04, 0.04], [0, 0, 0, 0, 0, 0, 0, 0, 0.05, 0.8, 0.05, 0.05, 0.05], [0, 0, 0, 0, 0, 0, 0, 0, 0, 0.06666666666666667, 0.8, 0.06666666666666667, 0.06666666666666667], [0, 0, 0, 0, 0, 0, 0, 0, 0, 0, 0.1, 0.8, 0.1], [0, 0, 0, 0, 0, 0, 0, 0, 0, 0, 0, 0.2, 0.8], [1, 0, 0, 0, 0, 0, 0, 0, 0, 0, 0, 0, 0]], [[1, 0, 0, 0, 0, 0, 0, 0, 0, 0, 0], [0, 0.12160601281108088, 0.03373164643024605, 0.0026502390296943854, 0.010979408546401252, 0.02986368002045283, 0.014930840934874122, 0.42729318992135085, 0.3389665400194684, 0.019978442286431388, 0], [0, 0.14039131733456423, 0.03180894382366717, 0.011536508772691087, 0.11066758878089081, 0.0898089371487648, 0.013125527142524398, 0.4010472577604847, 0.1651779085440354, 0.036436010692377375, 0], [0, 0.18883071550803343, 0.04672024312742215, 0.023060960547452138, 0.06572947204354859, 0.06102975623588013, 0.009683013802827515, 0.47963774785960583, 0.10856898151588594, 0.01673910935934424, 0], [0, 0.16308009700800263, 0.04180186058047495, 0.003131321439858745, 0.12290891686072583, 0.06410956590877454, 0.0020340258700317837, 0.46877056832395986, 0.1282061840742272, 0.0059574599339443516, 0], [0, 0.08689024995715566, 0.04175915828754673, 0.00034001226507192437, 0.13431431351545634, 0.01300058921702489, 0.03227927113307196, 0.6303076099868322, 0.04129107839511159, 0.019817717242728742, 0], [0, 0.12147772503259967, 0.044723775421865765, 0.014158415276719365, 0.1529125020399054, 0.043078827260860986, 0.005656225270748306, 0.5715565383581892, 0.039068675931839665, 0.007367315407271498, 0], [0, 0.09343180993203565, 0.027033090197866688, 0.007943012259690822, 0.1701275274233805, 0.07163822236251546, 0.00866510955477673, 0.5285996068799788, 0.08489941710030158, 0.0076622042894536665, 0], [0, 0.10495656290480739, 0.04072291006269255, 0.017980852033651667, 0.1760609399075549, 0.045290133527355524, 0.0012219622449770094, 0.5279083119782559, 0.06288158023241673, 0.022976747108288433, 0], [0, 0.08359601036344289, 0.05973420616742573, 0.007841300276213036, 0.1556792656296714, 0.04162723845011271, 0.007401683362440917, 0.5406028372185876, 0.09496059535367417, 0.008556863178431523, 0], [0, 0.09218178817644722, 0.0656583634139386, 0.01392656748613423, 0.20247125075710123, 0.024033929434628155, 0.01159871593797782, 0.44967108529623806, 0.14004962381550026, 0.0004086756820343457, 0], [0, 0.10470740184176076, 0.021274459359581693, 0.008572978382091959, 0.1149715310017131, 0.060605375623821935, 0.009667519735870532, 0.5286705648978284, 0.14697402217353547, 0.004556146983796182, 0], [0, 0, 0, 0, 0, 0, 0, 0, 0, 0, 1]], [\'@\', \'a\', \'b\', \'c\', \'d\', \'e\', \'f\', \'g\', \'h\', \'i\', \'$\'])", "([1, 0, 0, 0, 0, 0, 0, 0, 0, 0, 0, 0, 0], [[0, 1, 0, 0, 0, 0, 0, 0, 0, 0, 0, 0, 0], [0, 0.018181818181818184, 0.8, 0.018181818181818184, 0.018181818181818184, 0.018181818181818184, 0.018181818181818184, 0.018181818181818184, 0.018181818181818184, 0.018181818181818184, 0.018181818181818184, 0.018181818181818184, 0.018181818181818184], [0, 0, 0.02, 0.8, 0.02, 0.02, 0.02, 0.02, 0.02, 0.02, 0.02, 0.02, 0.02], [0, 0, 0, 0.022222222222222223, 0.8, 0.022222222222222223, 0.022222222222222223, 0.022222222222222223, 0.022222222222222223, 0.022222222222222223, 0.022222222222222223, 0.022222222222222223, 0.022222222222222223], [0, 0, 0, 0, 0.025, 0.8, 0.025, 0.025, 0.025, 0.025, 0.025, 0.025, 0.025], [0, 0, 0, 0, 0, 0.028571428571428574, 0.8, 0.028571428571428574, 0.028571428571428574, 0.028571428571428574, 0.028571428571428574, 0.028571428571428574, 0.028571428571428574], [0, 0, 0, 0, 0, 0, 0.03333333333333333, 0.8, 0.03333333333333333, 0.03333333333333333, 0.03333333333333333, 0.03333333333333333, 0.03333333333333333], [0, 0, 0, 0, 0, 0, 0, 0.04, 0.8, 0.04, 0.04, 0.04, 0.04], [0, 0, 0, 0, 0, 0, 0, 0, 0.05, 0.8, 0.05, 0.05, 0.05], [0, 0, 0, 0, 0, 0, 0, 0, 0, 0.06666666666666667, 0.8, 0.06666666666666667, 0.06666666666666667], [0, 0, 0, 0, 0, 0, 0, 0, 0, 0, 0.1, 0.8, 0.1], [0, 0, 0, 0, 0, 0, 0, 0, 0, 0, 0, 0.2, 0.8], [1, 0, 0, 0, 0, 0, 0, 0, 0, 0, 0, 0, 0]], [[1, 0, 0, 0, 0, 0, 0, 0, 0, 0, 0], [0, 0.25930302907152536, 0.002688872203916135, 0.005655508866249491, 0.4773477393763698, 0.009269844260361275, 0.02219500894067254, 0.20113484172640714, 0.01028278032769478, 0.012122375226803645, 0], [0, 0.020075270736161614, 0.017525702072371252, 0.01455239769326717, 0.8287747143600813, 0.007184353601770971, 0.01876390716568053, 0.07288927974345656, 0.015451772340305462, 0.004782602286905157, 0], [0, 0.08222419846748957, 0.01320457871455695, 0.0023592578117475256, 0.6653096451578797, 0.019952672531358632, 0.010738525173876377, 0.12261680533529347, 0.07400260734914568, 0.009591709458652089, 0], [0, 0.20215283699192552, 0.015118185236774146, 0.00641528752591619, 0.4195210090354219, 0.004970668118735573, 0.017520134073858544, 0.1738063456378203, 0.1585448344122703, 0.0019506989672775134, 0], [0, 0.2942796202426964, 0.018702863036473, 0.009472837070188972, 0.3083329102106776, 0.0011627870449695953, 0.013689667164633369, 0.15653063501638598, 0.17823698595498783, 0.019591694258987224, 0], [0, 0.33917480709652953, 0.03272672398799715, 0.009497709624241133, 0.2009627136551598, 0.005862325901566468, 0.0016810598881842392, 0.20442715968698377, 0.18994690057024952, 0.01572059958908844, 0], [0, 0.49789450477676356, 0.02101689650002169, 0.004967177481426785, 0.15746222029816626, 0.02155610784771091, 0.02304359072520991, 0.13782419510154728, 0.12723740996059907, 0.008997897308554392, 0], [0, 0.6781203885959893, 0.014884632132799268, 0.0021436125166440848, 0.12433853400171618, 0.023259709372088697, 0.015836397635718147, 0.05798386774721683, 0.07168715299487816, 0.011745705002949339, 0], [0, 0.6902810470591718, 0.015509113040938497, 0.012885553542854132, 0.17597588077291812, 0.024644798314840042, 0.01224156192286875, 0.04660922008220714, 0.010186769325232825, 0.011666055938968753, 0], [0, 0.44666442581346133, 0.0158932555780752, 0.004365577422989864, 0.44190679171234465, 0.01097928418737388, 0.018192963459791402, 0.03406433971976602, 0.015331976938848248, 0.012601385167349472, 0], [0, 0.11304371854341266, 0.03805303718152668, 0.018074292468070127, 0.7556728392362926, 0.008093618317710405, 0.005337998796232776, 0.04291679215292308, 0.003384616128676095, 0.015423087175155743, 0], [0, 0, 0, 0, 0, 0, 0, 0, 0, 0, 1]], [\'@\', \'a\', \'b\', \'c\', \'d\', \'e\', \'f\', \'g\', \'h\', \'i\', \'$\'])", "([1, 0, 0, 0, 0, 0, 0, 0, 0, 0, 0, 0, 0], [[0, 1, 0, 0, 0, 0, 0, 0, 0, 0, 0, 0, 0], [0, 0.018181818181818184, 0.8, 0.018181818181818184, 0.018181818181818184, 0.018181818181818184, 0.018181818181818184, 0.018181818181818184, 0.018181818181818184, 0.018181818181818184, 0.018181818181818184, 0.018181818181818184, 0.018181818181818184], [0, 0, 0.02, 0.8, 0.02, 0.02, 0.02, 0.02, 0.02, 0.02, 0.02, 0.02, 0.02], [0, 0, 0, 0.022222222222222223, 0.8, 0.022222222222222223, 0.022222222222222223, 0.022222222222222223, 0.022222222222222223, 0.022222222222222223, 0.022222222222222223, 0.022222222222222223, 0.022222222222222223], [0, 0, 0, 0, 0.025, 0.8, 0.025, 0.025, 0.025, 0.025, 0.025, 0.025, 0.025], [0, 0, 0, 0, 0, 0.028571428571428574, 0.8, 0.028571428571428574, 0.028571428571428574, 0.028571428571428574, 0.028571428571428574, 0.028571428571428574, 0.028571428571428574], [0, 0, 0, 0, 0, 0, 0.03333333333333333, 0.8, 0.03333333333333333, 0.03333333333333333, 0.03333333333333333, 0.03333333333333333, 0.03333333333333333], [0, 0, 0, 0, 0, 0, 0, 0.04, 0.8, 0.04, 0.04, 0.04, 0.04], [0, 0, 0, 0, 0, 0, 0, 0, 0.05, 0.8, 0.05, 0.05, 0.05], [0, 0, 0, 0, 0, 0, 0, 0, 0, 0.06666666666666667, 0.8, 0.06666666666666667, 0.06666666666666667], [0, 0, 0, 0, 0, 0, 0, 0, 0, 0, 0.1, 0.8, 0.1], [0, 0, 0, 0, 0, 0, 0, 0, 0, 0, 0, 0.2, 0.8], [1, 0, 0, 0, 0, 0, 0, 0, 0, 0, 0, 0, 0]], [[1, 0, 0, 0, 0, 0, 0, 0, 0, 0, 0], [0, 0.4855821109994921, 0.017346632197881167, 0.011184097041004665, 0.3662046648736811, 0.08611117531827713, 0.009615442452253285, 0.0006887892541861654, 0.004352359035988863, 0.01891472882723553, 0], [0, 0.3777572948093324, 0.01888442309274992, 0.003857703624403105, 0.5299180542626779, 0.014876844984619268, 0.002661984872048323, 0.025202677826034855, 0.01804370915540366, 0.008797307372730427, 0], [0, 0.7366680903793772, 0.006352147997688547, 0.006533039770839852, 0.18746138996900863, 0.009782302316345387, 0.008820911150778082, 0.02555845810050792, 0.0013873461590705716, 0.0174363141563838, 0], [0, 0.8732984413268339, 0.012155850680907295, 0.004366816517362973, 0.03376439538340035, 0.013344936945828495, 0.019974114067907965, 0.02167830046893717, 0.0006818851609286655, 0.020735259447893253, 0], [0, 0.8744484782152836, 0.007203630266045212, 0.01393808714226911, 0.05030249092824891, 0.00965459233105189, 0.01503694