((11, 4.2), '([\'AAAAAAAAAAA\', \'BBBBBBBBBBB\', \'CCCCCCCCCCC\', \'DDDDDDDDDDD\', \'EEEEEEEEEEE\', \'FFFFFFFFFFF\', \'GGGGGGGGGGG\', \'HHHHHHHHHHH\', \'IIIIIIIIIII\', \'JJJJJJJJJJJ\', \'KKKKKKKKKKK\', \'LLLLLLLLLLL\', \'MMMMMMMMMMM\', \'NNNNNNNNNNN\', \'OOOOOOOOOOO\', \'PPPPPPPPPPP\', \'QQQQQQQQQQQ\', \'RRRRRRRRRRR\', \'SSSSSSSSSSS\', \'TTTTTTTTTTT\', \'UUUUUUUUUUU\', \'VVVVVVVVVVV\', \'WWWWWWWWWWW\', \'XXXXXXXXXXX\', \'YYYYYYYYYYY\', \'ZZZZZZZZZZZ\'], ["([1, 0, 0, 0, 0, 0, 0, 0, 0, 0, 0, 0, 0], [[0, 1, 0, 0, 0, 0, 0, 0, 0, 0, 0, 0, 0], [0, 0.018181818181818184, 0.8, 0.018181818181818184, 0.018181818181818184, 0.018181818181818184, 0.018181818181818184, 0.018181818181818184, 0.018181818181818184, 0.018181818181818184, 0.018181818181818184, 0.018181818181818184, 0.018181818181818184], [0, 0, 0.02, 0.8, 0.02, 0.02, 0.02, 0.02, 0.02, 0.02, 0.02, 0.02, 0.02], [0, 0, 0, 0.022222222222222223, 0.8, 0.022222222222222223, 0.022222222222222223, 0.022222222222222223, 0.022222222222222223, 0.022222222222222223, 0.022222222222222223, 0.022222222222222223, 0.022222222222222223], [0, 0, 0, 0, 0.025, 0.8, 0.025, 0.025, 0.025, 0.025, 0.025, 0.025, 0.025], [0, 0, 0, 0, 0, 0.028571428571428574, 0.8, 0.028571428571428574, 0.028571428571428574, 0.028571428571428574, 0.028571428571428574, 0.028571428571428574, 0.028571428571428574], [0, 0, 0, 0, 0, 0, 0.03333333333333333, 0.8, 0.03333333333333333, 0.03333333333333333, 0.03333333333333333, 0.03333333333333333, 0.03333333333333333], [0, 0, 0, 0, 0, 0, 0, 0.04, 0.8, 0.04, 0.04, 0.04, 0.04], [0, 0, 0, 0, 0, 0, 0, 0, 0.05, 0.8, 0.05, 0.05, 0.05], [0, 0, 0, 0, 0, 0, 0, 0, 0, 0.06666666666666667, 0.8, 0.06666666666666667, 0.06666666666666667], [0, 0, 0, 0, 0, 0, 0, 0, 0, 0, 0.1, 0.8, 0.1], [0, 0, 0, 0, 0, 0, 0, 0, 0, 0, 0, 0.2, 0.8], [1, 0, 0, 0, 0, 0, 0, 0, 0, 0, 0, 0, 0]], [[1, 0, 0, 0, 0, 0, 0, 0, 0, 0, 0, 0], [0, 0.007684303528044865, 0.006457969210502358, 0.019777727657917094, 0.006279353986294884, 0.0005554662345274111, 0.014533993158253109, 0.5116413956865621, 0.27318787981282033, 0.13928199409334435, 0.02059991663173356, 0], [0, 0.01671273904584011, 0.006177962226148447, 0.00879951653435623, 0.015720690683768076, 0.014585455321028297, 0.00814604569255416, 0.6923878217633229, 0.1735282498972075, 0.06003069308117925, 0.0039108257545950025, 0], [0, 0.0002717855952902859, 0.006423677654814893, 0.016475881304511133, 0.0016518140941410163, 0.014033392194206748, 0.01961991849961989, 0.7372864792846436, 0.16466127061866276, 0.022130002702439203, 0.01744577805167049, 0], [0, 0.014396972668277754, 0.017022423861031782, 0.0057680971239077875, 0.005243343910904566, 0.00506266803027591, 0.008921197266022501, 0.8048688877494212, 0.11844402181069838, 0.011001729209268485, 0.009270658370191634, 0], [0, 0.00775367771562799, 0.00697240507837907, 0.0016736704234733464, 0.011752990908253954, 0.015899222423140784, 0.007170948611822504, 0.8394778519404813, 0.08993245708442137, 0.006779580285647044, 0.012587195528752766, 0], [0, 0.008869800473939508, 0.004704440976595007, 0.003414418454558253, 0.008900767379013144, 0.01998341095949295, 0.005476504921761299, 0.8084378968988585, 0.11917552759338498, 0.011964418122106805, 0.009072814220289568, 0], [0, 0.0038763649233252455, 0.00826717897211491, 0.004052748817016904, 0.015212277333336409, 0.01126014514397603, 0.013619875934355378, 0.8293989081420801, 0.097766642886559, 0.0012226980572966387, 0.015323159789939467, 0], [0, 0.015980347017022348, 0.004168180447309379, 0.0022718784857623468, 0.0065059192381946825, 0.01002956342354144, 0.012630768114288857, 0.7995919116671262, 0.13145938132812085, 0.0024048994354007964, 0.01495715084323322, 0], [0, 0.016490194088086017, 0.011901718660374578, 0.009244342176728352, 0.0011271369432876886, 0.008461594731484758, 0.0096243571122202, 0.7322979668229003, 0.15783936142653018, 0.038278003850257716, 0.014735324188130354, 0], [0, 0.008446650321991777, 0.00781764580580601, 0.012641830732833648, 0.0016575167058407473, 0.006071804616453668, 0.01896551634756452, 0.7357843108040518, 0.1329534299336034, 0.06128679480596472, 0.014374499925889635, 0], [0, 0.0016954528074649598, 0.012383818269973323, 0.006781686246662976, 0.015315456381590003, 0.003315054038071551, 0.015815422446561037, 0.605135181590328, 0.20488108844112254, 0.13260942696486475, 0.0020674128133608754, 0], [0, 0, 0, 0, 0, 0, 0, 0, 0, 0, 0, 1]], [\'@\', \'a\', \'b\', \'c\', \'d\', \'e\', \'f\', \'g\', \'h\', \'i\', \'j\', \'$\'])", "([1, 0, 0, 0, 0, 0, 0, 0, 0, 0, 0, 0, 0], [[0, 1, 0, 0, 0, 0, 0, 0, 0, 0, 0, 0, 0], [0, 0.018181818181818184, 0.8, 0.018181818181818184, 0.018181818181818184, 0.018181818181818184, 0.018181818181818184, 0.018181818181818184, 0.018181818181818184, 0.018181818181818184, 0.018181818181818184, 0.018181818181818184, 0.018181818181818184], [0, 0, 0.02, 0.8, 0.02, 0.02, 0.02, 0.02, 0.02, 0.02, 0.02, 0.02, 0.02], [0, 0, 0, 0.022222222222222223, 0.8, 0.022222222222222223, 0.022222222222222223, 0.022222222222222223, 0.022222222222222223, 0.022222222222222223, 0.022222222222222223, 0.022222222222222223, 0.022222222222222223], [0, 0, 0, 0, 0.025, 0.8, 0.025, 0.025, 0.025, 0.025, 0.025, 0.025, 0.025], [0, 0, 0, 0, 0, 0.028571428571428574, 0.8, 0.028571428571428574, 0.028571428571428574, 0.028571428571428574, 0.028571428571428574, 0.028571428571428574, 0.028571428571428574], [0, 0, 0, 0, 0, 0, 0.03333333333333333, 0.8, 0.03333333333333333, 0.03333333333333333, 0.03333333333333333, 0.03333333333333333, 0.03333333333333333], [0, 0, 0, 0, 0, 0, 0, 0.04, 0.8, 0.04, 0.04, 0.04, 0.04], [0, 0, 0, 0, 0, 0, 0, 0, 0.05, 0.8, 0.05, 0.05, 0.05], [0, 0, 0, 0, 0, 0, 0, 0, 0, 0.06666666666666667, 0.8, 0.06666666666666667, 0.06666666666666667], [0, 0, 0, 0, 0, 0, 0, 0, 0, 0, 0.1, 0.8, 0.1], [0, 0, 0, 0, 0, 0, 0, 0, 0, 0, 0, 0.2, 0.8], [1, 0, 0, 0, 0, 0, 0, 0, 0, 0, 0, 0, 0]], [[1, 0, 0, 0, 0, 0, 0, 0, 0, 0, 0, 0], [0, 0.0010849263878020896, 0.011430040082043461, 0.01826975820902508, 0.0016027692335318523, 0.019388733934595576, 0.015218131065185008, 0.6026098644483519, 0.21460135834053604, 0.10896438683064345, 0.006830031468285493, 0], [0, 0.01305687344319744, 0.013674463333109434, 0.054555774136409003, 0.020696669614483774, 0.002865936100507089, 0.024930737577394453, 0.6920763004566837, 0.1342198505578235, 0.019642098963442985, 0.024281295816948715, 0], [0, 0.005914869229188945, 0.012420543592078184, 0.01690609285744283, 0.020560720020232435, 0.014882264341670946, 0.02314036906230625, 0.8049157205404266, 0.06760312763414199, 0.028477029861564286, 0.005179262860947562, 0], [0, 0.025667234880127798, 0.017273810479845247, 0.029817782759626748, 0.0007124899553340149, 0.002447548613736531, 0.0042721962503110495, 0.8552880584483409, 0.03625586035420859, 0.011044085062982456, 0.01722093319548658, 0], [0, 0.009700137246651136, 0.01907210385358287, 0.007580718814357475, 0.0013003686152947293, 0.00893466239347367, 0.0032432565465264464, 0.9056823756915572, 0.0154451122241602, 0.018070759589375953, 0.010970505025020321, 0], [0, 0.009363742165997323, 0.010791019828877925, 0.003619573069107064, 0.015366185053426766, 0.0024821868313257512, 0.01561150661969039, 0.9144050087560031, 0.012457764952406669, 0.009725540256033324, 0.006177472467131689, 0], [0, 0.011708485218839796, 0.004764188190307256, 0.012048676830020096, 0.009755745229340538, 0.00903640521388886, 0.011515339482855184, 0.922346985104653, 0.00489114924258946, 0.00887642329703759, 0.005056602190468383, 0], [0, 0.00922873946409417, 0.004919335559356379, 0.013762857977993873, 0.011745584935054301, 0.00803540932461107, 0.013612544823119629, 0.9188875993877885, 0.0051354319938975565, 0.0011965449607778526, 0.013475951573306869, 0], [0, 0.01436519076574689, 0.005416304239948477, 0.0045017800376817825, 0.006068769927817537, 0.01272467256522177, 0.01275046131379297, 0.8967118621476784, 0.031084777765996233, 0.01595309189222827, 0.00042308934388762316, 0], [0, 0.009953617362169213, 0.01241996188592176, 0.00954720537115651, 0.010514939272936157, 0.011136880471388269, 0.005050088574258672, 0.904354688652072, 0.021294340098532396, 0.000778969774319391, 0.014949308537245574, 0], [0, 0.01283748442294536, 0.014860013735736928, 0.00030395653048518126, 0.005959614749944271, 0.01692962693594492, 0.017196630388381616, 0.9121776090547852, 0.0015181137503784746, 0.011393978659029223, 0.006822971772368967, 0], [0, 0, 0, 0, 0, 0, 0, 0, 0, 0, 0, 1]], [\'@\', \'a\', \'b\', \'c\', \'d\', \'e\', \'f\', \'g\', \'h\', \'i\', \'j\', \'$\'])", "([1, 0, 0, 0, 0, 0, 0, 0, 0, 0, 0, 0, 0], [[0, 1, 0, 0, 0, 0, 0, 0, 0, 0, 0, 0, 0], [0, 0.018181818181818184, 0.8, 0.018181818181818184, 0.018181818181818184, 0.018181818181818184, 0.018181818181818184, 0.018181818181818184, 0.018181818181818184, 0.018181818181818184, 0.018181818181818184, 0.018181818181818184, 0.018181818181818184], [0, 0, 0.02, 0.8, 0.02, 0.02, 0.02, 0.02, 0.02, 0.02, 0.02, 0.02, 0.02], [0, 0, 0, 0.022222222222222223, 0.8, 0.022222222222222223, 0.022222222222222223, 0.022222222222222223, 0.022222222222222223, 0.022222222222222223, 0.022222222222222223, 0.022222222222222223, 0.022222222222222223], [0, 0, 0, 0, 0.025, 0.8, 0.025, 0.025, 0.025, 0.025, 0.025, 0.025, 0.025], [0, 0, 0, 0, 0, 0.028571428571428574, 0.8, 0.028571428571428574, 0.028571428571428574, 0.028571428571428574, 0.028571428571428574, 0.028571428571428574, 0.028571428571428574], [0, 0, 0, 0, 0, 0, 0.03333333333333333, 0.8, 0.03333333333333333, 0.03333333333333333, 0.03333333333333333, 0.03333333333333333, 0.03333333333333333], [0, 0, 0, 0, 0, 0, 0, 0.04, 0.8, 0.04, 0.04, 0.04, 0.04], [0, 0, 0, 0, 0, 0, 0, 0, 0.05, 0.8, 0.05, 0.05, 0.05], [0, 0, 0, 0, 0, 0, 0, 0, 0, 0.06666666666666667, 0.8, 0.06666666666666667, 0.06666666666666667], [0, 0, 0, 0, 0, 0, 0, 0, 0, 0, 0.1, 0.8, 0.1], [0, 0, 0, 0, 0, 0, 0, 0, 0, 0, 0, 0.2, 0.8], [1, 0, 0, 0, 0, 0, 0, 0, 0, 0, 0, 0, 0]], [[1, 0, 0, 0, 0, 0, 0, 0, 0, 0, 0, 0], [0, 0.0035212033726994183, 0.005765048145545458, 0.015415024402050833, 0.01441662273061394, 0.007283387653744756, 0.002281957846459116, 0.8931628188979359, 0.02796826695458719, 0.009287245127037113, 0.02089842486932627, 0], [0, 0.004222814299959652, 0.0020384674148380966, 0.013689853620229578, 0.013650895073739027, 0.006728093384266807, 0.002305586743367721, 0.9301846074325592, 0.00325257845919534, 0.02013189185210538, 0.0037952117197392, 0], [0, 0.01249596663453406, 0.00987418974965171, 0.01043613395746786, 0.0030728614876468475, 0.014162718693455988, 0.005640209057084283, 0.9155165397312965, 0.01171538408022143, 0.011621204933315116, 0.005464791675326192, 0], [0, 0.012458738642090935, 0.0061048022276837385, 0.009233351505490843, 0.012377313763423842, 0.012765382906615767, 0.006935260424249487, 0.9036337599422793, 0.021716015680194607, 0.011790996471409023, 0.002984378436562478, 0], [0, 0.010944375924507197, 0.0042901123014983935, 0.015565895795630934, 0.008021347344686654, 0.007504999044933507, 0.012179993882551076, 0.8479054249576239, 0.0684021787814808, 0.02397526171317087, 0.0012104102539167415, 0], [0, 0.015502977758633942, 0.016801121451770918, 0.002492594760216603, 0.004958352202275217, 0.00590469472453228, 0.015901759994366944, 0.7349345000176826, 0.18621278317179207, 0.012464675105076446, 0.0048265408136530475, 0], [0, 0.0012349727358208105, 0.007932811529260637, 0.008818339531542397, 0.014230735695645558, 0.012817009894469376, 0.00782473203080812, 0.5867562643406972, 0.2613606074361091, 0.09694177411889456, 0.0020827526867523557, 0], [0, 0.010819661134382437, 0.009159012225702888, 0.01715188210898147, 0.00474145350533787, 0.004452162235693616, 0.008299506744014631, 0.5236551174016032, 0.2925681236165729, 0.1240199360811152, 0.005133144946595758, 0], [0, 0.003820817753968625, 0.015570507515751423, 0.008216816939876486, 0.006219163507362695, 0.01654027110722412, 0.0030117373789707485, 0.48273312123084305, 0.2362962070271453, 0.1739692588017372, 0.05362209873712044, 0], [0, 0.010368360994954084, 0.017890116345965074, 0.008454666334250864, 0.01736579537181929, 0.011526069935064484, 0.002950922535217511, 0.40202628986464956, 0.2913259921825929, 0.14910204576757188, 0.08898974066791432, 0], [0, 0.011248010076266626, 0.010675302482666071, 0.015230820746430545, 0.01337236941001432, 0.003703642942246028, 0.00969220797726279, 0.4190876620501829, 0.26508604073334413, 0.21180858288019616, 0.040095360701390366, 0], [0, 0, 0, 0, 0, 0, 0, 0, 0, 0, 0, 1]], [\'@\', \'a\', \'b\', \'c\', \'d\', \'e\', \'f\', \'g\', \'h\', \'i\', \'j\', \'$\'])", "([1, 0, 0, 0, 0, 0, 0, 0, 0, 0, 0, 0, 0], [[0, 1, 0, 0, 0, 0, 0, 0, 0, 0, 0, 0, 0], [0, 0.018181818181818184, 0.8, 0.018181818181818184, 0.018181818181818184, 0.018181818181818184, 0.018181818181818184, 0.018181818181818184, 0.018181818181818184, 0.018181818181818184, 0.018181818181818184, 0.018181818181818184, 0.018181818181818184], [0, 0, 0.02, 0.8, 0.02, 0.02, 0.02, 0.02, 0.02, 0.02, 0.02, 0.02, 0.02], [0, 0, 0, 0.022222222222222223, 0.8, 0.022222222222222223, 0.022222222222222223, 0.022222222222222223, 0.022222222222222223, 0.022222222222222223, 0.022222222222222223, 0.022222222222222223, 0.022222222222222223], [0, 0, 0, 0, 0.025, 0.8, 0.025, 0.025, 0.025, 0.025, 0.025, 0.025, 0.025], [0, 0, 0, 0, 0, 0.028571428571428574, 0.8, 0.028571428571428574, 0.028571428571428574, 0.028571428571428574, 0.028571428571428574, 0.028571428571428574, 0.028571428571428574], [0, 0, 0, 0, 0, 0, 0.03333333333333333, 0.8, 0.03333333333333333, 0.03333333333333333, 0.03333333333333333, 0.03333333333333333, 0.03333333333333333], [0, 0, 0, 0, 0, 0, 0, 0.04, 0.8, 0.04, 0.04, 0.04, 0.04], [0, 0, 0, 0, 0, 0, 0, 0, 0.05, 0.8, 0.05, 0.05, 0.05], [0, 0, 0, 0, 0, 0, 0, 0, 0, 0.06666666666666667, 0.8, 0.06666666666666667, 0.06666666666666667], [0, 0, 0, 0, 0, 0, 0, 0, 0, 0, 0.1, 0.8, 0.1], [0, 0, 0, 0, 0, 0, 0, 0, 0, 0, 0, 0.2, 0.8], [1, 0, 0, 0, 0, 0, 0, 0, 0, 0, 0, 0, 0]], [[1, 0, 0, 0, 0, 0, 0, 0, 0, 0, 0, 0], [0, 0.004479948563439235, 0.00046710520778581795, 0.05874064487595395, 0.028051816346770137, 0.007562710105514785, 0.01965927437680788, 0.5439572031388091, 0.1943824603718867, 0.11134020660239552, 0.03135863041063669, 0], [0, 0.0075662894743890215, 0.013408477551975698, 0.06915467835532885, 0.02224484895425037, 0.01035688614052337, 0.02827307417594051, 0.7306998891754041, 0.06711085982795857, 0.047997360396892945, 0.003187635947336788, 0], [0, 0.01119677616848475, 0.013798622008788956, 0.02270434336964184, 0.01854267750342175, 0.0010190157963453487, 0.007078156015542727, 0.821404716427567, 0.07115260453501308, 0.028427296962435126, 0.0046757912127595065, 0], [0, 0.01244050906244596, 0.005703298808395491, 0.008862929725987853, 1.823901133827601e-05, 0.010960437242641088, 0.014200510562243286, 0.7588212245294319, 0.1532207329174312, 0.020254203126723883, 0.015517915013361075, 0], [0, 0.005404898330426594, 0.0071432904576054215, 0.014493298836590607, 0.013540745630601694, 0.0024037075087118853, 0.018565123804902328, 0.837069703525141, 0.05502388227351965, 0.04383496150103079, 0.002520388131470151, 0], [0, 0.010519307123832445, 0.004832536777420318, 0.017644778521006026, 0.012520038345697447, 0.004239100256026142, 0.002614842083517683, 0.7652557291090866, 0.14515744107638642, 0.02044340777365052, 0.016772818933376454, 0], [0, 0.008371392451231398, 0.001027990805419994, 0.007196733300777913, 0.016472034760185692, 0.010878640587562745, 0.009962407301798726, 0.8869939931365906, 0.03809600381222647, 0.015383133755736335, 0.005617670088470038, 0], [0, 0.018427279459757886, 0.006767190041262275, 0.01797489713431292, 0.006357511170271256, 0.0005898298922787513, 0.0008454114518764333, 0.8859550916655968, 0.04361542026566336, 0.017769840791109357, 0.001697528127871045, 0], [0, 0.001672030759889719, 0.014696471185183491, 0.004075073905798918, 0.018068688232760245, 0.008994079200971552, 0.0046089453464280014, 0.911411679329514, 0.018069796902138408, 0.001631358815135344, 0.016771876322180388, 0], [0, 0.01325715350302638, 0.004682403007445434, 0.003728530894025191, 0.009496756551268639, 0.017358847653073144, 0.0020505220175019143, 0.9124533611791185, 0.01729358838060225, 0.01661097022759406, 0.0030678665863445617, 0], [0, 0.002605288467685489, 0.00742594287304243, 0.013137849272409404, 0.010938123792631836, 0.008894071388606591, 0.010497519438515993, 0.9153163509338216, 0.012738733518556498, 0.012981228762256516, 0.005464891552473565, 0], [0, 0, 0, 0, 0, 0, 0, 0, 0, 0, 0, 1]], [\'@\', \'a\', \'b\', \'c\', \'d\', \'e\', \'f\', \'g\', \'h\', \'i\', \'j\', \'$\'])", "([1, 0, 0, 0, 0, 0, 0, 0, 0, 0, 0, 0, 0], [[0, 1, 0, 0, 0, 0, 0, 0, 0, 0, 0, 0, 0], [0, 0.018181818181818184, 0.8, 0.018181818181818184, 0.018181818181818184, 0.018181818181818184, 0.018181818181818184, 0.018181818181818184, 0.018181818181818184, 0.018181818181818184, 0.018181818181818184, 0.018181818181818184, 0.018181818181818184], [0, 0, 0.02, 0.8, 0.02, 0.02, 0.02, 0.02, 0.02, 0.02, 0.02, 0.02, 0.02], [0, 0, 0, 0.022222222222222223, 0.8, 0.022222222222222223, 0.022222222222222223, 0.022222222222222223, 0.022222222222222223, 0.022222222222222223, 0.022222222222222223, 0.022222222222222223, 0.022222222222222223], [0, 0, 0, 0, 0.025, 0.8, 0.025, 0.025, 0.025, 0.025, 0.025, 0.025, 0.025], [0, 0, 0, 0, 0, 0.028571428571428574, 0.8, 0.028571428571428574, 0.028571428571428574, 0.028571428571428574, 0.028571428571428574, 0.028571428571428574, 0.028571428571428574], [0, 0, 0, 0, 0, 0, 0.03333333333333333, 0.8, 0.03333333333333333, 0.03333333333333333, 0.03333333333333333, 0.03333333333333333, 0.03333333333333333], [0, 0, 0, 0, 0, 0, 0, 0.04, 0.8, 0.04, 0.04, 0.04, 0.04], [0, 0, 0, 0, 0, 0, 0, 0, 0.05, 0.8, 0.05, 0.05, 0.05], [0, 0, 0, 0, 0, 0, 0, 0, 0, 0.06666666666666667, 0.8, 0.06666666666666667, 0.06666666666666667], [0, 0, 0, 0, 0, 0, 0, 0, 0, 0, 0.1, 0.8, 0.1], [0, 0, 0, 0, 0, 0, 0, 0, 0, 0, 0, 0.2, 0.8], [1, 0, 0, 0, 0, 0, 0, 0, 0, 0, 0, 0, 0]], [[1, 0, 0, 0, 0, 0, 0, 0, 0, 0, 0, 0], [0, 0.011328354134702302, 0.006397691429348182, 0.0650238707616891, 0.04329861939571827, 0.013293456207069326, 0.009190985956454614, 0.7091834160556151, 0.12829264759683315, 0.0071357484062675525, 0.006855210056302395, 0], [0, 0.008379142943158665, 0.003436789971381891, 0.011340853367480985, 0.009704754226610761, 0.018234820689170844, 0.009117435301187556, 0.8651248704043366, 0.04568478401477797, 0.02727466382105581, 0.0017018852608388774, 0], [0, 0.004226154215616413, 0.014186092044305224, 0.010943644688211001, 0.009925051114741736, 0.007320528661285129, 0.01383391067365023, 0.8968578642283163, 0.027505144219969493, 0.010937099260145184, 0.004264510893759356, 0], [0, 0.009249751045588724, 0.0037890218357639967, 0.009699487604988866, 0.014072154503296136, 0.006821931859822611, 0.014914358882996366, 0.8627052492204182, 0.0637927714423208, 0.013523152980075764, 0.0014321206247285845, 0], [0, 0.011792749949044034, 0.013944276583446272, 0.007788276761800661, 0.007508308567072316, 0.007372355729186177, 0.010498595536343754, 0.8530687453353433, 0.07368613581790028, 0.006664570586218123, 0.007675985133645184, 0], [0, 0.001016508642594737, 0.0041614187613878174, 0.010557341130486605, 0.008329060074965393, 0.018496937727990388, 0.006373571992943219, 0.8529709523221267, 0.07797023806719064, 0.011625434352572404, 0.008498536927742023, 0], [0, 0.00026600226039469717, 0.008852222507921332, 0.01265882799399691, 0.017733160979355157, 0.0016575239211786348, 0.007181690003229083, 0.8515822809142001, 0.08026499158416855, 0.019425591434965542, 0.00037770840058998527, 0], [0, 0.011562201737363166, 0.003372175387500795, 0.009444297396235065, 0.00725227030770665, 0.008578180566302307, 0.013191138445371705, 0.8170454007487798, 0.0935919044329406, 0.01081502055038208, 0.02514741042741783, 0], [0, 0.010665619375645457, 0.01723597219984565, 0.0013521318710361997, 0.012568585786046086, 0.004257856815491896, 0.0047391024141786335, 0.6595118056442579, 0.21690497094235453, 0.05410559482000381, 0.01865836013113983, 0], [0, 0.010888145164916745, 0.003673358752763434, 0.01185368337591139, 0.010937736030591484, 0.009356323090362067, 0.012108644192990063, 0.614575466450925, 0.17437445501506754, 0.1275338845047944, 0.02469830342167767, 0], [0, 0.0010469557611774796, 0.01444312006656447, 0.0005017417309526983, 0.0003178818064066956, 0.016164650737662812, 0.010525564259735975, 0.43084882252499596, 0.27768120962432313, 0.221695234311863, 0.026774819176317795, 0], [0, 0, 0, 0, 0, 0, 0, 0, 0, 0, 0, 1]], [\'@\', \'a\', \'b\', \'c\', \'d\', \'e\', \'f\', \'g\', \'h\', \'i\', \'j\', \'$\'])", "([1, 0, 0, 0, 0, 0, 0, 0, 0, 0, 0, 0, 0], [[0, 1, 0, 0, 0, 0, 0, 0, 0, 0, 0, 0, 0], [0, 0.018181818181818184, 0.8, 0.018181818181818184, 0.018181818181818184, 0.018181818181818184, 0.018181818181818184, 0.018181818181818184, 0.018181818181818184, 0.018181818181818184, 0.018181818181818184, 0.018181818181818184, 0.018181818181818184], [0, 0, 0.02, 0.8, 0.02, 0.02, 0.02, 0.02, 0.02, 0.02, 0.02, 0.02, 0.02], [0, 0, 0, 0.022222222222222223, 0.8, 0.022222222222222223, 0.022222222222222223, 0.022222222222222223, 0.022222222222222223, 0.022222222222222223, 0.022222222222222223, 0.022222222222222223, 0.022222222222222223], [0, 0, 0, 0, 0.025, 0.8, 0.025, 0.025, 0.025, 0.025, 0.025, 0.025, 0.025], [0, 0, 0, 0, 0, 0.028571428571428574, 0.8, 0.028571428571428574, 0.028571428571428574, 0.028571428571428574, 0.028571428571428574, 0.028571428571428574, 0.028571428571428574], [0, 0, 0, 0, 0, 0, 0.03333333333333333, 0.8, 0.03333333333333333, 0.03333333333333333, 0.03333333333333333, 0.03333333333333333, 0.03333333333333333], [0, 0, 0, 0, 0, 0, 0, 0.04, 0.8, 0.04, 0.04, 0.04, 0.04], [0, 0, 0, 0, 0, 0, 0, 0, 0.05, 0.8, 0.05, 0.05, 0.05], [0, 0, 0, 0, 0, 0, 0, 0, 0, 0.06666666666666667, 0.8, 0.06666666666666667, 0.06666666666666667], [0, 0, 0, 0, 0, 0, 0, 0, 0, 0, 0.1, 0.8, 0.1], [0, 0, 0, 0, 0, 0, 0, 0, 0, 0, 0, 0.2, 0.8], [1, 0, 0, 0, 0, 0, 0, 0, 0, 0, 0, 0, 0]], [[1, 0, 0, 0, 0, 0, 0, 0, 0, 0, 0, 0], [0, 0.007531756678207058, 0.009605546728332151, 0.04074745554071351, 0.022233832268416832, 0.010491392140671178, 0.12111901119720392, 0.5206782465468427, 0.17250278463657073, 0.08885834181422032, 0.006231632448821739, 0], [0, 0.0009503866193659379, 0.012748157533900083, 0.03773071163833006, 0.002972466516938315, 0.0018003137109763462, 0.0559281268023478, 0.6963822082412602, 0.12059602329346966, 0.0589622657746718, 0.011929339868739883, 0], [0, 0.01038492785535017, 0.014607395646093759, 0.013082598473893224, 0.006780549584054113, 0.01388016795188762, 0.014105011606049375, 0.6938293501014301, 0.2185787818991764, 0.008514057978142066, 0.006237158903923155, 0], [0, 0.012088959039972556, 0.0022959018544571573, 0.013917034158036717, 0.005094597637539174, 0.005123294932909238, 0.010850265198708488, 0.5884440816864863, 0.33718532822617847, 0.012184547601278843, 0.012815989664432868, 0], [0, 0.005500471429228967, 0.01086875880709575, 0.0003695113484706202, 0.028430766393228283, 0.0027153073611044655, 0.00046419062302495656, 0.4294876825375435, 0.4909462930437055, 0.02915633364710366, 0.002060684809494254, 0], [0, 0.010611521523013532, 0.011010525550684882, 0.005547183944010105, 0.0075863359410135315, 0.012966305063025615, 0.010160856971913991, 0.4678495729979355, 0.4588377100826983, 0.013705320836561176, 0.0017246670891433653, 0], [0, 0.015668361915266906, 0.006144449556436961, 0.006147702353272555, 0.00873249368915902, 0.01285193122708846, 0.009415746604740365, 0.4549619430848272, 0.47040565828785347, 0.015495529677501625, 0.00017618360385346466, 0], [0, 0.014212343673101736, 0.00704692118370068, 0.002776963683300919, 0.0021931639331432286, 0.01979588271219763, 0.019479317455339935, 0.4739408627081973, 0.43078025066508724, 0.011768630607898865, 0.018005663378032433, 0], [0, 0.0016034079302856244, 0.0062080141021416515, 0.013013073058466697, 0.00934355928666825, 0.01567918233057909, 0.003856778648383323, 0.4793864649722737, 0.38685789126526765, 0.07978410252916322, 0.004267525876770748, 0], [0, 0.005353526566772419, 0.011725547259905388, 0.004982511445962839, 0.0031257453544775004, 0.011173416980257742, 0.013208837753973447, 0.44755108822949097, 0.33878610512383284, 0.15566654585054313, 0.00842667543478367, 0], [0, 0.009206777908298018, 0.011961732191584118, 0.0011658409082168533, 0.01578720375039514, 0.005173879943627254, 0.007183359413381842, 0.31891516611057863, 0.3278507016494379, 0.28600432678982857, 0.016751011334651664, 0], [0, 0, 0, 0, 0, 0, 0, 0, 0, 0, 0, 1]], [\'@\', \'a\', \'b\', \'c\', \'d\', \'e\', \'f\', \'g\', \'h\', \'i\', \'j\', \'$\'])", "([1, 0, 0, 0, 0, 0, 0, 0, 0, 0, 0, 0, 0], [[0, 1, 0, 0, 0, 0, 0, 0, 0, 0, 0, 0, 0], [0, 0.018181818181818184, 0.8, 0.018181818181818184, 0.018181818181818184, 0.018181818181818184, 0.018181818181818184, 0.018181818181818184, 0.018181818181818184, 0.018181818181818184, 0.018181818181818184, 0.018181818181818184, 0.018181818181818184], [0, 0, 0.02, 0.8, 0.02, 0.02, 0.02, 0.02, 0.02, 0.02, 0.02, 0.02, 0.02], [0, 0, 0, 0.022222222222222223, 0.8, 0.022222222222222223, 0.022222222222222223, 0.022222222222222223, 0.022222222222222223, 0.022222222222222223, 0.022222222222222223, 0.022222222222222223, 0.022222222222222223], [0, 0, 0, 0, 0.025, 0.8, 0.025, 0.025, 0.025, 0.025, 0.025, 0.025, 0.025], [0, 0, 0, 0, 0, 0.028571428571428574, 0.8, 0.028571428571428574, 0.028571428571428574, 0.028571428571428574, 0.028571428571428574, 0.028571428571428574, 0.028571428571428574], [0, 0, 0, 0, 0, 0, 0.03333333333333333, 0.8, 0.03333333333333333, 0.03333333333333333, 0.03333333333333333, 0.03333333333333333, 0.03333333333333333], [0, 0, 0, 0, 0, 0, 0, 0.04, 0.8, 0.04, 0.04, 0.04, 0.04], [0, 0, 0, 0, 0, 0, 0, 0, 0.05, 0.8, 0.05, 0.05, 0.05], [0, 0, 0, 0, 0, 0, 0, 0, 0, 0.06666666666666667, 0.8, 0.06666666666666667, 0.06666666666666667], [0, 0, 0, 0, 0, 0, 0, 0, 0, 0, 0.1, 0.8, 0.1], [0, 0, 0, 0, 0, 0, 0, 0, 0, 0, 0, 0.2, 0.8], [1, 0, 0, 0, 0, 0, 0, 0, 0, 0, 0, 0, 0]], [[1, 0, 0, 0, 0, 0, 0, 0, 0, 0, 0, 0], [0, 0.003111042785790891, 0.016451243104065275, 0.017429173841076073, 0.0073010469834749545, 0.00784532920092318, 0.001591279921343142, 0.8877555246815713, 0.030948810206053876, 0.02419544935868694, 0.0033710999170144286, 0], [0, 0.009417932415332644, 0.0028458672187957547, 0.006426658179984936, 0.006285704085138316, 0.0012367053431614336, 0.00032138079355453455, 0.939939716198885, 0.0023659159101437673, 0.00022628183936456838, 0.03093383801563897, 0], [0, 0.01434268765586792, 0.0162310366019466, 0.008085171645469492, 0.0026004906558776933, 0.005108136583367117, 0.008453799662205011, 0.8982510457850549, 0.03021609213611771, 0.0050061746322345845, 0.011705364641858979, 0], [0, 0.006131476546043292, 0.018309732080593957, 0.012389800832715757, 0.007610626233581811, 0.0015033007345579927, 0.0027671115632124433, 0.8837813703858536, 0.03739718071405824, 0.024143846661793072, 0.005965554247589868, 0], [0, 0.017395031852613187, 0.01824498724359476, 0.005394524187375243, 0.0014190689398754957, 0.004504264487256972, 0.004360665580765621, 0.8543261350331539, 0.03937653820888699, 0.04636741170014275, 0.008611372766335095, 0], [0, 0.0025244969263442905, 0.013382240401145287, 0.005160516454094239, 0.012426430915482777, 0.011629921228239665, 0.015905293072837445, 0.8620967570918219, 0.04717954309475229, 0.02014492374551527, 0.009549877069766871, 0], [0, 0.008336364326885183, 0.0014080398218059853, 0.011285976833538791, 0.011168265806415605, 0.020042280958817594, 0.011596596459892122, 0.8599335760593751, 0.054956857800369456, 0.012045038929096353, 0.00922700300380386, 0], [0, 0.01094358902744411, 0.01313332222913448, 0.00686486580866972, 0.013065651020425591, 0.009677799615204425, 0.005632610335896973, 0.8734772850700775, 0.044850730599281345, 0.020511821856172112, 0.0018423244376938564, 0], [0, 0.007691527755860046, 0.01597870705063284, 0.0018808769214744316, 0.010788559359958734, 0.013192077572197926, 0.016417104337258744, 0.9159149187340386, 0.00037007761449708957, 0.006089338814788743, 0.011676811839292863, 0], [0, 0.007918951112401484, 0.0034183900864077394, 0.010023678437469092, 0.013265827237211925, 0.014473086779375647, 0.006468343785780726, 0.894234216274455, 0.024691707389436594, 0.00943135318526699, 0.01607444571219487, 0], [0, 0.013046460398052096, 0.013474895512046035, 0.009081821105790248, 0.002830559400813152, 0.012771826516299302, 0.006284515407701182, 0.8488856225238302, 0.04987869291527382, 0.0404812321810697, 0.003264374039124452, 0], [0, 0, 0, 0, 0, 0, 0, 0, 0, 0, 0, 1]], [\'@\', \'a\', \'b\', \'c\', \'d\', \'e\', \'f\', \'g\', \'h\', \'i\', \'j\', \'$\'])", "([1, 0, 0, 0, 0, 0, 0, 0, 0, 0, 0, 0, 0], [[0, 1, 0, 0, 0, 0, 0, 0, 0, 0, 0, 0, 0], [0, 0.018181818181818184, 0.8, 0.018181818181818184, 0.018181818181818184, 0.018181818181818184, 0.018181818181818184, 0.018181818181818184, 0.018181818181818184, 0.018181818181818184, 0.018181818181818184, 0.018181818181818184, 0.018181818181818184], [0, 0, 0.02, 0.8, 0.02, 0.02, 0.02, 0.02, 0.02, 0.02, 0.02, 0.02, 0.02], [0, 0, 0, 0.022222222222222223, 0.8, 0.022222222222222223, 0.022222222222222223, 0.022222222222222223, 0.022222222222222223, 0.022222222222222223, 0.022222222222222223, 0.022222222222222223, 0.022222222222222223], [0, 0, 0, 0, 0.025, 0.8, 0.025, 0.025, 0.025, 0.025, 0.025, 0.025, 0.025], [0, 0, 0, 0, 0, 0.028571428571428574, 0.8, 0.028571428571428574, 0.028571428571428574, 0.028571428571428574, 0.028571428571428574, 0.028571428571428574, 0.028571428571428574], [0, 0, 0, 0, 0, 0, 0.03333333333333333, 0.8, 0.03333333333333333, 0.03333333333333333, 0.03333333333333333, 0.03333333333333333, 0.03333333333333333], [0, 0, 0, 0, 0, 0, 0, 0.04, 0.8, 0.04, 0.04, 0.04, 0.04], [0, 0, 0, 0, 0, 0, 0, 0, 0.05, 0.8, 0.05, 0.05, 0.05], [0, 0, 0, 0, 0, 0, 0, 0, 0, 0.06666666666666667, 0.8, 0.06666666666666667, 0.06666666666666667], [0, 0, 0, 0, 0, 0, 0, 0, 0, 0, 0.1, 0.8, 0.1], [0, 0, 0, 0, 0, 0, 0, 0, 0, 0, 0, 0.2, 0.8], [1, 0, 0, 0, 0, 0, 0, 0, 0, 0, 0, 0, 0]], [[1, 0, 0, 0, 0, 0, 0, 0, 0, 0, 0, 0], [0, 0.008493686875205348, 0.011741119793842835, 0.0489917965782488, 0.03143177456668897, 0.005206500438577555, 0.05531584681528874, 0.3116497878593022, 0.23994776906559204, 0.2743153015374581, 0.012906416469795425, 0], [0, 0.018055898043356083, 0.0008760007769975672, 0.006301792639360166, 0.009919961842248946, 0.00832109447196551, 0.01762991507601964, 0.615382016837469, 0.20977245982529463, 0.10074793235808009, 0.012992928129208317, 0], [0, 0.013483701754030538, 0.0016798636069818604, 0.007223329975960301, 0.012598433759818088, 0.015683452482919236, 0.003947295734333943, 0.3175474805034616, 0.24665304718007927, 0.36807417245344737, 0.013109222548967871, 0], [0, 0.006066150982145192, 0.016988419248960003, 0.0019055582822081732, 0.0013525590402653485, 0.002442146144021259, 0.014294240691199658, 0.15942080578285017, 0.27069975195318635, 0.5242615992800944, 0.00256876859506939, 0], [0, 0.005216254518476449, 0.0006013670019964604, 0.0007072086065369062, 0.021249850321311922, 0.010576538929447259, 0.005182857970353856, 0.11146838988569295, 0.2130596917929494, 0.6224798530634049, 0.009457987909829822, 0], [0, 0.01113632969103564, 0.013975177037905809, 0.0021040765997452225, 0.01162214123166008, 0.0025465092434356564, 0.005465454971416659, 0.07365167691101446, 0.20508401628556605, 0.6641154497096674, 0.01029916831855307, 0], [0, 0.008022988861425709, 0.009424707788880821, 0.011779166773134595, 0.010380263730711457, 0.011678128904071194, 0.01122286020107514, 0.13294966981781478, 0.20048017785354175, 0.6027675154376436, 0.0012945206317009179, 0], [0, 0.007317540041866039, 0.013511431883107721, 0.0063579783459617204, 0.004883036432518601, 0.01147733035793506, 0.012272448177887871, 0.39610687054923316, 0.24223018079031924, 0.29323223760574146, 0.012610945815429011, 0], [0, 0.011188291813761273, 0.01005345815151709, 0.012741074814652663, 0.010596281455208712, 0.006687482297456541, 0.02072060500690266, 0.49773184248066843, 0.19925705918274758, 0.21972337119848653, 0.011300533598598637, 0], [0, 0.010740351425790218, 0.006252270355658232, 0.02321191619519124, 0.0074789671309313695, 0.010083349412837958, 0.008962660736380529, 0.6285714316316791, 0.17139087932416724, 0.12856257170637445, 0.0047456020809897815, 0], [0, 0.008573844778642686, 0.007623794492646424, 0.041735401867285644, 0.028041163591365537, 0.014813497277129514, 0.014445354764100714, 0.5292111969941999, 0.16778902516121658, 0.17877356479965706, 0.008993156273755968, 0], [0, 0, 0, 0, 0, 0, 0, 0, 0, 0, 0, 1]], [\'@\', \'a\', \'b\', \'c\', \'d\', \'e\', \'f\', \'g\', \'h\', \'i\', \'j\', \'$\'])", "([1, 0, 0, 0, 0, 0, 0, 0, 0, 0, 0, 0, 0], [[0, 1, 0, 0, 0, 0, 0, 0, 0, 0, 0, 0, 0], [0, 0.018181818181818184, 0.8, 0.018181818181818184, 0.018181818181818184, 0.018181818181818184, 0.018181818181818184, 0.018181818181818184, 0.018181818181818184, 0.018181818181818184, 0.018181818181818184, 0.018181818181818184, 0.018181818181818184], [0, 0, 0.02, 0.8, 0.02, 0.02, 0.02, 0.02, 0.02, 0.02, 0.02, 0.02, 0.02], [0, 0, 0, 0.022222222222222223, 0.8, 0.022222222222222223, 0.022222222222222223, 0.022222222222222223, 0.022222222222222223, 0.022222222222222223, 0.022222222222222223, 0.022222222222222223, 0.022222222222222223], [0, 0, 0, 0, 0.025, 0.8, 0.025, 0.025, 0.025, 0.025, 0.025, 0.025, 0.025], [0, 0, 0, 0, 0, 0.028571428571428574, 0.8, 0.028571428571428574, 0.028571428571428574, 0.028571428571428574, 0.028571428571428574, 0.028571428571428574, 0.028571428571428574], [0, 0, 0, 0, 0, 0, 0.03333333333333333, 0.8, 0.03333333333333333, 0.03333333333333333, 0.03333333333333333, 0.03333333333333333, 0.03333333333333333], [0, 0, 0, 0, 0, 0, 0, 0.04, 0.8, 0.04, 0.04, 0.04, 0.04], [0, 0, 0, 0, 0, 0, 0, 0, 0.05, 0.8, 0.05, 0.05, 0.05], [0, 0, 0, 0, 0, 0, 0, 0, 0, 0.06666666666666667, 0.8, 0.06666666666666667, 0.06666666666666667], [0, 0, 0, 0, 0, 0, 0, 0, 0, 0, 0.1, 0.8, 0.1], [0, 0, 0, 0, 0, 0, 0, 0, 0, 0, 0, 0.2, 0.8], [1, 0, 0, 0, 0, 0, 0, 0, 0, 0, 0, 0, 0]], [[1, 0, 0, 0, 0, 0, 0, 0, 0, 0, 0, 0], [0, 0.013505284336318514, 0.014834807634460085, 0.015315236947428625, 0.06520360327737781, 0.008734662942247775, 0.02933267565080225, 0.20271369439491557, 0.4245660684872795, 0.1997781273639741, 0.026015838965195704, 0], [0, 0.004038723788034357, 0.014089024340202098, 0.039004423665622186, 0.08467232590202858, 0.005316239284941568, 0.038875820607420626, 0.3649939405111953, 0.3056950324588667, 0.12006854844329864, 0.023245920998389822, 0], [0, 0.01354395699307603, 0.013810177917784288, 0.07487671151757413, 0.06892173847243553, 0.0031466281831250497, 0.058189774376057046, 0.49903240677919936, 0.1746541592253629, 0.0704402318681738, 0.023384214667212015, 0], [0, 0.016813613045455384, 0.009179747005910864, 0.05091436934123152, 0.09249875248282347, 0.004276826138771246, 0.12124622237801909, 0.48357206400731195, 0.1591711035711762, 0.04285482828555793, 0.019472473743742252, 0], [0, 0.004713006932402893, 0.00015021173982859398, 0.06993967894000716, 0.09567884549291569, 0.016267587928945174, 0.121013654143671, 0.49627418787940697, 0.14990253891764352, 0.03966421436874396, 0.006396073656434908, 0], [0, 0.011925700721639456, 0.009118520720135099, 0.07539796994242981, 0.12738901493686425, 0.0091545205480597, 0.14836288313124893, 0.4799883806521694, 0.09839755403981226, 0.03455941060051077, 0.005706044707130331, 0], [0, 0.013525184241770787, 0.0015120714544703026, 0.0776734952101756, 0.09170825919135613, 0.005487036509745061, 0.12400725812564076, 0.5498718233588065, 0.0932548555335273, 0.02751301960848993, 0.015446996766017705, 0], [0, 0.003568379233906374, 0.001806342677381467, 0.064889895874535, 0.08513690510821763, 0.010251326393883202, 0.1026706313858382, 0.5424862072839405, 0.12408256720600551, 0.0513568563787996, 0.013750888457492495, 0], [0, 0.016009443988272004, 0.00820735619981714, 0.033913981147012544, 0.10128411285329886, 0.002151616296599374, 0.04240022901658476, 0.5304585621483362, 0.16611078925541786, 0.08725230477657422, 0.012211604318086933, 0], [0, 0.011249260446225776, 0.004996508097628234, 0.028071417281999522, 0.04502674979983637, 0.01758875112294706, 0.06156479210763979, 0.5145680543677202, 0.1895228443815243, 0.11069514524848122, 0.0167164771459973, 0], [0, 0.014582115957992813, 0.0026586050016458125, 0.05705663334482686, 0.05319708855964915, 0.007624197141780262, 0.05620631882685561, 0.2947086797807599, 0.28251670056184086, 0.1969823988646985, 0.03446726195995031, 0], [0, 0, 0, 0, 0, 0, 0, 0, 0, 0, 0, 1]], [\'@\', \'a\', \'b\', \'c\', \'d\', \'e\', \'f\', \'g\', \'h\', \'i\', \'j\', \'$\'])", "([1, 0, 0, 0, 0, 0, 0, 0, 0, 0, 0, 0, 0], [[0, 1, 0, 0, 0, 0, 0, 0, 0, 0, 0, 0, 0], [0, 0.018181818181818184, 0.8, 0.018181818181818184, 0.018181818181818184, 0.018181818181818184, 0.018181818181818184, 0.018181818181818184, 0.018181818181818184, 0.018181818181818184, 0.018181818181818184, 0.018181818181818184, 0.018181818181818184], [0, 0, 0.02, 0.8, 0.02, 0.02, 0.02, 0.02, 0.02, 0.02, 0.02, 0.02, 0.02], [0, 0, 0, 0.022222222222222223, 0.8, 0.022222222222222223, 0.022222222222222223, 0.022222222222222223, 0.022222222222222223, 0.022222222222222223, 0.022222222222222223, 0.022222222222222223, 0.022222222222222223], [0, 0, 0, 0, 0.025, 0.8, 0.025, 0.025, 0.025, 0.025, 0.025, 0.025, 0.025], [0, 0, 0, 0, 0, 0.028571428571428574, 0.8, 0.028571428571428574, 0.028571428571428574, 0.028571428571428574, 0.028571428571428574, 0.028571428571428574, 0.028571428571428574], [0, 0, 0, 0, 0, 0, 0.03333333333333333, 0.8, 0.03333333333333333, 0.03333333333333333, 0.03333333333333333, 0.03333333333333333, 0.03333333333333333], [0, 0, 0, 0, 0, 0, 0, 0.04, 0.8, 0.04, 0.04, 0.04, 0.04], [0, 0, 0, 0, 0, 0, 0, 0, 0.05, 0.8, 0.05, 0.05, 0.05], [0, 0, 0, 0, 0, 0, 0, 0, 0, 0.06666666666666667, 0.8, 0.06666666666666667, 0.06666666666666667], [0, 0, 0, 0, 0, 0, 0, 0, 0, 0, 0.1, 0.8, 0.1], [0, 0, 0, 0, 0, 0, 0, 0, 0, 0, 0, 0.2, 0.8], [1, 0, 0, 0, 0, 0, 0, 0, 0, 0, 0, 0, 0]], [[1, 0, 0, 0, 0, 0, 0, 0, 0, 0, 0, 0], [0, 0.002138840545959798, 0.014153285175013235, 0.010607803881896798, 0.00011873431823517516, 0.00899008965569852, 0.01114587903031128, 0.6293445170421624, 0.20233068709772772, 0.10471960862605574, 0.01645055462693941, 0], [0, 0.012592606093458152, 0.0034828122257004593, 0.0005620700246056089, 0.0012348459640778482, 0.010178467253841738, 0.014998183475218085, 0.7217387196407469, 0.18502731778288545, 0.04682994406566629, 0.0033550334737995156, 0], [0, 0.006496023144599696, 0.011494192042717193, 0.008831238396108075, 0.003106444632788234, 0.002370210189200642, 0.016512372447772372, 0.5040341150172722, 0.16406870223677059, 0.20321285066896683, 0.07987385122380414, 0], [0, 0.018848047665086347, 0.008725322270358311, 0.007133519327516085, 0.004902700345790337, 0.0014946958027579212, 0.0008009607019122352, 0.3445897001184705, 0.17089625068240713, 0.2761829091332766, 0.16642589395242458, 0], [0, 0.008758651474091828, 0.014480696093895698, 0.0038801245016042416, 0.011274366964348552, 0.0052865343512439366, 0.00998257461485846, 0.27618340928115526, 0.20692605323510455, 0.26904558938346995, 0.19418200010022754, 0], [0, 0.015358455917479088, 0.005460808589478326, 0.0036995408284991775, 0.005917118023893991, 0.0023844944520803207, 0.010653336575273394, 0.3398526456541902, 0.20548476440948366, 0.22403257078253816, 0.18715626476708377, 0], [0, 0.002969936404761872, 0.01005792462451775, 0.0024286017820161375, 0.016973789541495417, 0.009290354975083438, 0.005239624424555803, 0.417547006438224, 0.22507532119329773, 0.20795819222202247, 0.10245924839402532, 0], [0, 0.0037453911491475205, 0.013151092973439433, 0.0025683334168433523, 0.01027970978844173, 0.010816725007590604, 0.010483843405983505, 0.6809047864409423, 0.14839791476260425, 0.07066053576229156, 0.0489916672927157, 0], [0, 0.00039705701479431283, 0.017916797160806627, 0.007948561499591113, 0.014701510091677946, 0.001416674686282401, 0.005750746261340844, 0.8382879914137877, 0.08328043371013416, 0.011393498880584097, 0.018906729281000654, 0], [0, 0.018950416735910462, 0.006917391894226409, 0.010767658824392677, 0.0019527703741173557, 0.0018478860740877912, 0.01895897923570