((11, 0.5, 'ORIENTATION', 4.6, 0.5), '([\'VVVVVVVVVVV\', \'JJJJJJJJJJJ\', \'QQQQQQQQQQQ\', \'KKKKKKKKKKK\', \'NNNNNNNNNNN\', \'XXXXXXXXXXX\', \'AAAAAAAAAAA\', \'UUUUUUUUUUU\', \'DDDDDDDDDDD\', \'EEEEEEEEEEE\', \'SSSSSSSSSSS\', \'OOOOOOOOOOO\', \'IIIIIIIIIII\', \'YYYYYYYYYYY\', \'CCCCCCCCCCC\', \'GGGGGGGGGGG\', \'BBBBBBBBBBB\', \'PPPPPPPPPPP\', \'HHHHHHHHHHH\', \'ZZZZZZZZZZZ\', \'LLLLLLLLLLL\', \'TTTTTTTTTTT\', \'WWWWWWWWWWW\', \'RRRRRRRRRRR\', \'MMMMMMMMMMM\', \'FFFFFFFFFFF\'], ["([1, 0, 0, 0, 0, 0, 0, 0, 0, 0, 0, 0, 0], [[0, 1, 0, 0, 0, 0, 0, 0, 0, 0, 0, 0, 0], [0, 0.018181818181818184, 0.8, 0.018181818181818184, 0.018181818181818184, 0.018181818181818184, 0.018181818181818184, 0.018181818181818184, 0.018181818181818184, 0.018181818181818184, 0.018181818181818184, 0.018181818181818184, 0.018181818181818184], [0, 0, 0.02, 0.8, 0.02, 0.02, 0.02, 0.02, 0.02, 0.02, 0.02, 0.02, 0.02], [0, 0, 0, 0.022222222222222223, 0.8, 0.022222222222222223, 0.022222222222222223, 0.022222222222222223, 0.022222222222222223, 0.022222222222222223, 0.022222222222222223, 0.022222222222222223, 0.022222222222222223], [0, 0, 0, 0, 0.025, 0.8, 0.025, 0.025, 0.025, 0.025, 0.025, 0.025, 0.025], [0, 0, 0, 0, 0, 0.028571428571428574, 0.8, 0.028571428571428574, 0.028571428571428574, 0.028571428571428574, 0.028571428571428574, 0.028571428571428574, 0.028571428571428574], [0, 0, 0, 0, 0, 0, 0.03333333333333333, 0.8, 0.03333333333333333, 0.03333333333333333, 0.03333333333333333, 0.03333333333333333, 0.03333333333333333], [0, 0, 0, 0, 0, 0, 0, 0.04, 0.8, 0.04, 0.04, 0.04, 0.04], [0, 0, 0, 0, 0, 0, 0, 0, 0.05, 0.8, 0.05, 0.05, 0.05], [0, 0, 0, 0, 0, 0, 0, 0, 0, 0.06666666666666667, 0.8, 0.06666666666666667, 0.06666666666666667], [0, 0, 0, 0, 0, 0, 0, 0, 0, 0, 0.1, 0.8, 0.1], [0, 0, 0, 0, 0, 0, 0, 0, 0, 0, 0, 0.2, 0.8], [1, 0, 0, 0, 0, 0, 0, 0, 0, 0, 0, 0, 0]], [[1, 0, 0, 0, 0, 0, 0, 0, 0, 0, 0], [0, 0.02595717085570515, 0.016484322632432297, 0.012975969695339951, 0.011701615675320846, 0.8792976531696219, 0.012081721423839282, 0.01974902648617078, 0.005093737109462659, 0.016658782952106984, 0], [0, 0.04747485574417608, 0.001967774562449428, 0.007004035460564694, 0.0409223931673481, 0.8486389779697958, 0.02547228413032513, 0.001998897696507673, 0.011698079544066172, 0.014822701724767033, 0], [0, 0.08505341809151323, 0.004948104415171861, 0.012892218317976128, 0.11294512510383875, 0.7296502882260374, 0.012674500342798966, 0.024061099456423457, 0.003563555325463325, 0.01421169072077684, 0], [0, 0.2696248791158202, 0.035091052592428056, 0.011065856953460948, 0.0711332375079533, 0.5298751500853462, 0.033980558443922525, 0.019352752386924296, 0.01684083854275937, 0.013035674371385005, 0], [0, 0.657821688971682, 0.02490478699641386, 0.014615954314325736, 0.03163615720462463, 0.18901332550963074, 0.03568008862048817, 0.022588807963081537, 0.012441725906864924, 0.011297464512888338, 0], [0, 0.8505253502621231, 0.0351729205446249, 0.010751602962118224, 0.0002843858368336145, 0.050711129680584555, 0.015330537425575715, 0.011250378246152194, 0.021193561394936597, 0.004780133647050983, 0], [0, 0.8920545518525504, 0.013115774654313142, 0.012394710064586098, 0.0075352640522802295, 0.041692425706791075, 0.01071477381106284, 0.00714486599849734, 0.014724096970111362, 0.0006235368898075232, 0], [0, 0.8891312446244538, 0.015144126632943304, 0.010817536588481287, 0.014223444596413618, 0.030712985922240116, 0.016551834589462223, 0.0034975568582246833, 0.015464457088684876, 0.004456813099095922, 0], [0, 0.9088306829091874, 0.023971181295731513, 0.002579423133537088, 0.01410812398507721, 0.007254374838010949, 0.008368397927600451, 0.014763068139061768, 0.014160820267115116, 0.005963927504678196, 0], [0, 0.9104768230440752, 0.0022303117923950116, 0.005801928788195456, 0.014510791103271786, 0.020742587842676144, 0.015717236938578776, 0.008149426608707464, 0.011148293632205025, 0.011222600249895189, 0], [0, 0.9011899405329454, 0.01231390583449469, 0.004125481712780079, 0.015281215663583151, 0.0013482881986808404, 0.014534698971021984, 0.019726155086035015, 0.02257178221778682, 0.008908531782671964, 0], [0, 0, 0, 0, 0, 0, 0, 0, 0, 0, 1]], [\'@\', \'a\', \'b\', \'c\', \'d\', \'e\', \'f\', \'g\', \'h\', \'i\', \'$\'])", "([1, 0, 0, 0, 0, 0, 0, 0, 0, 0, 0, 0, 0], [[0, 1, 0, 0, 0, 0, 0, 0, 0, 0, 0, 0, 0], [0, 0.018181818181818184, 0.8, 0.018181818181818184, 0.018181818181818184, 0.018181818181818184, 0.018181818181818184, 0.018181818181818184, 0.018181818181818184, 0.018181818181818184, 0.018181818181818184, 0.018181818181818184, 0.018181818181818184], [0, 0, 0.02, 0.8, 0.02, 0.02, 0.02, 0.02, 0.02, 0.02, 0.02, 0.02, 0.02], [0, 0, 0, 0.022222222222222223, 0.8, 0.022222222222222223, 0.022222222222222223, 0.022222222222222223, 0.022222222222222223, 0.022222222222222223, 0.022222222222222223, 0.022222222222222223, 0.022222222222222223], [0, 0, 0, 0, 0.025, 0.8, 0.025, 0.025, 0.025, 0.025, 0.025, 0.025, 0.025], [0, 0, 0, 0, 0, 0.028571428571428574, 0.8, 0.028571428571428574, 0.028571428571428574, 0.028571428571428574, 0.028571428571428574, 0.028571428571428574, 0.028571428571428574], [0, 0, 0, 0, 0, 0, 0.03333333333333333, 0.8, 0.03333333333333333, 0.03333333333333333, 0.03333333333333333, 0.03333333333333333, 0.03333333333333333], [0, 0, 0, 0, 0, 0, 0, 0.04, 0.8, 0.04, 0.04, 0.04, 0.04], [0, 0, 0, 0, 0, 0, 0, 0, 0.05, 0.8, 0.05, 0.05, 0.05], [0, 0, 0, 0, 0, 0, 0, 0, 0, 0.06666666666666667, 0.8, 0.06666666666666667, 0.06666666666666667], [0, 0, 0, 0, 0, 0, 0, 0, 0, 0, 0.1, 0.8, 0.1], [0, 0, 0, 0, 0, 0, 0, 0, 0, 0, 0, 0.2, 0.8], [1, 0, 0, 0, 0, 0, 0, 0, 0, 0, 0, 0, 0]], [[1, 0, 0, 0, 0, 0, 0, 0, 0, 0, 0], [0, 0.015845267980278816, 0.02276857713072913, 0.017148645619910172, 0.11459259552286195, 0.7188767460206222, 0.029512833133300324, 0.011060195105895926, 0.06978186630066517, 0.000413273185736238, 0], [0, 0.011329537232877744, 0.017395010445315537, 0.003966338297722676, 0.17073447194247676, 0.5889496171649853, 0.15035671520395147, 0.015531022368192598, 0.00776773932279416, 0.0339695480216838, 0], [0, 0.026786233001192858, 0.011975404140598061, 0.015483788329820019, 0.23725011620457662, 0.387056585751432, 0.1245543478953659, 0.051949482665357365, 0.04767942793301709, 0.09726461407864016, 0], [0, 0.12487425492905584, 0.07856379253273653, 0.042032671814050473, 0.19962722587294857, 0.2866310263418456, 0.07512053304661355, 0.03466540099041949, 0.02432510920773561, 0.1341599852645942, 0], [0, 0.2656426654110027, 0.06933898186518057, 0.05166395830062665, 0.11996554912032298, 0.18424182982603662, 0.06918042047122412, 0.033500790106568756, 0.024650742172991992, 0.1818150627260455, 0], [0, 0.3618342970663135, 0.16229390547636643, 0.0647882907106325, 0.05690866039638628, 0.10489166597442494, 0.02829793187388868, 0.017380453866165706, 0.042447900694954334, 0.16115689394086763, 0], [0, 0.42081692761376516, 0.20647422908019902, 0.11979591654189232, 0.05685405976538178, 0.04659417359521757, 0.024101683972056597, 0.026519141235903057, 0.004975412978452828, 0.09386845521713148, 0], [0, 0.5961517681377355, 0.12331410275664988, 0.0693450615921837, 0.09234652434769354, 0.048430522786953575, 0.02593918670131763, 0.004582849033242831, 0.024874057698215615, 0.015015926946007513, 0], [0, 0.603951628088987, 0.06695296517660304, 0.023208918604645343, 0.19516033866994043, 0.050016373200275965, 0.028130969310010964, 0.009371712391629403, 0.0002521529893554828, 0.022954941568552583, 0], [0, 0.4469185603032313, 0.012438677468888123, 0.004978434583816166, 0.4697232115046734, 0.030253078476349598, 0.004852875835268215, 0.014725683847451102, 0.011790642294051874, 0.004318835686270255, 0], [0, 0.15651600456075979, 0.01332797887674582, 0.0014602812125842368, 0.7048467515778497, 0.016737416083585158, 0.03768429953009683, 0.03174232552168147, 0.020535754313762204, 0.01714918832293486, 0], [0, 0, 0, 0, 0, 0, 0, 0, 0, 0, 1]], [\'@\', \'a\', \'b\', \'c\', \'d\', \'e\', \'f\', \'g\', \'h\', \'i\', \'$\'])", "([1, 0, 0, 0, 0, 0, 0, 0, 0, 0, 0, 0, 0], [[0, 1, 0, 0, 0, 0, 0, 0, 0, 0, 0, 0, 0], [0, 0.018181818181818184, 0.8, 0.018181818181818184, 0.018181818181818184, 0.018181818181818184, 0.018181818181818184, 0.018181818181818184, 0.018181818181818184, 0.018181818181818184, 0.018181818181818184, 0.018181818181818184, 0.018181818181818184], [0, 0, 0.02, 0.8, 0.02, 0.02, 0.02, 0.02, 0.02, 0.02, 0.02, 0.02, 0.02], [0, 0, 0, 0.022222222222222223, 0.8, 0.022222222222222223, 0.022222222222222223, 0.022222222222222223, 0.022222222222222223, 0.022222222222222223, 0.022222222222222223, 0.022222222222222223, 0.022222222222222223], [0, 0, 0, 0, 0.025, 0.8, 0.025, 0.025, 0.025, 0.025, 0.025, 0.025, 0.025], [0, 0, 0, 0, 0, 0.028571428571428574, 0.8, 0.028571428571428574, 0.028571428571428574, 0.028571428571428574, 0.028571428571428574, 0.028571428571428574, 0.028571428571428574], [0, 0, 0, 0, 0, 0, 0.03333333333333333, 0.8, 0.03333333333333333, 0.03333333333333333, 0.03333333333333333, 0.03333333333333333, 0.03333333333333333], [0, 0, 0, 0, 0, 0, 0, 0.04, 0.8, 0.04, 0.04, 0.04, 0.04], [0, 0, 0, 0, 0, 0, 0, 0, 0.05, 0.8, 0.05, 0.05, 0.05], [0, 0, 0, 0, 0, 0, 0, 0, 0, 0.06666666666666667, 0.8, 0.06666666666666667, 0.06666666666666667], [0, 0, 0, 0, 0, 0, 0, 0, 0, 0, 0.1, 0.8, 0.1], [0, 0, 0, 0, 0, 0, 0, 0, 0, 0, 0, 0.2, 0.8], [1, 0, 0, 0, 0, 0, 0, 0, 0, 0, 0, 0, 0]], [[1, 0, 0, 0, 0, 0, 0, 0, 0, 0, 0], [0, 0.008986847470232172, 0.9203125944767977, 0.016425610657091305, 0.009728127747621194, 0.0037849114511249856, 0.0024174000910580037, 0.01823105053147357, 0.0008521224344515645, 0.01926133514014948, 0], [0, 0.0035293595978239975, 0.9193158586402183, 0.012096850810875871, 0.0070025759241411556, 0.016991406644284026, 0.013801812911061376, 0.008154055451543258, 0.012809485713605642, 0.006298594306446494, 0], [0, 0.06784607570971994, 0.8112722441989703, 0.058265673645894654, 0.0114829497259199, 0.014134744796718779, 0.010206869087801896, 0.008856433480767473, 0.0123371609959097, 0.005597848358297308, 0], [0, 0.1443744861032643, 0.4462379710549293, 0.10787598184927671, 0.04101731352797888, 0.04970450541975672, 0.026579941621195025, 0.003100079329466755, 0.1350289284256087, 0.04608079266852355, 0], [0, 0.21282765719553687, 0.15612453332834633, 0.1144680060275129, 0.08554673868055018, 0.14316082796975826, 0.12426284391629074, 0.07601436576804517, 0.04506501990159446, 0.04253000721236508, 0], [0, 0.14243444746464784, 0.0506367604752992, 0.043468195823374745, 0.4278403344510963, 0.10305525627435048, 0.058259580603913834, 0.12891579943039447, 0.02007218831121221, 0.025317437165710836, 0], [0, 0.08558930240782373, 0.02030368024439726, 0.0012375443207196743, 0.7011023648965616, 0.04279900439801769, 0.03394543105439273, 0.07179047604851599, 0.020882497837758758, 0.022349698791812676, 0], [0, 0.028674866623566227, 0.02141992596767323, 0.003773882417922119, 0.56267160132396, 0.2594471465697427, 0.051806856219489286, 0.020354715032896264, 0.03260819153723247, 0.019242814307517613, 0], [0, 0.009106516551444335, 0.027716862069304692, 0.005027812147894118, 0.09810850072852217, 0.7605516872191098, 0.041029583853449375, 0.014342908596893706, 0.029844375902117637, 0.014271752931264267, 0], [0, 0.003967893936258932, 0.0308287100872996, 0.019159288325040068, 0.03717862242403814, 0.8838158627409225, 0.0009386634202801547, 0.0019101944392114721, 0.011167882489531386, 0.011032882137417863, 0], [0, 0.012969751282474327, 0.003769276097863407, 0.018239583753271976, 0.07429439823294126, 0.7700020939673821, 0.08124433896554803, 0.01964681931068421, 0.0003985626286142288, 0.01943517576122059, 0], [0, 0, 0, 0, 0, 0, 0, 0, 0, 0, 1]], [\'@\', \'a\', \'b\', \'c\', \'d\', \'e\', \'f\', \'g\', \'h\', \'i\', \'$\'])", "([1, 0, 0, 0, 0, 0, 0, 0, 0, 0, 0, 0, 0], [[0, 1, 0, 0, 0, 0, 0, 0, 0, 0, 0, 0, 0], [0, 0.018181818181818184, 0.8, 0.018181818181818184, 0.018181818181818184, 0.018181818181818184, 0.018181818181818184, 0.018181818181818184, 0.018181818181818184, 0.018181818181818184, 0.018181818181818184, 0.018181818181818184, 0.018181818181818184], [0, 0, 0.02, 0.8, 0.02, 0.02, 0.02, 0.02, 0.02, 0.02, 0.02, 0.02, 0.02], [0, 0, 0, 0.022222222222222223, 0.8, 0.022222222222222223, 0.022222222222222223, 0.022222222222222223, 0.022222222222222223, 0.022222222222222223, 0.022222222222222223, 0.022222222222222223, 0.022222222222222223], [0, 0, 0, 0, 0.025, 0.8, 0.025, 0.025, 0.025, 0.025, 0.025, 0.025, 0.025], [0, 0, 0, 0, 0, 0.028571428571428574, 0.8, 0.028571428571428574, 0.028571428571428574, 0.028571428571428574, 0.028571428571428574, 0.028571428571428574, 0.028571428571428574], [0, 0, 0, 0, 0, 0, 0.03333333333333333, 0.8, 0.03333333333333333, 0.03333333333333333, 0.03333333333333333, 0.03333333333333333, 0.03333333333333333], [0, 0, 0, 0, 0, 0, 0, 0.04, 0.8, 0.04, 0.04, 0.04, 0.04], [0, 0, 0, 0, 0, 0, 0, 0, 0.05, 0.8, 0.05, 0.05, 0.05], [0, 0, 0, 0, 0, 0, 0, 0, 0, 0.06666666666666667, 0.8, 0.06666666666666667, 0.06666666666666667], [0, 0, 0, 0, 0, 0, 0, 0, 0, 0, 0.1, 0.8, 0.1], [0, 0, 0, 0, 0, 0, 0, 0, 0, 0, 0, 0.2, 0.8], [1, 0, 0, 0, 0, 0, 0, 0, 0, 0, 0, 0, 0]], [[1, 0, 0, 0, 0, 0, 0, 0, 0, 0, 0], [0, 0.2507959447879365, 0.1813369083809404, 0.01556476970973564, 0.12246021863849899, 0.34926010014570225, 0.03337456722981239, 0.027808567896022537, 0.01039166671098123, 0.009007256500369858, 0], [0, 0.26656061135552567, 0.15605380850331915, 0.0016598673897500781, 0.2639774861204412, 0.21850447784796342, 0.01591277481545353, 0.043635003620866336, 0.006365107639818442, 0.027330862706862347, 0], [0, 0.1970687589267403, 0.5473009359860006, 0.023786797205489537, 0.0827444138310775, 0.10405368217291075, 0.01444361618487731, 0.0051678667827289, 0.014901023626676346, 0.01053290528349858, 0], [0, 0.07948445343376079, 0.7964431911031483, 0.015794566703642324, 0.03137435148905255, 0.04743922943159198, 0.005381877162293774, 0.0021955124762906664, 0.02132013455601191, 0.0005666836442077572, 0], [0, 0.023774052696634344, 0.8507937206549971, 0.005935694186629478, 0.004252294374425344, 0.04991903756462799, 0.017876109526399796, 0.014459505066327158, 0.02691112862662344, 0.0060784573033352204, 0], [0, 0.022059210715374183, 0.8776626907387732, 0.01469540599527933, 0.006218394299653743, 0.04604623656395213, 0.013619686271149395, 0.0039201330817998335, 0.013244184683994945, 0.002534057650023182, 0], [0, 0.043208073469325196, 0.8124907779927266, 0.019245068724301085, 0.0006320294118280067, 0.07151795906064586, 0.011364448605398654, 0.01537605531234251, 0.02272406699409961, 0.0034415204293326397, 0], [0, 0.09592240822266661, 0.6278722791804473, 0.012197441588334183, 0.012606303752082923, 0.21828356531760051, 0.007858422561285152, 0.009577846313984806, 0.005783074190502778, 0.009898658873095692, 0], [0, 0.15808601188955773, 0.4291538011276927, 0.02610927373314358, 0.0026516267599881642, 0.3394966007353328, 0.025897848770609404, 0.0016835037598189211, 0.0017461651462076751, 0.015175168077648897, 0], [0, 0.27704655745535495, 0.15651246783225953, 0.0032880035201099354, 0.003308451901303595, 0.47037182019285984, 0.04341174349065843, 0.011362472895915902, 0.013303343719575192, 0.021395138991962624, 0], [0, 0.30460663572896246, 0.07730297094422953, 0.022165516343050796, 0.09890349117719391, 0.3565373973841649, 0.07327459307588459, 0.017520772267556228, 0.02267451594564769, 0.02701410713330979, 0], [0, 0, 0, 0, 0, 0, 0, 0, 0, 0, 1]], [\'@\', \'a\', \'b\', \'c\', \'d\', \'e\', \'f\', \'g\', \'h\', \'i\', \'$\'])", "([1, 0, 0, 0, 0, 0, 0, 0, 0, 0, 0, 0, 0], [[0, 1, 0, 0, 0, 0, 0, 0, 0, 0, 0, 0, 0], [0, 0.018181818181818184, 0.8, 0.018181818181818184, 0.018181818181818184, 0.018181818181818184, 0.018181818181818184, 0.018181818181818184, 0.018181818181818184, 0.018181818181818184, 0.018181818181818184, 0.018181818181818184, 0.018181818181818184], [0, 0, 0.02, 0.8, 0.02, 0.02, 0.02, 0.02, 0.02, 0.02, 0.02, 0.02, 0.02], [0, 0, 0, 0.022222222222222223, 0.8, 0.022222222222222223, 0.022222222222222223, 0.022222222222222223, 0.022222222222222223, 0.022222222222222223, 0.022222222222222223, 0.022222222222222223, 0.022222222222222223], [0, 0, 0, 0, 0.025, 0.8, 0.025, 0.025, 0.025, 0.025, 0.025, 0.025, 0.025], [0, 0, 0, 0, 0, 0.028571428571428574, 0.8, 0.028571428571428574, 0.028571428571428574, 0.028571428571428574, 0.028571428571428574, 0.028571428571428574, 0.028571428571428574], [0, 0, 0, 0, 0, 0, 0.03333333333333333, 0.8, 0.03333333333333333, 0.03333333333333333, 0.03333333333333333, 0.03333333333333333, 0.03333333333333333], [0, 0, 0, 0, 0, 0, 0, 0.04, 0.8, 0.04, 0.04, 0.04, 0.04], [0, 0, 0, 0, 0, 0, 0, 0, 0.05, 0.8, 0.05, 0.05, 0.05], [0, 0, 0, 0, 0, 0, 0, 0, 0, 0.06666666666666667, 0.8, 0.06666666666666667, 0.06666666666666667], [0, 0, 0, 0, 0, 0, 0, 0, 0, 0, 0.1, 0.8, 0.1], [0, 0, 0, 0, 0, 0, 0, 0, 0, 0, 0, 0.2, 0.8], [1, 0, 0, 0, 0, 0, 0, 0, 0, 0, 0, 0, 0]], [[1, 0, 0, 0, 0, 0, 0, 0, 0, 0, 0], [0, 0.7623859041729626, 0.02084503761903253, 0.008065455411032232, 0.1165753522546325, 0.05168974185860579, 0.012427503850059097, 0.009218552858870393, 0.011215534224907113, 0.007576917749897788, 0], [0, 0.5924676297476256, 0.021056620116491395, 0.020692146256206603, 0.1638299698654262, 0.1358518238792613, 0.009498235332537328, 0.03517150831871462, 0.01709843742769366, 0.004333629056043355, 0], [0, 0.400467853132264, 0.01247216439316946, 0.010526148985135283, 0.08698477827545717, 0.4365004143466992, 0.01018998319751269, 0.02432694592583983, 0.007010177570056649, 0.011521534173865745, 0], [0, 0.1624628160164251, 0.03462914352168104, 0.014440844896369008, 0.02944548747619633, 0.7205161345629366, 0.013187174069737517, 0.0016469697937739238, 0.005848002541611817, 0.017823427121268533, 0], [0, 0.018005924375633, 0.024413281075490005, 0.008836445518249463, 0.03838399780965456, 0.8700594419032882, 0.013630446538664083, 0.006964305369175204, 0.003801053565086159, 0.015905103844759405, 0], [0, 0.008993794541515656, 0.013919328947182192, 0.015150460781949543, 0.04178399569600557, 0.870231250563991, 0.0216415221983568, 0.011781510914136534, 0.013352007939184113, 0.0031461284176786423, 0], [0, 0.20534693068621204, 0.040303558121139414, 0.004318333305138773, 0.03111982438032018, 0.6710463543311702, 0.005251850171402079, 0.019258971864405842, 0.013695705386777697, 0.009658471753433678, 0], [0, 0.4279849886995689, 0.06601056844246472, 0.037077073329200544, 0.007429544141631074, 0.3955497843287393, 0.005274603383573852, 0.02881645522118507, 0.012337877904534725, 0.019519104549101805, 0], [0, 0.6760033010150499, 0.09643452464213681, 0.00730135074039622, 0.02087784925553852, 0.15641317015938497, 0.01317582581219548, 0.0035064429951470718, 0.022958905380633148, 0.0033286299995177854, 0], [0, 0.8168274102637432, 0.10538263065949864, 0.023021293205310035, 0.00790308969289492, 0.01307813163217949, 0.013457307720868502, 0.00440657283625716, 0.003974193013927218, 0.011949370975320643, 0], [0, 0.839556339865854, 0.05765557765779151, 0.018223332450406596, 0.023223760417281362, 0.02135618490024569, 0.001932690275159748, 0.018498941023924347, 0.010761698668322819, 0.00879147474101394, 0], [0, 0, 0, 0, 0, 0, 0, 0, 0, 0, 1]], [\'@\', \'a\', \'b\', \'c\', \'d\', \'e\', \'f\', \'g\', \'h\', \'i\', \'$\'])", "([1, 0, 0, 0, 0, 0, 0, 0, 0, 0, 0, 0, 0], [[0, 1, 0, 0, 0, 0, 0, 0, 0, 0, 0, 0, 0], [0, 0.018181818181818184, 0.8, 0.018181818181818184, 0.018181818181818184, 0.018181818181818184, 0.018181818181818184, 0.018181818181818184, 0.018181818181818184, 0.018181818181818184, 0.018181818181818184, 0.018181818181818184, 0.018181818181818184], [0, 0, 0.02, 0.8, 0.02, 0.02, 0.02, 0.02, 0.02, 0.02, 0.02, 0.02, 0.02], [0, 0, 0, 0.022222222222222223, 0.8, 0.022222222222222223, 0.022222222222222223, 0.022222222222222223, 0.022222222222222223, 0.022222222222222223, 0.022222222222222223, 0.022222222222222223, 0.022222222222222223], [0, 0, 0, 0, 0.025, 0.8, 0.025, 0.025, 0.025, 0.025, 0.025, 0.025, 0.025], [0, 0, 0, 0, 0, 0.028571428571428574, 0.8, 0.028571428571428574, 0.028571428571428574, 0.028571428571428574, 0.028571428571428574, 0.028571428571428574, 0.028571428571428574], [0, 0, 0, 0, 0, 0, 0.03333333333333333, 0.8, 0.03333333333333333, 0.03333333333333333, 0.03333333333333333, 0.03333333333333333, 0.03333333333333333], [0, 0, 0, 0, 0, 0, 0, 0.04, 0.8, 0.04, 0.04, 0.04, 0.04], [0, 0, 0, 0, 0, 0, 0, 0, 0.05, 0.8, 0.05, 0.05, 0.05], [0, 0, 0, 0, 0, 0, 0, 0, 0, 0.06666666666666667, 0.8, 0.06666666666666667, 0.06666666666666667], [0, 0, 0, 0, 0, 0, 0, 0, 0, 0, 0.1, 0.8, 0.1], [0, 0, 0, 0, 0, 0, 0, 0, 0, 0, 0, 0.2, 0.8], [1, 0, 0, 0, 0, 0, 0, 0, 0, 0, 0, 0, 0]], [[1, 0, 0, 0, 0, 0, 0, 0, 0, 0, 0], [0, 0.5771544075182665, 0.018092053709483767, 0.013805092329532882, 0.09032549607412303, 0.2711662673920191, 0.007733884174825803, 0.0004476422197294849, 0.008150519233443716, 0.01312463734857566, 0], [0, 0.4764773001030933, 0.0010377467251100625, 0.004660933688602384, 0.32522370844652004, 0.13792719234703132, 0.01756998167789455, 0.009904460588499558, 0.0048030827283042305, 0.02239559369494481, 0], [0, 0.2827592273672096, 0.016054152423784593, 0.009690430493055874, 0.6034081993214016, 0.05006665539343824, 0.01672363525868838, 0.0021357988031835726, 0.006770060742365816, 0.012391840196872346, 0], [0, 0.14853555727905127, 0.011191999333363704, 0.01313865241481389, 0.7523222841154359, 0.03235849804754131, 0.006768210380650482, 0.014932136168243477, 0.010022263092193253, 0.010730399168706724, 0], [0, 0.04579294922649656, 0.10325393217201466, 0.0017185246620362055, 0.6731094759193926, 0.0864577687317805, 0.018669254062999224, 0.03662189666153899, 0.034333667753406454, 4.253081033473387e-05, 0], [0, 0.06201864633072492, 0.43356389583959587, 0.01869496785305364, 0.2627394432859292, 0.15211108179745927, 0.030270639571224157, 0.010279469076347959, 0.02021209142854602, 0.010109764817118947, 0], [0, 0.056082341670265594, 0.7533334963622588, 0.023177471749809015, 0.03354050623289321, 0.06243270283844753, 0.02060281076736879, 0.015351960297966155, 0.034548118468363975, 0.0009305916126271447, 0], [0, 0.0725712282439418, 0.7627427982763184, 0.021785002408565558, 0.024141660510702722, 0.08419805114212092, 0.0143769984809341, 0.003287445428537481, 0.014411630814736688, 0.0024851846941422364, 0], [0, 0.19287666957634034, 0.5965722506588218, 0.0005437494162103728, 0.011577826733476754, 0.14951822444257126, 0.023500893989297597, 0.0004536258143625029, 0.019004714269216332, 0.005952045099702982, 0], [0, 0.3345679792718824, 0.3381566824634605, 0.025129355131748896, 0.004024227786659674, 0.2531244219320821, 0.0031398262065732638, 0.02060635403922339, 0.012241288804916536, 0.00900986436345318, 0], [0, 0.34247204988281466, 0.20722960912196206, 0.030990901499792372, 0.026249968530029418, 0.32957330071680874, 0.003523092699840641, 0.03868521017875302, 0.011012182885049121, 0.010263684484950067, 0], [0, 0, 0, 0, 0, 0, 0, 0, 0, 0, 1]], [\'@\', \'a\', \'b\', \'c\', \'d\', \'e\', \'f\', \'g\', \'h\', \'i\', \'$\'])", "([1, 0, 0, 0, 0, 0, 0, 0, 0, 0, 0, 0, 0], [[0, 1, 0, 0, 0, 0, 0, 0, 0, 0, 0, 0, 0], [0, 0.018181818181818184, 0.8, 0.018181818181818184, 0.018181818181818184, 0.018181818181818184, 0.018181818181818184, 0.018181818181818184, 0.018181818181818184, 0.018181818181818184, 0.018181818181818184, 0.018181818181818184, 0.018181818181818184], [0, 0, 0.02, 0.8, 0.02, 0.02, 0.02, 0.02, 0.02, 0.02, 0.02, 0.02, 0.02], [0, 0, 0, 0.022222222222222223, 0.8, 0.022222222222222223, 0.022222222222222223, 0.022222222222222223, 0.022222222222222223, 0.022222222222222223, 0.022222222222222223, 0.022222222222222223, 0.022222222222222223], [0, 0, 0, 0, 0.025, 0.8, 0.025, 0.025, 0.025, 0.025, 0.025, 0.025, 0.025], [0, 0, 0, 0, 0, 0.028571428571428574, 0.8, 0.028571428571428574, 0.028571428571428574, 0.028571428571428574, 0.028571428571428574, 0.028571428571428574, 0.028571428571428574], [0, 0, 0, 0, 0, 0, 0.03333333333333333, 0.8, 0.03333333333333333, 0.03333333333333333, 0.03333333333333333, 0.03333333333333333, 0.03333333333333333], [0, 0, 0, 0, 0, 0, 0, 0.04, 0.8, 0.04, 0.04, 0.04, 0.04], [0, 0, 0, 0, 0, 0, 0, 0, 0.05, 0.8, 0.05, 0.05, 0.05], [0, 0, 0, 0, 0, 0, 0, 0, 0, 0.06666666666666667, 0.8, 0.06666666666666667, 0.06666666666666667], [0, 0, 0, 0, 0, 0, 0, 0, 0, 0, 0.1, 0.8, 0.1], [0, 0, 0, 0, 0, 0, 0, 0, 0, 0, 0, 0.2, 0.8], [1, 0, 0, 0, 0, 0, 0, 0, 0, 0, 0, 0, 0]], [[1, 0, 0, 0, 0, 0, 0, 0, 0, 0, 0], [0, 0.8452326655727911, 0.011840388169771045, 0.013961085304956255, 0.03431544259609413, 0.0051701138834629404, 0.019151553897895083, 0.02784280838903761, 0.025063452841682578, 0.01742248934430925, 0], [0, 0.8793899505432461, 0.025425474329268876, 0.01593019448457293, 0.02419419088413259, 0.001627618544456275, 0.009110629455011973, 0.027751268570290307, 0.0008628694320422099, 0.015707803756978805, 0], [0, 0.6255249628731498, 0.1822827697364645, 0.10601821142582675, 0.010742846649539832, 0.024292019511614804, 0.021607742531664833, 0.004621400785932722, 0.007053958322665065, 0.017856088163141576, 0], [0, 0.3878022503562222, 0.22739752748603984, 0.23721421335839027, 0.023600873098398225, 0.03278910708093188, 0.06909586453845024, 0.0019801281073795083, 0.007319487412665526, 0.012800548561522048, 0], [0, 0.1811018956990581, 0.19965450365775553, 0.23519691227538966, 0.08579225616808529, 0.07322451599989806, 0.1826653682215236, 0.010907174706952653, 0.00624299510276205, 0.02521437816857525, 0], [0, 0.03461847813128775, 0.05236574507972077, 0.10828097073236566, 0.3055128185470836, 0.14686030897407423, 0.28045580747106735, 0.01717166228622649, 0.01739882922628857, 0.03733537955188539, 0], [0, 0.01629265585604633, 0.03298979398931361, 0.023244861304540787, 0.24866682052548153, 0.34621234533669426, 0.2786903426282306, 0.03434391808124044, 0.0013589171036863276, 0.01820034517476611, 0], [0, 0.030854892213314413, 0.007230681401512588, 0.005582063473943181, 0.07245588433975629, 0.8012728193974189, 0.05781080178168711, 0.0037552426462026368, 0.002724637643347514, 0.018312977102817426, 0], [0, 0.0015008121151436661, 0.011865899017070778, 0.004126126972963438, 0.016331918266699365, 0.88850586581936, 0.008554828159518689, 0.036779195989465704, 0.021910492426436133, 0.010424861233342207, 0], [0, 0.06551849338633128, 0.014058910845644791, 0.002863267741980875, 0.04807066291017239, 0.7856830102815259, 0.013268521937913755, 0.0242490863521792, 0.031201031131171123, 0.015087015413080626, 0], [0, 0.06002056130311983, 0.05212681985783152, 0.004015972976872742, 0.0773409671325057, 0.6798311205497745, 0.02930349697236723, 0.03571608275035439, 0.030057707040715097, 0.031587271416458985, 0], [0, 0, 0, 0, 0, 0, 0, 0, 0, 0, 1]], [\'@\', \'a\', \'b\', \'c\', \'d\', \'e\', \'f\', \'g\', \'h\', \'i\', \'$\'])", "([1, 0, 0, 0, 0, 0, 0, 0, 0, 0, 0, 0, 0], [[0, 1, 0, 0, 0, 0, 0, 0, 0, 0, 0, 0, 0], [0, 0.018181818181818184, 0.8, 0.018181818181818184, 0.018181818181818184, 0.018181818181818184, 0.018181818181818184, 0.018181818181818184, 0.018181818181818184, 0.018181818181818184, 0.018181818181818184, 0.018181818181818184, 0.018181818181818184], [0, 0, 0.02, 0.8, 0.02, 0.02, 0.02, 0.02, 0.02, 0.02, 0.02, 0.02, 0.02], [0, 0, 0, 0.022222222222222223, 0.8, 0.022222222222222223, 0.022222222222222223, 0.022222222222222223, 0.022222222222222223, 0.022222222222222223, 0.022222222222222223, 0.022222222222222223, 0.022222222222222223], [0, 0, 0, 0, 0.025, 0.8, 0.025, 0.025, 0.025, 0.025, 0.025, 0.025, 0.025], [0, 0, 0, 0, 0, 0.028571428571428574, 0.8, 0.028571428571428574, 0.028571428571428574, 0.028571428571428574, 0.028571428571428574, 0.028571428571428574, 0.028571428571428574], [0, 0, 0, 0, 0, 0, 0.03333333333333333, 0.8, 0.03333333333333333, 0.03333333333333333, 0.03333333333333333, 0.03333333333333333, 0.03333333333333333], [0, 0, 0, 0, 0, 0, 0, 0.04, 0.8, 0.04, 0.04, 0.04, 0.04], [0, 0, 0, 0, 0, 0, 0, 0, 0.05, 0.8, 0.05, 0.05, 0.05], [0, 0, 0, 0, 0, 0, 0, 0, 0, 0.06666666666666667, 0.8, 0.06666666666666667, 0.06666666666666667], [0, 0, 0, 0, 0, 0, 0, 0, 0, 0, 0.1, 0.8, 0.1], [0, 0, 0, 0, 0, 0, 0, 0, 0, 0, 0, 0.2, 0.8], [1, 0, 0, 0, 0, 0, 0, 0, 0, 0, 0, 0, 0]], [[1, 0, 0, 0, 0, 0, 0, 0, 0, 0, 0], [0, 0.003022480258370496, 0.0010248782813545498, 0.005179024648768504, 0.03189252334066756, 0.8781037520772093, 0.01800062762760151, 0.020752024791472378, 0.03262780250258763, 0.009396886471968308, 0], [0, 0.013599008774892177, 0.03029891422930113, 0.00834675818028408, 0.1599176058170821, 0.7227708506192025, 0.02795754553885138, 0.014855551030672933, 0.01192022629916117, 0.01033353951055246, 0], [0, 0.06571918315821362, 0.014099347455764565, 0.006599477195930548, 0.2912220690359032, 0.4044250709850029, 0.11680588755778785, 0.002732957963861127, 0.0015796125394543913, 0.09681639410808188, 0], [0, 0.14509724164824359, 0.011134582578701209, 0.011139214917956395, 0.3656948200787949, 0.07935991782696326, 0.05125334638503685, 0.057898345037404216, 0.00044260227199021133, 0.2779799292549092, 0], [0, 0.16786090294109998, 0.08076047565061127, 0.014611944902578495, 0.08509603135497167, 0.1136340023726972, 0.022183060421445563, 0.010009409336478236, 0.023008275017436127, 0.48283589800268145, 0], [0, 0.07934142318494723, 0.2426758681792477, 0.035135331461040975, 0.010146457471591626, 0.11847222648783116, 0.008464451767870924, 0.018402735741963102, 0.01807257674815018, 0.4692889289573571, 0], [0, 0.21247565297954307, 0.3596849333696404, 0.06863732746559316, 0.014532806242157671, 0.0821459864361942, 0.006663048666827623, 0.015019791864624698, 0.06609165836317234, 0.17474879461224696, 0], [0, 0.5504063535022484, 0.2553084736927718, 0.039500394868395586, 0.01484191172186444, 0.02672322226075321, 0.004429974297045786, 0.012080018960132726, 0.031018776242175982, 0.0656908744546119, 0], [0, 0.8234748807975273, 0.07354424850749285, 0.020417005681313077, 0.010325965376787299, 0.0007650793945452311, 0.024827095701652396, 0.0011794491344779869, 0.009272880758878185, 0.036193394647325655, 0], [0, 0.7872803032636871, 0.05685889733443911, 0.013696994836058475, 0.08320374404765946, 0.010843467922683944, 0.010364163035220517, 0.018491088962347364, 0.0030506053134883968, 0.016210735284415537, 0], [0, 0.6378239204841998, 0.030920959160545054, 0.031015997637887902, 0.21958002768098658, 0.01716924657272772, 0.014522293674115304, 0.030278195247617903, 0.014843494762872465, 0.0038458647790472057, 0], [0, 0, 0, 0, 0, 0, 0, 0, 0, 0, 1]], [\'@\', \'a\', \'b\', \'c\', \'d\', \'e\', \'f\', \'g\', \'h\', \'i\', \'$\'])", "([1, 0, 0, 0, 0, 0, 0, 0, 0, 0, 0, 0, 0], [[0, 1, 0, 0, 0, 0, 0, 0, 0, 0, 0, 0, 0], [0, 0.018181818181818184, 0.8, 0.018181818181818184, 0.018181818181818184, 0.018181818181818184, 0.018181818181818184, 0.018181818181818184, 0.018181818181818184, 0.018181818181818184, 0.018181818181818184, 0.018181818181818184, 0.018181818181818184], [0, 0, 0.02, 0.8, 0.02, 0.02, 0.02, 0.02, 0.02, 0.02, 0.02, 0.02, 0.02], [0, 0, 0, 0.022222222222222223, 0.8, 0.022222222222222223, 0.022222222222222223, 0.022222222222222223, 0.022222222222222223, 0.022222222222222223, 0.022222222222222223, 0.022222222222222223, 0.022222222222222223], [0, 0, 0, 0, 0.025, 0.8, 0.025, 0.025, 0.025, 0.025, 0.025, 0.025, 0.025], [0, 0, 0, 0, 0, 0.028571428571428574, 0.8, 0.028571428571428574, 0.028571428571428574, 0.028571428571428574, 0.028571428571428574, 0.028571428571428574, 0.028571428571428574], [0, 0, 0, 0, 0, 0, 0.03333333333333333, 0.8, 0.03333333333333333, 0.03333333333333333, 0.03333333333333333, 0.03333333333333333, 0.03333333333333333], [0, 0, 0, 0, 0, 0, 0, 0.04, 0.8, 0.04, 0.04, 0.04, 0.04], [0, 0, 0, 0, 0, 0, 0, 0, 0.05, 0.8, 0.05, 0.05, 0.05], [0, 0, 0, 0, 0, 0, 0, 0, 0, 0.06666666666666667, 0.8, 0.06666666666666667, 0.06666666666666667], [0, 0, 0, 0, 0, 0, 0, 0, 0, 0, 0.1, 0.8, 0.1], [0, 0, 0, 0, 0, 0, 0, 0, 0, 0, 0, 0.2, 0.8], [1, 0, 0, 0, 0, 0, 0, 0, 0, 0, 0, 0, 0]], [[1, 0, 0, 0, 0, 0, 0, 0, 0, 0, 0], [0, 0.15811197738695154, 0.41048603165515907, 0.04774702893512369, 0.03420525454703479, 0.13473239131184336, 0.020877874937362966, 0.06731479474860722, 0.10789194537379677, 0.018632701104120585, 0], [0, 0.2378185490083272, 0.21344049115025582, 0.08124535580643823, 0.17906326422805216, 0.0679559869988182, 0.029048916299995887, 0.07692643633091657, 0.10157696644994184, 0.012924033727253937, 0], [0, 0.16957115870674025, 0.1485105670642413, 0.04646835927503318, 0.1897269803371973, 0.08328766546386789, 0.0567707006265839, 0.12509657573158717, 0.13276413492401448, 0.04780385787073458, 0], [0, 0.15184398518869524, 0.020744941247799954, 0.03181620748629043, 0.29663060767407273, 0.08661091767365102, 0.08628959979128367, 0.1961185297335267, 0.1025564530225646, 0.027388758182115672, 0], [0, 0.09370545762645796, 0.015226748297485295, 0.03141653354388955, 0.3789219177667027, 0.11659120895747292, 0.12731252927888578, 0.14648730674496319, 0.04203680881582034, 0.04830148896832223, 0], [0, 0.035959803135441004, 0.01833235892913505, 0.026877803668974045, 0.5832660768926725, 0.13555872304896435, 0.11752619916552103, 0.05319588965208456, 0.0037841951244298997, 0.025498950382777677, 0], [0, 0.015960795241759387, 0.014407369523006844, 0.003471608688376585, 0.7666575138349326, 0.06339381282734718, 0.07289350069633493, 0.04408982817235241, 0.003288022377019072, 0.015837548638870786, 0], [0, 0.0006635906765647909, 0.004152642534668238, 0.014043882828127682, 0.8301619815944197, 0.056144306601256105, 0.04887086710225205, 0.01402522993264046, 0.006446981199107185, 0.025490517530963937, 0], [0, 0.012677518677516098, 0.007469432602984933, 0.0002880904271036186, 0.8928498440114789, 0.03503374966966399, 0.02558537746152796, 0.006119550647251781, 0.019466859689566574, 0.0005095768129060997, 0], [0, 0.011019850939606602, 0.018071360788267068, 0.002479189858833583, 0.9039075641212063, 0.01999342483704213, 0.008817739449427693, 0.014311025736705106, 0.012756211212762991, 0.00864363305614836, 0], [0, 0.0149188598532194, 0.004269224048108792, 0.01444902710060015, 0.9214193281787306, 0.004584769175541764, 0.004068534847260886, 0.017943567833138174, 0.00398138282593097, 0.014365306137469384, 0], [0, 0, 0, 0, 0, 0, 0, 0, 0, 0, 1]], [\'@\', \'a\', \'b\', \'c\', \'d\', \'e\', \'f\', \'g\', \'h\', \'i\', \'$\'])", "([1, 0, 0, 0, 0, 0, 0, 0, 0, 0, 0, 0, 0], [[0, 1, 0, 0, 0, 0, 0, 0, 0, 0, 0, 0, 0], [0, 0.018181818181818184, 0.8, 0.018181818181818184, 0.018181818181818184, 0.018181818181818184, 0.018181818181818184, 0.018181818181818184, 0.018181818181818184, 0.018181818181818184, 0.018181818181818184, 0.018181818181818184, 0.018181818181818184], [0, 0, 0.02, 0.8, 0.02, 0.02, 0.02, 0.02, 0.02, 0.02, 0.02, 0.02, 0.02], [0, 0, 0, 0.022222222222222223, 0.8, 0.022222222222222223, 0.022222222222222223, 0.022222222222222223, 0.022222222222222223, 0.022222222222222223, 0.022222222222222223, 0.022222222222222223, 0.022222222222222223], [0, 0, 0, 0, 0.025, 0.8, 0.025, 0.025, 0.025, 0.025, 0.025, 0.025, 0.025], [0, 0, 0, 0, 0, 0.028571428571428574, 0.8, 0.028571428571428574, 0.028571428571428574, 0.028571428571428574, 0.028571428571428574, 0.028571428571428574, 0.028571428571428574], [0, 0, 0, 0, 0, 0, 0.03333333333333333, 0.8, 0.03333333333333333, 0.03333333333333333, 0.03333333333333333, 0.03333333333333333, 0.03333333333333333], [0, 0, 0, 0, 0, 0, 0, 0.04, 0.8, 0.04, 0.04, 0.04, 0.04], [0, 0, 0, 0, 0, 0, 0, 0, 0.05, 0.8, 0.05, 0.05, 0.05], [0, 0, 0, 0, 0, 0, 0, 0, 0, 0.06666666666666667, 0.8, 0.06666666666666667, 0.06666666666666667], [0, 0, 0, 0, 0, 0, 0, 0, 0, 0, 0.1, 0.8, 0.1], [0, 0, 0, 0, 0, 0, 0, 0, 0, 0, 0, 0.2, 0.8], [1, 0, 0, 0, 0, 0, 0, 0, 0, 0, 0, 0, 0]], [[1, 0, 0, 0, 0, 0, 0, 0, 0, 0, 0], [0, 0.14718286958228713, 0.38898878122770697, 0.04708890072529528, 0.0360555183909936, 0.221172969411897, 0.01762391356913917, 0.012700356450758236, 0.11555936709280096, 0.013627323549121405, 0], [0, 0.08564209668243418, 0.2479083465803439, 0.02144684296298466, 0.09007537299750366, 0.15678939251453983, 0.060544202777939385, 0.04914246510380418, 0.20150817491884593, 0.08694310546160434, 0], [0, 0.12975130426944137, 0.09119926310505011, 0.0414413501712927, 0.06739342230554589, 0.16379781698444815, 0.07803916249883645, 0.09022823786780557, 0.1964437287920378, 0.14170571400554194, 0], [0, 0.08786896952146904, 0.07893033755242299, 0.06320022306169717, 0.09096655331844032, 0.12937927026866647, 0.08125788390810852, 0.13230375852362827, 0.1689991512542397, 0.16709385259132756, 0], [0, 0.06071305844526856, 0.04201741565241824, 0.06933019276391839, 0.09333939784363353, 0.04397268524260526, 0.19148932990412515, 0.20525621597236202, 0.15542884404619997, 0.13845286012946886, 0], [0, 0.02543733375992839, 0.0488494883762585, 0.06667193660127123, 0.08527196100309906, 0.12454873980308453, 0.14331009888657237, 0.15111669814416193, 0.18096129908607814, 0.17383244433954587, 0], [0, 0.04931793259237739, 0.0017462106781513278, 0.03322569203069126, 0.13505625536632773, 0.18261966216405232, 0.12301225438966096, 0.1318009654586326, 0.17398796397068747, 0.16923306334941893, 0], [0, 0.010297287567881503, 0.014678165221377226, 0.06912934842022334, 0.18955589570821535, 0.16000141942848406, 0.1537721934222225, 0.17012492844891286, 0.1359614524849603, 0.09647930929772282, 0], [0, 0.03789317440598093, 0.00895476462188517, 0.03688234962923848, 0.1547285382188483, 0.20774165253710417, 0.20435895757026395, 0.1857117490719675, 0.06896659308344429, 0.09476222086126734, 0], [0, 0.07423117408882249, 0.04292671938313472, 0.06865848531272316, 0.2389604857532525, 0.170701641786877, 0.17428335957108815, 0.08958105463916045, 0.052773250151476624, 0.08788382931346479, 0], [0, 0.05208498836335665, 0.04739569709929253, 0.05878594552311666, 0.12492542778048812, 0.2346176976021492, 0.1450184823161425, 0.1066954257380436, 0.0660050357277558, 0.16447129984965508, 0], [0, 0, 0, 0, 0, 0, 0, 0, 0, 0, 1]], [\'@\', \'a\', \'b\', \'c\', \'d\', \'e\', \'f\', \'g\', \'h\', \'i\', \'$\'])", "([1, 0, 0, 0, 0, 0, 0, 0, 0, 0, 0, 0, 0], [[0, 1, 0, 0, 0, 0, 0, 0, 0, 0, 0, 0, 0], [0, 0.018181818181818184, 0.8, 0.018181818181818184, 0.018181818181818184, 0.018181818181818184, 0.018181818181818184, 0.018181818181818184, 0.018181818181818184, 0.018181818181818184, 0.018181818181818184, 0.018181818181818184, 0.018181818181818184], [0, 0, 0.02, 0.8, 0.02, 0.02, 0.02, 0.02, 0.02, 0.02, 0.02, 0.02, 0.02], [0, 0, 0, 0.022222222222222223, 0.8, 0.022222222222222223, 0.022222222222222223, 0.022222222222222223, 0.022222222222222223, 0.022222222222222223, 0.022222222222222223, 0.022222222222222223, 0.022222222222222223], [0, 0, 0, 0, 0.025, 0.8, 0.025, 0.025, 0.025, 0.025, 0.025, 0.025, 0.025], [0, 0, 0, 0, 0, 0.028571428571428574, 0.8, 0.028571428571428574, 0.028571428571428574, 0.028571428571428574, 0.028571428571428574, 0.028571428571428574, 0.028571428571428574], [0, 0, 0, 0, 0, 0, 0.03333333333333333, 0.8, 0.03333333333333333, 0.03333333333333333, 0.03333333333333333, 0.03333333333333333, 0.03333333333333333], [0, 0, 0, 0, 0, 0, 0, 0.04, 0.8, 0.04, 0.04, 0.04, 0.04], [0, 0, 0, 0, 0, 0, 0, 0, 0.05, 0.8, 0.05, 0.05, 0.05], [0, 0, 0, 0, 0, 0, 0, 0, 0, 0.06666666666666667, 0.8, 0.06666666666666667, 0.06666666666666667], [0, 0, 0, 0, 0, 0, 0, 0, 0, 0, 0.1, 0.8, 0.1], [0, 0, 0, 0, 0, 0, 0, 0, 0, 0, 0, 0.2, 0.8], [1, 0, 0, 0, 0, 0, 0, 0, 0, 0, 0, 0, 0]], [[1, 0, 0, 0, 0, 0, 0, 0, 0, 0, 0], [0, 0.014891257198904276, 0.20076229041948976, 0.011869433134011715, 0.013447179329611508, 0.7070581570849246, 0.018436256421078875, 0.01438850897154823, 0.007281924412132851, 0.011864993028298208, 0], [0, 0.031385547498117464, 0.3055011154179714, 0.02799499978897873, 0.05101689030839788, 0.48908132760756845, 0.03506371715939516, 0.01895884898198824, 0.015874421426862146, 0.025123131810720525, 0], [0, 0.14270817571865066, 0.3205837910142633, 0.026594891871743607, 0.05059363539758337, 0.3035115242298785, 0.052648106958607006, 0.030391456222761428, 0.03420123398939633, 0.03876718459711563, 0], [0, 0.29464497197206935, 0.38222423083718104, 0.062314117533244874, 0.028066159330588907, 0.11088788863850516, 0.0418866669366503, 0.010230754305346174, 0.04627237920375637, 0.02347283124265779, 0], [0, 0.29746867505724633, 0.38147326105728135, 0.08613769220814202, 0.0506347673660