((11, 3.6), '([\'AAAAAAAAAAA\', \'BBBBBBBBBBB\', \'CCCCCCCCCCC\', \'DDDDDDDDDDD\', \'EEEEEEEEEEE\', \'FFFFFFFFFFF\', \'GGGGGGGGGGG\', \'HHHHHHHHHHH\', \'IIIIIIIIIII\', \'JJJJJJJJJJJ\', \'KKKKKKKKKKK\', \'LLLLLLLLLLL\', \'MMMMMMMMMMM\', \'NNNNNNNNNNN\', \'OOOOOOOOOOO\', \'PPPPPPPPPPP\', \'QQQQQQQQQQQ\', \'RRRRRRRRRRR\', \'SSSSSSSSSSS\', \'TTTTTTTTTTT\', \'UUUUUUUUUUU\', \'VVVVVVVVVVV\', \'WWWWWWWWWWW\', \'XXXXXXXXXXX\', \'YYYYYYYYYYY\', \'ZZZZZZZZZZZ\'], ["([1, 0, 0, 0, 0, 0, 0, 0, 0, 0, 0, 0, 0], [[0, 1, 0, 0, 0, 0, 0, 0, 0, 0, 0, 0, 0], [0, 0.018181818181818184, 0.8, 0.018181818181818184, 0.018181818181818184, 0.018181818181818184, 0.018181818181818184, 0.018181818181818184, 0.018181818181818184, 0.018181818181818184, 0.018181818181818184, 0.018181818181818184, 0.018181818181818184], [0, 0, 0.02, 0.8, 0.02, 0.02, 0.02, 0.02, 0.02, 0.02, 0.02, 0.02, 0.02], [0, 0, 0, 0.022222222222222223, 0.8, 0.022222222222222223, 0.022222222222222223, 0.022222222222222223, 0.022222222222222223, 0.022222222222222223, 0.022222222222222223, 0.022222222222222223, 0.022222222222222223], [0, 0, 0, 0, 0.025, 0.8, 0.025, 0.025, 0.025, 0.025, 0.025, 0.025, 0.025], [0, 0, 0, 0, 0, 0.028571428571428574, 0.8, 0.028571428571428574, 0.028571428571428574, 0.028571428571428574, 0.028571428571428574, 0.028571428571428574, 0.028571428571428574], [0, 0, 0, 0, 0, 0, 0.03333333333333333, 0.8, 0.03333333333333333, 0.03333333333333333, 0.03333333333333333, 0.03333333333333333, 0.03333333333333333], [0, 0, 0, 0, 0, 0, 0, 0.04, 0.8, 0.04, 0.04, 0.04, 0.04], [0, 0, 0, 0, 0, 0, 0, 0, 0.05, 0.8, 0.05, 0.05, 0.05], [0, 0, 0, 0, 0, 0, 0, 0, 0, 0.06666666666666667, 0.8, 0.06666666666666667, 0.06666666666666667], [0, 0, 0, 0, 0, 0, 0, 0, 0, 0, 0.1, 0.8, 0.1], [0, 0, 0, 0, 0, 0, 0, 0, 0, 0, 0, 0.2, 0.8], [1, 0, 0, 0, 0, 0, 0, 0, 0, 0, 0, 0, 0]], [[1, 0, 0, 0, 0, 0, 0, 0, 0, 0, 0, 0], [0, 0.00035342353247668314, 0.01705163188875471, 0.012652077744129592, 0.01190580737353433, 0.003671194512173673, 0.01334191089652904, 0.5111145883378467, 0.27332305370709664, 0.14771577902895455, 0.00887053297850414, 0], [0, 0.011217944690581337, 0.0036658655521749203, 0.011614032113855765, 0.004814534720222746, 0.0010574382555300894, 0.007502749531138053, 0.6968191306692032, 0.1934898705713821, 0.059163864718383384, 0.010654569177528382, 0], [0, 0.001057454569563753, 0.011242811583517455, 0.01543950909822967, 0.010634806047599267, 0.014470844757165206, 0.013456524493822345, 0.7329764370176737, 0.1651627699508391, 0.032102823491225466, 0.003456018990364142, 0], [0, 0.005660415817272181, 0.009956465706405506, 0.010876955422445805, 0.012483459602677527, 0.0003263971809299675, 0.013014786256882151, 0.8092345573520513, 0.11980861611838062, 0.0062514460704262325, 0.012386900472528757, 0], [0, 0.014287940615417886, 0.0071457623567884815, 0.011490290696255857, 0.0005435412959299979, 0.007378602396414752, 0.016163643543461576, 0.8425339337486273, 0.08363619868679173, 0.002060744150161108, 0.014759342510151308, 0], [0, 0.008006322285320696, 0.0007205600022512429, 0.015599361830933524, 0.014960430070148828, 0.013007078552671697, 1.65646180500553e-05, 0.7955394539300703, 0.13309700384442266, 0.01791906181706786, 0.0011341630490632477, 0], [0, 0.006535588421729796, 0.0008253125600251498, 0.00194548042244289, 0.018377389823475407, 0.004236901595311119, 0.008259567636192337, 0.8366225095695351, 0.09945690150138828, 0.004389382469180601, 0.019350966000719387, 0], [0, 0.010083163608342655, 0.007740418754232095, 0.014296040536435645, 0.014180623366564648, 0.010631170563715764, 0.00442511372101738, 0.8027343551997569, 0.12129075690951034, 0.002488223591924977, 0.012130133748499666, 0], [0, 0.0016191276648604295, 0.014282102258813692, 0.01829262056972813, 0.005429235980355725, 0.005198220912996882, 0.017422507870550705, 0.7239381341799618, 0.1546870338840562, 0.04640887044026454, 0.012722146238412052, 0], [0, 0.0011010528103380525, 0.005222328078596883, 0.016588344023685204, 0.00817264963158371, 0.015638391798879544, 0.005767487137555288, 0.7415936283138569, 0.13335003078784868, 0.05746476403322687, 0.01510132338442877, 0], [0, 0.006509364270785953, 0.0032887772474606866, 0.015210526535352951, 0.002796146972060289, 0.012821938108177696, 0.012617874359443094, 0.601405794234638, 0.21181701310339615, 0.1279659677381785, 0.005566597430506607, 0], [0, 0, 0, 0, 0, 0, 0, 0, 0, 0, 0, 1]], [\'@\', \'a\', \'b\', \'c\', \'d\', \'e\', \'f\', \'g\', \'h\', \'i\', \'j\', \'$\'])", "([1, 0, 0, 0, 0, 0, 0, 0, 0, 0, 0, 0, 0], [[0, 1, 0, 0, 0, 0, 0, 0, 0, 0, 0, 0, 0], [0, 0.018181818181818184, 0.8, 0.018181818181818184, 0.018181818181818184, 0.018181818181818184, 0.018181818181818184, 0.018181818181818184, 0.018181818181818184, 0.018181818181818184, 0.018181818181818184, 0.018181818181818184, 0.018181818181818184], [0, 0, 0.02, 0.8, 0.02, 0.02, 0.02, 0.02, 0.02, 0.02, 0.02, 0.02, 0.02], [0, 0, 0, 0.022222222222222223, 0.8, 0.022222222222222223, 0.022222222222222223, 0.022222222222222223, 0.022222222222222223, 0.022222222222222223, 0.022222222222222223, 0.022222222222222223, 0.022222222222222223], [0, 0, 0, 0, 0.025, 0.8, 0.025, 0.025, 0.025, 0.025, 0.025, 0.025, 0.025], [0, 0, 0, 0, 0, 0.028571428571428574, 0.8, 0.028571428571428574, 0.028571428571428574, 0.028571428571428574, 0.028571428571428574, 0.028571428571428574, 0.028571428571428574], [0, 0, 0, 0, 0, 0, 0.03333333333333333, 0.8, 0.03333333333333333, 0.03333333333333333, 0.03333333333333333, 0.03333333333333333, 0.03333333333333333], [0, 0, 0, 0, 0, 0, 0, 0.04, 0.8, 0.04, 0.04, 0.04, 0.04], [0, 0, 0, 0, 0, 0, 0, 0, 0.05, 0.8, 0.05, 0.05, 0.05], [0, 0, 0, 0, 0, 0, 0, 0, 0, 0.06666666666666667, 0.8, 0.06666666666666667, 0.06666666666666667], [0, 0, 0, 0, 0, 0, 0, 0, 0, 0, 0.1, 0.8, 0.1], [0, 0, 0, 0, 0, 0, 0, 0, 0, 0, 0, 0.2, 0.8], [1, 0, 0, 0, 0, 0, 0, 0, 0, 0, 0, 0, 0]], [[1, 0, 0, 0, 0, 0, 0, 0, 0, 0, 0, 0], [0, 0.01222061661719081, 0.009076613922383132, 0.049658612681418815, 0.00836481054033133, 0.014287173308714417, 0.03183036886601138, 0.5726132809055695, 0.2052597246571662, 0.0879376306933944, 0.008751167807820112, 0], [0, 0.0036007313520956107, 0.010129775036530944, 0.07539565448396787, 0.05734877804741799, 0.00751692543112933, 0.034454456898295266, 0.6722790225727141, 0.1035453035789865, 0.021550205491932352, 0.014179147106930018, 0], [0, 0.00656118752644689, 0.015575801990930243, 0.03724468647910902, 0.01963343010777917, 0.007973321613808227, 0.04636754071444475, 0.7928856713422832, 0.04547760953527166, 0.017809500654430533, 0.010471250035496264, 0], [0, 0.01473670147729168, 0.012877692802062513, 0.048375841135949185, 0.005594562318785903, 0.012607798270644129, 0.0081212891622792, 0.8547274490512985, 0.02765790311731656, 0.005685167883769916, 0.009615594780602473, 0], [0, 0.008550815908767028, 0.00834816852297693, 0.0032909449918071144, 0.0021899595944156447, 0.012931212082715353, 0.012092033159940048, 0.8965932238608125, 0.0264157407146573, 0.013502375598875582, 0.016085525565032642, 0], [0, 0.017814580180455345, 0.01389016413393063, 0.011601182175305152, 0.0018064383747625776, 0.002285146065446072, 0.004927907936140203, 0.9120816939415035, 0.013173873673942627, 0.01631496860534853, 0.006104044913165397, 0], [0, 0.015122147036397198, 0.007084137572790789, 0.009078529084501416, 0.01663740364121422, 0.001541075239545005, 0.00559838908938652, 0.9230185670521456, 0.005076196177067037, 0.013611598991913219, 0.0032319561150389656, 0], [0, 0.0108634954275296, 0.0047730696762067655, 0.011047765175522231, 0.0067324259472854924, 0.009276851382018485, 0.015432970680203554, 0.9194453198913682, 0.005250970879994694, 0.013674842829342398, 0.0035022881105285413, 0], [0, 0.009862133706273207, 0.012030944414296526, 0.01705564570399428, 0.010526531900329263, 0.002737801540709255, 0.0016945515517394155, 0.8918546731738517, 0.036059987252102854, 0.012269189721552689, 0.005908541035150709, 0], [0, 0.01274050936862869, 0.011839557748671589, 0.01409723367301839, 0.01285328002191233, 0.002984890181286216, 0.0009151170429164372, 0.9085465730207037, 0.018865805718970972, 0.0010943440805085635, 0.016062689143383095, 0], [0, 0.0032526382234891837, 0.019923059913336708, 0.024246553348053212, 0.00035875672810121593, 0.0022999982046061824, 0.0030631426723168923, 0.9107396505642288, 0.008819505847510043, 0.025381764194995035, 0.001914930303362716, 0], [0, 0, 0, 0, 0, 0, 0, 0, 0, 0, 0, 1]], [\'@\', \'a\', \'b\', \'c\', \'d\', \'e\', \'f\', \'g\', \'h\', \'i\', \'j\', \'$\'])", "([1, 0, 0, 0, 0, 0, 0, 0, 0, 0, 0, 0, 0], [[0, 1, 0, 0, 0, 0, 0, 0, 0, 0, 0, 0, 0], [0, 0.018181818181818184, 0.8, 0.018181818181818184, 0.018181818181818184, 0.018181818181818184, 0.018181818181818184, 0.018181818181818184, 0.018181818181818184, 0.018181818181818184, 0.018181818181818184, 0.018181818181818184, 0.018181818181818184], [0, 0, 0.02, 0.8, 0.02, 0.02, 0.02, 0.02, 0.02, 0.02, 0.02, 0.02, 0.02], [0, 0, 0, 0.022222222222222223, 0.8, 0.022222222222222223, 0.022222222222222223, 0.022222222222222223, 0.022222222222222223, 0.022222222222222223, 0.022222222222222223, 0.022222222222222223, 0.022222222222222223], [0, 0, 0, 0, 0.025, 0.8, 0.025, 0.025, 0.025, 0.025, 0.025, 0.025, 0.025], [0, 0, 0, 0, 0, 0.028571428571428574, 0.8, 0.028571428571428574, 0.028571428571428574, 0.028571428571428574, 0.028571428571428574, 0.028571428571428574, 0.028571428571428574], [0, 0, 0, 0, 0, 0, 0.03333333333333333, 0.8, 0.03333333333333333, 0.03333333333333333, 0.03333333333333333, 0.03333333333333333, 0.03333333333333333], [0, 0, 0, 0, 0, 0, 0, 0.04, 0.8, 0.04, 0.04, 0.04, 0.04], [0, 0, 0, 0, 0, 0, 0, 0, 0.05, 0.8, 0.05, 0.05, 0.05], [0, 0, 0, 0, 0, 0, 0, 0, 0, 0.06666666666666667, 0.8, 0.06666666666666667, 0.06666666666666667], [0, 0, 0, 0, 0, 0, 0, 0, 0, 0, 0.1, 0.8, 0.1], [0, 0, 0, 0, 0, 0, 0, 0, 0, 0, 0, 0.2, 0.8], [1, 0, 0, 0, 0, 0, 0, 0, 0, 0, 0, 0, 0]], [[1, 0, 0, 0, 0, 0, 0, 0, 0, 0, 0, 0], [0, 0.01113567117705829, 0.01340221477197373, 0.007905640711945, 0.008625566566238052, 0.005512497288550667, 0.013056219766893886, 0.8889839422402609, 0.028304912756209524, 0.017469881657549546, 0.005603453063320361, 0], [0, 0.0024564064820592076, 0.003457728099429217, 0.012662244628630227, 0.017718424255120588, 0.007622644283786574, 0.0003121011336465114, 0.9146494720799322, 0.018102782375496517, 0.013175522446308312, 0.009842674215590663, 0], [0, 0.0067782924149873205, 0.011061874760485372, 0.0069974288277407, 0.015488556009133495, 0.008402595243105543, 0.004343567744879552, 0.9188369011404595, 0.00977335386994962, 0.004603869361770416, 0.01371356062748851, 0], [0, 0.013601773295184442, 0.0032973055114517134, 0.010721731760140022, 0.007170694314936433, 0.01296762485581033, 0.001187028276427784, 0.9110490517400616, 0.019559246989518383, 0.003226088240621923, 0.01721945501584746, 0], [0, 0.0054364969226644395, 0.023110820848719748, 0.004743499226305664, 0.00048418298211311674, 0.0016522781608129273, 0.002334703242747725, 0.8460631974360608, 0.08065526131273275, 0.020011798909147033, 0.015507760958695611, 0], [0, 0.012644998349789084, 0.006864467831489183, 0.0025605392457181612, 0.011017097444219524, 0.008672774330582838, 0.004603101243678759, 0.7433263819479332, 0.18959837512232602, 0.0101314795047157, 0.010580784979547456, 0], [0, 0.012650048216377646, 0.002246501541202048, 0.008604601424367583, 0.010671718316656783, 0.011322928212188367, 0.010266458684982783, 0.5857447166925197, 0.2605451573868468, 0.09685057901147792, 0.0010972905133803182, 0], [0, 0.006583183907214693, 0.00650804081660633, 0.009032212638098953, 0.016041771368837537, 0.010814847173201293, 0.008783306126268616, 0.5219138922071034, 0.29157107236838653, 0.12778083565906018, 0.0009708377352225619, 0], [0, 0.006897591218178587, 0.011583490379833172, 0.009095704779154145, 0.008874965752302894, 0.008879686227690906, 0.014635621566546771, 0.48524397123986485, 0.22942460146628785, 0.18334368275207627, 0.04202068461806454, 0], [0, 0.01096709643540425, 0.006555136045659833, 0.01672001780250298, 0.010432539054102331, 0.0015857062923995237, 0.005410821829226765, 0.41776830633387746, 0.2928932685281871, 0.14997102693325523, 0.08769608074538446, 0], [0, 0.007916501638745601, 0.014102600557487159, 0.01593140062177551, 0.0005955025792093585, 0.008654081368708311, 0.013686570746902577, 0.4176245292480515, 0.26692585653200723, 0.21334814689205753, 0.0412148098150551, 0], [0, 0, 0, 0, 0, 0, 0, 0, 0, 0, 0, 1]], [\'@\', \'a\', \'b\', \'c\', \'d\', \'e\', \'f\', \'g\', \'h\', \'i\', \'j\', \'$\'])", "([1, 0, 0, 0, 0, 0, 0, 0, 0, 0, 0, 0, 0], [[0, 1, 0, 0, 0, 0, 0, 0, 0, 0, 0, 0, 0], [0, 0.018181818181818184, 0.8, 0.018181818181818184, 0.018181818181818184, 0.018181818181818184, 0.018181818181818184, 0.018181818181818184, 0.018181818181818184, 0.018181818181818184, 0.018181818181818184, 0.018181818181818184, 0.018181818181818184], [0, 0, 0.02, 0.8, 0.02, 0.02, 0.02, 0.02, 0.02, 0.02, 0.02, 0.02, 0.02], [0, 0, 0, 0.022222222222222223, 0.8, 0.022222222222222223, 0.022222222222222223, 0.022222222222222223, 0.022222222222222223, 0.022222222222222223, 0.022222222222222223, 0.022222222222222223, 0.022222222222222223], [0, 0, 0, 0, 0.025, 0.8, 0.025, 0.025, 0.025, 0.025, 0.025, 0.025, 0.025], [0, 0, 0, 0, 0, 0.028571428571428574, 0.8, 0.028571428571428574, 0.028571428571428574, 0.028571428571428574, 0.028571428571428574, 0.028571428571428574, 0.028571428571428574], [0, 0, 0, 0, 0, 0, 0.03333333333333333, 0.8, 0.03333333333333333, 0.03333333333333333, 0.03333333333333333, 0.03333333333333333, 0.03333333333333333], [0, 0, 0, 0, 0, 0, 0, 0.04, 0.8, 0.04, 0.04, 0.04, 0.04], [0, 0, 0, 0, 0, 0, 0, 0, 0.05, 0.8, 0.05, 0.05, 0.05], [0, 0, 0, 0, 0, 0, 0, 0, 0, 0.06666666666666667, 0.8, 0.06666666666666667, 0.06666666666666667], [0, 0, 0, 0, 0, 0, 0, 0, 0, 0, 0.1, 0.8, 0.1], [0, 0, 0, 0, 0, 0, 0, 0, 0, 0, 0, 0.2, 0.8], [1, 0, 0, 0, 0, 0, 0, 0, 0, 0, 0, 0, 0]], [[1, 0, 0, 0, 0, 0, 0, 0, 0, 0, 0, 0], [0, 0.014280613333822186, 0.004962666425326739, 0.033827316630466876, 0.039410205790455365, 0.011608183879522022, 0.03842078413618266, 0.5392353029631516, 0.1989640894933471, 0.11895803878124797, 0.0003327985664776303, 0], [0, 0.00733783172152142, 0.01006602844789407, 0.11098639406481267, 0.03004048153144109, 0.011314117051590479, 0.03381644470381163, 0.6809457399076896, 0.06769140801805466, 0.03636903507696858, 0.011432519476215782, 0], [0, 0.006118536137590566, 0.0021305423404862716, 0.031424175769753246, 0.021614910364974888, 0.010303449001034406, 0.012728019103599605, 0.8054470763481091, 0.07571774182480366, 0.01893301332392665, 0.015582535785721772, 0], [0, 0.014465461791632172, 0.004413852961361637, 0.030445578408338586, 0.027306065487344905, 0.00414832829357877, 0.0010127290464354566, 0.7402630114591712, 0.13705453240680454, 0.018451272747808695, 0.022439167397524013, 0], [0, 0.0113491088665309, 0.011350244467220681, 0.012518994717185839, 0.007071299119710425, 0.008668573380215993, 0.00030863586388563173, 0.8410819017883051, 0.06414276272667903, 0.036175825576746444, 0.007332653493520046, 0], [0, 0.011294813118775513, 0.010576603060861188, 0.006522452978613621, 0.010503855725113989, 0.010546591868912865, 0.011536505075901721, 0.7638173154919571, 0.14472937807130834, 0.026974433907824304, 0.003498050700731534, 0], [0, 0.0029914576117888248, 0.016683756957315797, 0.012503230479696347, 0.008548455257765491, 0.01121915190981335, 0.009212539898001115, 0.8832042086055268, 0.03749260078271632, 0.0011902594749835685, 0.016954339022392153, 0], [0, 0.015238455940055195, 0.01843387491394348, 0.006834433712101794, 0.0011417615366921636, 0.00011780210525074365, 0.0032206333072664754, 0.8946199879751159, 0.0373061232455328, 0.0035835360185964963, 0.01950339124544492, 0], [0, 0.0021259105507168627, 0.01265964826516703, 0.00022879960126079873, 0.005655588535175639, 0.0020423687087353154, 0.003564214959758778, 0.9272178118126854, 0.015092855945950527, 0.010916771067952065, 0.02049603055259768, 0], [0, 0.01135117121070479, 0.013462898651321968, 0.011353359362685644, 0.001389221343484026, 0.0064625409233579, 0.0005848347268673457, 0.9055691121736901, 0.02913364583893445, 0.013687196243641774, 0.007006019525312053, 0], [0, 0.015622261692131862, 0.011646256829292139, 0.008811955357850657, 0.0089018273045406, 0.004200077016611484, 0.013073658090256818, 0.9096107484119125, 0.010382782807128241, 0.01619933683297364, 0.0015510956573022141, 0], [0, 0, 0, 0, 0, 0, 0, 0, 0, 0, 0, 1]], [\'@\', \'a\', \'b\', \'c\', \'d\', \'e\', \'f\', \'g\', \'h\', \'i\', \'j\', \'$\'])", "([1, 0, 0, 0, 0, 0, 0, 0, 0, 0, 0, 0, 0], [[0, 1, 0, 0, 0, 0, 0, 0, 0, 0, 0, 0, 0], [0, 0.018181818181818184, 0.8, 0.018181818181818184, 0.018181818181818184, 0.018181818181818184, 0.018181818181818184, 0.018181818181818184, 0.018181818181818184, 0.018181818181818184, 0.018181818181818184, 0.018181818181818184, 0.018181818181818184], [0, 0, 0.02, 0.8, 0.02, 0.02, 0.02, 0.02, 0.02, 0.02, 0.02, 0.02, 0.02], [0, 0, 0, 0.022222222222222223, 0.8, 0.022222222222222223, 0.022222222222222223, 0.022222222222222223, 0.022222222222222223, 0.022222222222222223, 0.022222222222222223, 0.022222222222222223, 0.022222222222222223], [0, 0, 0, 0, 0.025, 0.8, 0.025, 0.025, 0.025, 0.025, 0.025, 0.025, 0.025], [0, 0, 0, 0, 0, 0.028571428571428574, 0.8, 0.028571428571428574, 0.028571428571428574, 0.028571428571428574, 0.028571428571428574, 0.028571428571428574, 0.028571428571428574], [0, 0, 0, 0, 0, 0, 0.03333333333333333, 0.8, 0.03333333333333333, 0.03333333333333333, 0.03333333333333333, 0.03333333333333333, 0.03333333333333333], [0, 0, 0, 0, 0, 0, 0, 0.04, 0.8, 0.04, 0.04, 0.04, 0.04], [0, 0, 0, 0, 0, 0, 0, 0, 0.05, 0.8, 0.05, 0.05, 0.05], [0, 0, 0, 0, 0, 0, 0, 0, 0, 0.06666666666666667, 0.8, 0.06666666666666667, 0.06666666666666667], [0, 0, 0, 0, 0, 0, 0, 0, 0, 0, 0.1, 0.8, 0.1], [0, 0, 0, 0, 0, 0, 0, 0, 0, 0, 0, 0.2, 0.8], [1, 0, 0, 0, 0, 0, 0, 0, 0, 0, 0, 0, 0]], [[1, 0, 0, 0, 0, 0, 0, 0, 0, 0, 0, 0], [0, 0.008982585219366871, 0.011523145551061872, 0.1070408883793941, 0.04795821909890429, 0.016060532622870986, 0.014456693633341303, 0.6619961710698739, 0.11148208103855407, 0.0033258798694128654, 0.017173803517219834, 0], [0, 0.01950144879130277, 0.015543755087137519, 0.022548410278589878, 0.013880652737788553, 0.004096417368513664, 0.009519031476240595, 0.854554570634081, 0.030544561041667598, 0.016842864980726065, 0.012968287603952421, 0], [0, 0.013659384543786034, 0.0013326007579106847, 0.005855245202517248, 0.01375966850348536, 0.009279292071767517, 0.014579718403745615, 0.8950715814784022, 0.027237318343220032, 0.00849206726092388, 0.0107331234342415, 0], [0, 0.009840519107051162, 0.012884509375780897, 0.006214125347083988, 0.004160328938124094, 0.007849098744453302, 0.013823999592003105, 0.8681331819801279, 0.060502291807657864, 0.0008989827933346026, 0.015692962314383024, 0], [0, 0.004088034107328487, 0.004215090621483627, 0.005653488285966728, 0.01771418715044918, 0.011327111002963698, 0.015939520378623923, 0.8538349733396973, 0.06847094277612895, 0.00977003625035142, 0.008986616087006698, 0], [0, 0.006140233827373164, 0.015945330616509792, 0.0017225151663345377, 0.006564333312987326, 0.012336135551209262, 0.010567639639108601, 0.854084477761285, 0.07592227181878287, 0.013984083857502431, 0.0027329784489069056, 0], [0, 0.009876714136196922, 0.001947284591331036, 0.013233181837403197, 0.011715728422870568, 0.00601940901470789, 0.014008289822643969, 0.841857357992255, 0.08662422031269779, 0.001020517815821858, 0.013697296054071781, 0], [0, 0.014503814306452041, 0.005737444324061556, 0.010564302127694504, 0.00862933768070994, 0.014267460571284188, 0.0057168017158954615, 0.8221129398576301, 0.08530279442919458, 0.012898734404527105, 0.020266370582550545, 0], [0, 0.012646614977451, 0.005753346802634528, 0.0010153757128369958, 0.016210233920371554, 0.0005914232569000468, 0.011920118257805885, 0.6709022232042593, 0.20767130645775436, 0.0505461282595467, 0.022743229150439727, 0], [0, 0.0026514199533313127, 0.015492393537266566, 0.005467666227625689, 0.01196554887839434, 0.01251543580749501, 0.0008030180833974624, 0.6274233553326984, 0.16695489469671618, 0.13173835510498286, 0.02498791237809207, 0], [0, 0.013184830306698892, 0.015686319556934326, 0.00535572130133761, 0.0078687544911349, 0.006710153982557216, 0.0042264599101601115, 0.4307614352706845, 0.2702456968529116, 0.2220930849804254, 0.023867543347155473, 0], [0, 0, 0, 0, 0, 0, 0, 0, 0, 0, 0, 1]], [\'@\', \'a\', \'b\', \'c\', \'d\', \'e\', \'f\', \'g\', \'h\', \'i\', \'j\', \'$\'])", "([1, 0, 0, 0, 0, 0, 0, 0, 0, 0, 0, 0, 0], [[0, 1, 0, 0, 0, 0, 0, 0, 0, 0, 0, 0, 0], [0, 0.018181818181818184, 0.8, 0.018181818181818184, 0.018181818181818184, 0.018181818181818184, 0.018181818181818184, 0.018181818181818184, 0.018181818181818184, 0.018181818181818184, 0.018181818181818184, 0.018181818181818184, 0.018181818181818184], [0, 0, 0.02, 0.8, 0.02, 0.02, 0.02, 0.02, 0.02, 0.02, 0.02, 0.02, 0.02], [0, 0, 0, 0.022222222222222223, 0.8, 0.022222222222222223, 0.022222222222222223, 0.022222222222222223, 0.022222222222222223, 0.022222222222222223, 0.022222222222222223, 0.022222222222222223, 0.022222222222222223], [0, 0, 0, 0, 0.025, 0.8, 0.025, 0.025, 0.025, 0.025, 0.025, 0.025, 0.025], [0, 0, 0, 0, 0, 0.028571428571428574, 0.8, 0.028571428571428574, 0.028571428571428574, 0.028571428571428574, 0.028571428571428574, 0.028571428571428574, 0.028571428571428574], [0, 0, 0, 0, 0, 0, 0.03333333333333333, 0.8, 0.03333333333333333, 0.03333333333333333, 0.03333333333333333, 0.03333333333333333, 0.03333333333333333], [0, 0, 0, 0, 0, 0, 0, 0.04, 0.8, 0.04, 0.04, 0.04, 0.04], [0, 0, 0, 0, 0, 0, 0, 0, 0.05, 0.8, 0.05, 0.05, 0.05], [0, 0, 0, 0, 0, 0, 0, 0, 0, 0.06666666666666667, 0.8, 0.06666666666666667, 0.06666666666666667], [0, 0, 0, 0, 0, 0, 0, 0, 0, 0, 0.1, 0.8, 0.1], [0, 0, 0, 0, 0, 0, 0, 0, 0, 0, 0, 0.2, 0.8], [1, 0, 0, 0, 0, 0, 0, 0, 0, 0, 0, 0, 0]], [[1, 0, 0, 0, 0, 0, 0, 0, 0, 0, 0, 0], [0, 0.01741072743834299, 0.012366183009567955, 0.06495157865408104, 0.04490393617187011, 0.0036334689537720075, 0.12470854802440201, 0.4824502510877579, 0.15890254002036489, 0.07914961313149953, 0.011523153508341533, 0], [0, 0.024272810610408316, 0.005193143416907836, 0.054967647415056546, 0.01845708475964042, 0.015501924468961958, 0.06518346520484028, 0.6456854964887189, 0.10021754270271167, 0.05991601105280903, 0.010604873879945057, 0], [0, 0.0015926684495739226, 0.001901432145431713, 0.02453981655340228, 0.005534387777893898, 0.006211766460657427, 0.021020518720490634, 0.6868213962482452, 0.22845496622308684, 0.0046718094766466925, 0.019251237944571384, 0], [0, 0.01324817148056092, 0.00789722176475112, 0.0013327329730030782, 0.012096812005892011, 0.011566943738082647, 0.012337132948512535, 0.5759887747464515, 0.34952632750529616, 0.01475852347711135, 0.0012473593603386463, 0], [0, 0.010295656668431736, 0.004021337433969837, 0.007454363912598249, 0.005259987733375775, 0.007355826332173781, 0.014806074656578514, 0.44444560056348836, 0.48676962173996247, 0.00880596489159439, 0.01078556606782687, 0], [0, 0.002485344137829425, 0.009602217761214173, 0.0070761074445330205, 0.005572150710782863, 0.013592829668870123, 0.014135670966604312, 0.45601740784705486, 0.4726283609574976, 0.002537849018854139, 0.01635206148675945, 0], [0, 2.9757440746092102e-05, 0.0074403832903996575, 0.008763280324125678, 0.0082390638091983, 0.012151924357132112, 0.001765901374794114, 0.4615926263711975, 0.4786167065454372, 5.590256221474767e-05, 0.021344453924754554, 0], [0, 0.014678749355754049, 0.0150960166032747, 0.002979775953008897, 0.003120325503449921, 0.013789438245608587, 0.007456758688114448, 0.48502633453968086, 0.43256227205199194, 0.009724903243321046, 0.01556542581579563, 0], [0, 0.00863685965126834, 0.0019637474281151805, 0.008301402308947046, 0.006142306150584387, 0.01920135824964291, 0.002678026886124054, 0.4781676924244603, 0.39049494816573116, 0.07643921309948315, 0.007974445635643567, 0], [0, 0.01580496663708928, 0.013011285475373007, 0.003318045118642836, 0.0023603617654515186, 0.015245836965188112, 0.012156875508755726, 0.44067946441089056, 0.3312794738332382, 0.1627793721061835, 0.0033643181791872495, 0], [0, 0.01394154412297608, 0.003722507699011267, 0.014070223650091451, 0.014401291922833837, 0.008380429245936913, 0.0031330483351698886, 0.3049894563455328, 0.339868623123588, 0.28937003866880673, 0.008122836886052994, 0], [0, 0, 0, 0, 0, 0, 0, 0, 0, 0, 0, 1]], [\'@\', \'a\', \'b\', \'c\', \'d\', \'e\', \'f\', \'g\', \'h\', \'i\', \'j\', \'$\'])", "([1, 0, 0, 0, 0, 0, 0, 0, 0, 0, 0, 0, 0], [[0, 1, 0, 0, 0, 0, 0, 0, 0, 0, 0, 0, 0], [0, 0.018181818181818184, 0.8, 0.018181818181818184, 0.018181818181818184, 0.018181818181818184, 0.018181818181818184, 0.018181818181818184, 0.018181818181818184, 0.018181818181818184, 0.018181818181818184, 0.018181818181818184, 0.018181818181818184], [0, 0, 0.02, 0.8, 0.02, 0.02, 0.02, 0.02, 0.02, 0.02, 0.02, 0.02, 0.02], [0, 0, 0, 0.022222222222222223, 0.8, 0.022222222222222223, 0.022222222222222223, 0.022222222222222223, 0.022222222222222223, 0.022222222222222223, 0.022222222222222223, 0.022222222222222223, 0.022222222222222223], [0, 0, 0, 0, 0.025, 0.8, 0.025, 0.025, 0.025, 0.025, 0.025, 0.025, 0.025], [0, 0, 0, 0, 0, 0.028571428571428574, 0.8, 0.028571428571428574, 0.028571428571428574, 0.028571428571428574, 0.028571428571428574, 0.028571428571428574, 0.028571428571428574], [0, 0, 0, 0, 0, 0, 0.03333333333333333, 0.8, 0.03333333333333333, 0.03333333333333333, 0.03333333333333333, 0.03333333333333333, 0.03333333333333333], [0, 0, 0, 0, 0, 0, 0, 0.04, 0.8, 0.04, 0.04, 0.04, 0.04], [0, 0, 0, 0, 0, 0, 0, 0, 0.05, 0.8, 0.05, 0.05, 0.05], [0, 0, 0, 0, 0, 0, 0, 0, 0, 0.06666666666666667, 0.8, 0.06666666666666667, 0.06666666666666667], [0, 0, 0, 0, 0, 0, 0, 0, 0, 0, 0.1, 0.8, 0.1], [0, 0, 0, 0, 0, 0, 0, 0, 0, 0, 0, 0.2, 0.8], [1, 0, 0, 0, 0, 0, 0, 0, 0, 0, 0, 0, 0]], [[1, 0, 0, 0, 0, 0, 0, 0, 0, 0, 0, 0], [0, 0.01349782332649681, 0.013639583678310654, 0.014591779524699061, 0.0011056558773114965, 0.0050826960571612005, 0.004155978219327597, 0.8799030567846354, 0.039689760140447214, 0.02676716670448755, 0.001566499687122918, 0], [0, 0.014917640287906883, 0.011005233948535965, 0.015306085976468039, 0.010204928239226104, 0.0030595184971829534, 0.01551800153962445, 0.912463678599398, 0.0018525551614186793, 0.00814601271817863, 0.007526345032060214, 0], [0, 0.0046420379754507305, 0.0012648710540889287, 0.007538896408667548, 0.007824569029718153, 0.010005510699739031, 0.009153154474452654, 0.8854884989157462, 0.049851283758683626, 0.012788994979355766, 0.011442182704097276, 0], [0, 0.01570022250644443, 0.0023341296994359648, 0.009677659039578904, 0.0073800574265706345, 0.01322670439134099, 0.009770417690488394, 0.8757926062203295, 0.04091179096759574, 0.023541017103760532, 0.0016653949544548775, 0], [0, 0.003636569066309405, 0.015195453475301424, 0.0022381702989530392, 0.004790776239382841, 0.014494723413273687, 0.010294245713017833, 0.8404993531486343, 0.05279886960654177, 0.04412772437374034, 0.011924114664845366, 0], [0, 0.012564976789376554, 0.013026439133627254, 0.0033960262855313667, 0.014409114267654666, 0.013587137187644024, 0.003877277505187158, 0.8588578361300522, 0.05625085462020845, 0.020520962795031787, 0.0035093752856865555, 0], [0, 0.007086001489422643, 0.012408466900925563, 0.011940956308898356, 0.0024522494993753983, 0.007559331998616933, 0.01357817219911548, 0.8617091208515907, 0.06828253449984154, 0.008872894148183494, 0.006110272104029999, 0], [0, 0.000274654547800906, 0.003400573611705654, 0.005198549464636258, 0.01000104491841734, 0.008487119830843869, 0.008148515062006138, 0.8758341944817768, 0.055112614829348296, 0.030495480143489077, 0.0030472531099754773, 0], [0, 0.006870826394813765, 0.010650361301224584, 0.003632468200233803, 0.01528104538721342, 0.013922469586840258, 0.003059306363255448, 0.9237027102441463, 0.004642832610486664, 0.0026371396817181907, 0.01560084023006762, 0], [0, 0.005366648963734934, 0.014274502371755328, 0.005893394952918555, 0.004668153697236776, 0.015066310852890407, 0.008696651283469777, 0.9043922718647679, 0.0161804458228997, 0.017993970115066437, 0.007467650075260127, 0], [0, 0.010370884967404584, 0.00685956703235258, 0.017749905557402034, 0.007729540832938409, 0.005173949826784983, 0.004379898495685431, 0.8458601248887296, 0.05577921573216129, 0.034802805958288385, 0.011294106708252646, 0], [0, 0, 0, 0, 0, 0, 0, 0, 0, 0, 0, 1]], [\'@\', \'a\', \'b\', \'c\', \'d\', \'e\', \'f\', \'g\', \'h\', \'i\', \'j\', \'$\'])", "([1, 0, 0, 0, 0, 0, 0, 0, 0, 0, 0, 0, 0], [[0, 1, 0, 0, 0, 0, 0, 0, 0, 0, 0, 0, 0], [0, 0.018181818181818184, 0.8, 0.018181818181818184, 0.018181818181818184, 0.018181818181818184, 0.018181818181818184, 0.018181818181818184, 0.018181818181818184, 0.018181818181818184, 0.018181818181818184, 0.018181818181818184, 0.018181818181818184], [0, 0, 0.02, 0.8, 0.02, 0.02, 0.02, 0.02, 0.02, 0.02, 0.02, 0.02, 0.02], [0, 0, 0, 0.022222222222222223, 0.8, 0.022222222222222223, 0.022222222222222223, 0.022222222222222223, 0.022222222222222223, 0.022222222222222223, 0.022222222222222223, 0.022222222222222223, 0.022222222222222223], [0, 0, 0, 0, 0.025, 0.8, 0.025, 0.025, 0.025, 0.025, 0.025, 0.025, 0.025], [0, 0, 0, 0, 0, 0.028571428571428574, 0.8, 0.028571428571428574, 0.028571428571428574, 0.028571428571428574, 0.028571428571428574, 0.028571428571428574, 0.028571428571428574], [0, 0, 0, 0, 0, 0, 0.03333333333333333, 0.8, 0.03333333333333333, 0.03333333333333333, 0.03333333333333333, 0.03333333333333333, 0.03333333333333333], [0, 0, 0, 0, 0, 0, 0, 0.04, 0.8, 0.04, 0.04, 0.04, 0.04], [0, 0, 0, 0, 0, 0, 0, 0, 0.05, 0.8, 0.05, 0.05, 0.05], [0, 0, 0, 0, 0, 0, 0, 0, 0, 0.06666666666666667, 0.8, 0.06666666666666667, 0.06666666666666667], [0, 0, 0, 0, 0, 0, 0, 0, 0, 0, 0.1, 0.8, 0.1], [0, 0, 0, 0, 0, 0, 0, 0, 0, 0, 0, 0.2, 0.8], [1, 0, 0, 0, 0, 0, 0, 0, 0, 0, 0, 0, 0]], [[1, 0, 0, 0, 0, 0, 0, 0, 0, 0, 0, 0], [0, 8.060627150849472e-05, 0.010808414888772171, 0.06050847858622867, 0.057588693977640305, 0.0016179435912356919, 0.1165189020156792, 0.29994134594545935, 0.21670343164777423, 0.22408192389442608, 0.012150259181275831, 0], [0, 0.007690202385381806, 0.007303588983930349, 0.0276777903449642, 0.03477926621696436, 0.009693500430393654, 0.02841221326675481, 0.5760389577569512, 0.21185460491254712, 0.06808936510828206, 0.028460510593830375, 0], [0, 0.01610871830846306, 0.007628868404921768, 0.004984284306103498, 0.012007953756462712, 0.011304284709294815, 0.015919642725336736, 0.3132812490271929, 0.23724983725798493, 0.3759676626202366, 0.005547498884002972, 0], [0, 0.015272699127626358, 0.014202124723977342, 0.01546093400685026, 0.008419959785874828, 0.00014077150049550174, 0.00015757405452776753, 0.15908975265054912, 0.26001087430999376, 0.5267963242583593, 0.00044898558174558974, 0], [0, 0.004712752755802531, 0.013044607747932185, 0.013877103001869064, 0.0006705721755298983, 0.013323214081787904, 0.006656364486073365, 0.1260802879178705, 0.19353137551481206, 0.6227126648813014, 0.005391057437021204, 0], [0, 0.008228574032833474, 0.004228895472019157, 0.008615616512086564, 0.002858685777683891, 0.00697891629898814, 0.011721930498155748, 0.07000206006799636, 0.2135880573273832, 0.6594727249835174, 0.014304539029335974, 0], [0, 0.005901066605206862, 0.004151464568726319, 0.008691928548417955, 0.0022127873145195097, 0.006824147698806825, 0.017433423600769264, 0.13680772064031008, 0.20520217808782776, 0.603923470109548, 0.008851812825867427, 0], [0, 0.004817678162630834, 0.019488378553437467, 0.0060639049097887905, 0.004101511283766773, 0.0001372511428941509, 0.010916676188016306, 0.3946559876583929, 0.2468754795088073, 0.3035520605540879, 0.009391072038177647, 0], [0, 0.011185556583247401, 0.003859964844641043, 0.012135563624289244, 0.008822558646950958, 0.01641797662815396, 0.011302513257855683, 0.4991244772765355, 0.20112051322925933, 0.22862274767552918, 0.007408128233537569, 0], [0, 0.0025668790301162417, 0.00019286134030373445, 0.02510322041376637, 0.014537351812411258, 0.004161762740164516, 0.008142086171397325, 0.6269454979433899, 0.18157619777986622, 0.12935672779392376, 0.007417414974660733, 0], [0, 0.006208512018428294, 0.014271768013745767, 0.045128041082975315, 0.028839804709128874, 0.006939659919935505, 0.04096833036034549, 0.5232962354194262, 0.15915942314384682, 0.156683237881673, 0.018504987450494788, 0], [0, 0, 0, 0, 0, 0, 0, 0, 0, 0, 0, 1]], [\'@\', \'a\', \'b\', \'c\', \'d\', \'e\', \'f\', \'g\', \'h\', \'i\', \'j\', \'$\'])", "([1, 0, 0, 0, 0, 0, 0, 0, 0, 0, 0, 0, 0], [[0, 1, 0, 0, 0, 0, 0, 0, 0, 0, 0, 0, 0], [0, 0.018181818181818184, 0.8, 0.018181818181818184, 0.018181818181818184, 0.018181818181818184, 0.018181818181818184, 0.018181818181818184, 0.018181818181818184, 0.018181818181818184, 0.018181818181818184, 0.018181818181818184, 0.018181818181818184], [0, 0, 0.02, 0.8, 0.02, 0.02, 0.02, 0.02, 0.02, 0.02, 0.02, 0.02, 0.02], [0, 0, 0, 0.022222222222222223, 0.8, 0.022222222222222223, 0.022222222222222223, 0.022222222222222223, 0.022222222222222223, 0.022222222222222223, 0.022222222222222223, 0.022222222222222223, 0.022222222222222223], [0, 0, 0, 0, 0.025, 0.8, 0.025, 0.025, 0.025, 0.025, 0.025, 0.025, 0.025], [0, 0, 0, 0, 0, 0.028571428571428574, 0.8, 0.028571428571428574, 0.028571428571428574, 0.028571428571428574, 0.028571428571428574, 0.028571428571428574, 0.028571428571428574], [0, 0, 0, 0, 0, 0, 0.03333333333333333, 0.8, 0.03333333333333333, 0.03333333333333333, 0.03333333333333333, 0.03333333333333333, 0.03333333333333333], [0, 0, 0, 0, 0, 0, 0, 0.04, 0.8, 0.04, 0.04, 0.04, 0.04], [0, 0, 0, 0, 0, 0, 0, 0, 0.05, 0.8, 0.05, 0.05, 0.05], [0, 0, 0, 0, 0, 0, 0, 0, 0, 0.06666666666666667, 0.8, 0.06666666666666667, 0.06666666666666667], [0, 0, 0, 0, 0, 0, 0, 0, 0, 0, 0.1, 0.8, 0.1], [0, 0, 0, 0, 0, 0, 0, 0, 0, 0, 0, 0.2, 0.8], [1, 0, 0, 0, 0, 0, 0, 0, 0, 0, 0, 0, 0]], [[1, 0, 0, 0, 0, 0, 0, 0, 0, 0, 0, 0], [0, 0.007200309752982016, 0.011913837191602345, 0.023744938569083992, 0.06794055434004077, 0.011235719565356357, 0.028790012933935478, 0.2026045855825447, 0.41898515427725797, 0.2042605458584878, 0.023324341928708695, 0], [0, 0.0064845400532260325, 0.0010760969040515308, 0.058633928096804774, 0.0842450190545859, 0.004610766529234487, 0.038952628513290184, 0.36293981291829736, 0.29309486705253096, 0.13330099269445297, 0.016661348183525836, 0], [0, 0.0179815917373074, 0.006120902834473651, 0.08783324331016136, 0.08411790739639512, 0.010454362562128073, 0.04600280118742394, 0.48653153962317836, 0.16917921052134727, 0.06444897665349111, 0.027329464174093758, 0], [0, 0.005941106650691299, 0.0005657643966207876, 0.0768930808149795, 0.09079717531212006, 0.015515203552460716, 0.11933106196146881, 0.45992575932141366, 0.16837315712359113, 0.04885203366029172, 0.013805657206362305, 0], [0, 0.005218869267781085, 0.011237710302535446, 0.08248770343384666, 0.0875842849632815, 0.02165989071752761, 0.13033913838619726, 0.4598618827364565, 0.15383901856871166, 0.029968559594695496, 0.017802942028966783, 0], [0, 0.006454409511552658, 0.014562882406851716, 0.1366196083377095, 0.11132578008511099, 0.022890028981640595, 0.1519427533157448, 0.40986021897902075, 0.09918001001546854, 0.04630795714823479, 0.0008563512186656296, 0], [0, 0.007512550302135052, 0.0033832876329862155, 0.09524782009738163, 0.08903289505657368, 0.01979982166119928, 0.11278692632806982, 0.5279770615673934, 0.0993579865422628, 0.03954333833853709, 0.005358312473461005, 0], [0, 0.019597136722150844, 0.00920683609307739, 0.10146903450159545, 0.07596283126742977, 0.0038264452329743776, 0.11318894455401997, 0.48710672608251965, 0.11873341814932006, 0.04757621914639245, 0.023332408250520034, 0], [0, 0.007916979197756106, 0.0057713877828672626, 0.056267942506889004, 0.09430574458898146, 0.022264028579076132, 0.04843959176197988, 0.49118039142966363, 0.1670158945806249, 0.08610455496850543, 0.020733484603656212, 0], [0, 0.01080859997430499, 0.011071396734797814, 0.06611603086834353, 0.045424851580129585, 0.011297053313680337, 0.06189567594787054, 0.4839716870726311, 0.18190993894809115, 0.1169180288770026, 0.010586736683148279, 0], [0, 0.007105759417037293, 0.007620827006314854, 0.058777431116275154, 0.02828957336929117, 0.024779423739535716, 0.07317009465568951, 0.2944413735838646, 0.28379439765580927, 0.19579918846350886, 0.026221930992673628, 0], [0, 0, 0, 0, 0, 0, 0, 0, 0, 0, 0, 1]], [\'@\', \'a\', \'b\', \'c\', \'d\', \'e\', \'f\', \'g\', \'h\', \'i\', \'j\', \'$\'])", "([1, 0, 0, 0, 0, 0, 0, 0, 0, 0, 0, 0, 0], [[0, 1, 0, 0, 0, 0, 0, 0, 0, 0, 0, 0, 0], [0, 0.018181818181818184, 0.8, 0.018181818181818184, 0.018181818181818184, 0.018181818181818184, 0.018181818181818184, 0.018181818181818184, 0.018181818181818184, 0.018181818181818184, 0.018181818181818184, 0.018181818181818184, 0.018181818181818184], [0, 0, 0.02, 0.8, 0.02, 0.02, 0.02, 0.02, 0.02, 0.02, 0.02, 0.02, 0.02], [0, 0, 0, 0.022222222222222223, 0.8, 0.022222222222222223, 0.022222222222222223, 0.022222222222222223, 0.022222222222222223, 0.022222222222222223, 0.022222222222222223, 0.022222222222222223, 0.022222222222222223], [0, 0, 0, 0, 0.025, 0.8, 0.025, 0.025, 0.025, 0.025, 0.025, 0.025, 0.025], [0, 0, 0, 0, 0, 0.028571428571428574, 0.8, 0.028571428571428574, 0.028571428571428574, 0.028571428571428574, 0.028571428571428574, 0.028571428571428574, 0.028571428571428574], [0, 0, 0, 0, 0, 0, 0.03333333333333333, 0.8, 0.03333333333333333, 0.03333333333333333, 0.03333333333333333, 0.03333333333333333, 0.03333333333333333], [0, 0, 0, 0, 0, 0, 0, 0.04, 0.8, 0.04, 0.04, 0.04, 0.04], [0, 0, 0, 0, 0, 0, 0, 0, 0.05, 0.8, 0.05, 0.05, 0.05], [0, 0, 0, 0, 0, 0, 0, 0, 0, 0.06666666666666667, 0.8, 0.06666666666666667, 0.06666666666666667], [0, 0, 0, 0, 0, 0, 0, 0, 0, 0, 0.1, 0.8, 0.1], [0, 0, 0, 0, 0, 0, 0, 0, 0, 0, 0, 0.2, 0.8], [1, 0, 0, 0, 0, 0, 0, 0, 0, 0, 0, 0, 0]], [[1, 0, 0, 0, 0, 0, 0, 0, 0, 0, 0, 0], [0, 0.006423656966363225, 0.0006853185390817807, 0.0048589818874935735, 0.014879936628742546, 0.005873967322070277, 0.013761196075824893, 0.6245051176910525, 0.20961733421373127, 0.10514430056124825, 0.014250190114391655, 0], [0, 0.0008000429106629995, 0.015631910640167244, 0.015497772388092466, 0.008254233828333464, 0.015446766219826682, 0.013405284165825182, 0.7233511840245128, 0.16433493984219094, 0.02868673437601257, 0.014591131604375664, 0], [0, 0.016894787459729988, 0.005803981081287093, 0.014010073813066381, 0.006449060034894513, 0.009229680225303804, 0.0012099594060448302, 0.49776146737557597, 0.17684674061030434, 0.18803539418498635, 0.08375885580880664, 0], [0, 0.007057157324290114, 0.015162881931758458, 0.008215577348152777, 0.010056126244601747, 0.004213175296180133, 0.006463464601222103, 0.3426171890347113, 0.1705793662629776, 0.28829218909997056, 0.14734287285613526, 0], [0, 0.011433397627177272, 0.002922373046667592, 0.016282316813449473, 0.00015635387770709293, 0.016628866143796564, 0.007121873467255606, 0.27074419778634573, 0.2125363823590638, 0.27496095114463265, 0.18721328773390425, 0], [0, 0.0023121181063577756, 0.00875438057956874, 0.0020400863181817565, 0.004868818761567253, 0.01632707798039455, 0.009558150466410065, 0.33472277818091295, 0.2080287408224816, 0.2283212475681699, 0.18506660121595545, 0], [0, 0.002140585929961647, 0.010737003863065073, 0.01461657675527993, 0.007130918173467127, 0.01662491866704148, 0.001725324085877077, 0.40564972237208974, 0.2320739788027412, 0.21339465859768625, 0.09590631275279043, 0], [0, 0.0020589275666676853, 0.00759613557355094, 0.013699354267634993, 0.008319824648489259, 0.018829343030334907, 0.01437733146711382, 0.6679092908029266, 0.14582259546940388, 0.07671424375721532, 0.044672953416662595, 0], [0, 0.013922221094326483, 0.01350665316502712, 0.011235534305015081, 0.014682509747810758, 0.0014302732835083463, 0.0050854073210742, 0.8498696776687669, 0.06587549710613982, 0.023113124575718874, 0.0012791017326125177, 0], [0, 0.007920444800415991, 0.013521855058535105, 0.014095879880480456, 0.013579970084990433, 0.009305507268131898, 0.0027760797