((11, 4.6), '([\'AAAAAAAAAAA\', \'BBBBBBBBBBB\', \'CCCCCCCCCCC\', \'DDDDDDDDDDD\', \'EEEEEEEEEEE\', \'FFFFFFFFFFF\', \'GGGGGGGGGGG\', \'HHHHHHHHHHH\', \'IIIIIIIIIII\', \'JJJJJJJJJJJ\', \'KKKKKKKKKKK\', \'LLLLLLLLLLL\', \'MMMMMMMMMMM\', \'NNNNNNNNNNN\', \'OOOOOOOOOOO\', \'PPPPPPPPPPP\', \'QQQQQQQQQQQ\', \'RRRRRRRRRRR\', \'SSSSSSSSSSS\', \'TTTTTTTTTTT\', \'UUUUUUUUUUU\', \'VVVVVVVVVVV\', \'WWWWWWWWWWW\', \'XXXXXXXXXXX\', \'YYYYYYYYYYY\', \'ZZZZZZZZZZZ\'], ["([1, 0, 0, 0, 0, 0, 0, 0, 0, 0, 0, 0, 0], [[0, 1, 0, 0, 0, 0, 0, 0, 0, 0, 0, 0, 0], [0, 0.018181818181818184, 0.8, 0.018181818181818184, 0.018181818181818184, 0.018181818181818184, 0.018181818181818184, 0.018181818181818184, 0.018181818181818184, 0.018181818181818184, 0.018181818181818184, 0.018181818181818184, 0.018181818181818184], [0, 0, 0.02, 0.8, 0.02, 0.02, 0.02, 0.02, 0.02, 0.02, 0.02, 0.02, 0.02], [0, 0, 0, 0.022222222222222223, 0.8, 0.022222222222222223, 0.022222222222222223, 0.022222222222222223, 0.022222222222222223, 0.022222222222222223, 0.022222222222222223, 0.022222222222222223, 0.022222222222222223], [0, 0, 0, 0, 0.025, 0.8, 0.025, 0.025, 0.025, 0.025, 0.025, 0.025, 0.025], [0, 0, 0, 0, 0, 0.028571428571428574, 0.8, 0.028571428571428574, 0.028571428571428574, 0.028571428571428574, 0.028571428571428574, 0.028571428571428574, 0.028571428571428574], [0, 0, 0, 0, 0, 0, 0.03333333333333333, 0.8, 0.03333333333333333, 0.03333333333333333, 0.03333333333333333, 0.03333333333333333, 0.03333333333333333], [0, 0, 0, 0, 0, 0, 0, 0.04, 0.8, 0.04, 0.04, 0.04, 0.04], [0, 0, 0, 0, 0, 0, 0, 0, 0.05, 0.8, 0.05, 0.05, 0.05], [0, 0, 0, 0, 0, 0, 0, 0, 0, 0.06666666666666667, 0.8, 0.06666666666666667, 0.06666666666666667], [0, 0, 0, 0, 0, 0, 0, 0, 0, 0, 0.1, 0.8, 0.1], [0, 0, 0, 0, 0, 0, 0, 0, 0, 0, 0, 0.2, 0.8], [1, 0, 0, 0, 0, 0, 0, 0, 0, 0, 0, 0, 0]], [[1, 0, 0, 0, 0, 0, 0, 0, 0, 0, 0, 0], [0, 0.0033425387248149523, 0.014902660571496338, 0.011841403305359974, 0.0010069465529457956, 0.007128399117588514, 0.014214146655004771, 0.5170680625710107, 0.2768108726057453, 0.14515548765889044, 0.008529482237143221, 0], [0, 0.006263096355787167, 0.006305655883928505, 0.006781700442002417, 0.002331143774092411, 0.010922297965227503, 0.013830911623961634, 0.7002091693648692, 0.18717710936389845, 0.05820266455855928, 0.007976250667673363, 0], [0, 0.007654685678515971, 0.007318082086024615, 0.012389783585450948, 0.01687923011459877, 0.0005216740089771173, 0.0024065863823943085, 0.7470710935942936, 0.1658789889690695, 0.024356090980100765, 0.01552378460057446, 0], [0, 0.0072592523580020125, 0.004839568896056816, 0.0013565538324154375, 0.015060312484316902, 0.01573585429585042, 0.008280954942081099, 0.8057941963297838, 0.12249638421888497, 0.011529398063488348, 0.007647524579120244, 0], [0, 0.016201815590451845, 1.9514268941232226e-05, 0.0031134291684340567, 0.0059173746568126065, 0.005243560545600227, 0.018490751731540373, 0.831067796247168, 0.09975654113817228, 0.011510023399420059, 0.00867919325345923, 0], [0, 0.013693966386858531, 0.015268056501111517, 0.001163480769458883, 0.011292806693765216, 0.008003550989686073, 0.003604148251697696, 0.8065429497218222, 0.12198101408580296, 0.0025614819900031485, 0.015888544609793852, 0], [0, 0.01049546441109988, 0.0032379937710512743, 0.0049372061005023785, 0.008899263814045922, 0.008582612339360786, 0.015660309794821796, 0.8345160384495347, 0.09498292218252408, 0.006098146784993184, 0.012590042352066098, 0], [0, 0.00888259096692332, 0.0016783300584229976, 0.019691215528241723, 0.0009997635388126168, 0.008982446586277353, 0.006723078567555951, 0.7967227395116349, 0.13448454426759326, 0.005230512980051686, 0.0166047779944863, 0], [0, 0.007604035317836922, 0.011145239945392437, 0.011782437840357493, 0.0009614772603077569, 0.013454968795510135, 0.008202541250808756, 0.7253747404968401, 0.16767176969086342, 0.04777602999887334, 0.006026759403209629, 0], [0, 0.015622730775446765, 0.014986010769414764, 0.006896483310515578, 0.004898731227520968, 0.014194304400324449, 0.012905431683868894, 0.7277201265181031, 0.12984444167681722, 0.058947189967629106, 0.013984549670359081, 0], [0, 0.013474624822782204, 0.011065989559447811, 0.0079802353962666, 0.012041437772030471, 0.008030120906319004, 0.0075477046908174845, 0.6022525809160097, 0.20422634741144377, 0.12973842624450233, 0.0036425322803805087, 0], [0, 0, 0, 0, 0, 0, 0, 0, 0, 0, 0, 1]], [\'@\', \'a\', \'b\', \'c\', \'d\', \'e\', \'f\', \'g\', \'h\', \'i\', \'j\', \'$\'])", "([1, 0, 0, 0, 0, 0, 0, 0, 0, 0, 0, 0, 0], [[0, 1, 0, 0, 0, 0, 0, 0, 0, 0, 0, 0, 0], [0, 0.018181818181818184, 0.8, 0.018181818181818184, 0.018181818181818184, 0.018181818181818184, 0.018181818181818184, 0.018181818181818184, 0.018181818181818184, 0.018181818181818184, 0.018181818181818184, 0.018181818181818184, 0.018181818181818184], [0, 0, 0.02, 0.8, 0.02, 0.02, 0.02, 0.02, 0.02, 0.02, 0.02, 0.02, 0.02], [0, 0, 0, 0.022222222222222223, 0.8, 0.022222222222222223, 0.022222222222222223, 0.022222222222222223, 0.022222222222222223, 0.022222222222222223, 0.022222222222222223, 0.022222222222222223, 0.022222222222222223], [0, 0, 0, 0, 0.025, 0.8, 0.025, 0.025, 0.025, 0.025, 0.025, 0.025, 0.025], [0, 0, 0, 0, 0, 0.028571428571428574, 0.8, 0.028571428571428574, 0.028571428571428574, 0.028571428571428574, 0.028571428571428574, 0.028571428571428574, 0.028571428571428574], [0, 0, 0, 0, 0, 0, 0.03333333333333333, 0.8, 0.03333333333333333, 0.03333333333333333, 0.03333333333333333, 0.03333333333333333, 0.03333333333333333], [0, 0, 0, 0, 0, 0, 0, 0.04, 0.8, 0.04, 0.04, 0.04, 0.04], [0, 0, 0, 0, 0, 0, 0, 0, 0.05, 0.8, 0.05, 0.05, 0.05], [0, 0, 0, 0, 0, 0, 0, 0, 0, 0.06666666666666667, 0.8, 0.06666666666666667, 0.06666666666666667], [0, 0, 0, 0, 0, 0, 0, 0, 0, 0, 0.1, 0.8, 0.1], [0, 0, 0, 0, 0, 0, 0, 0, 0, 0, 0, 0.2, 0.8], [1, 0, 0, 0, 0, 0, 0, 0, 0, 0, 0, 0, 0]], [[1, 0, 0, 0, 0, 0, 0, 0, 0, 0, 0, 0], [0, 0.001247522280949077, 0.008523009441943605, 0.0054108455062737175, 0.010827873691862989, 0.01718552820878989, 0.009596478767366764, 0.6114023649899986, 0.2177197870010893, 0.10085554322635754, 0.01723104688536864, 0], [0, 0.018506688221805345, 0.0014309502253553594, 0.019443153886213562, 0.029045435654839823, 0.010410210346535834, 0.010022458767100246, 0.7359826175329861, 0.1267270204811372, 0.02052670081670459, 0.02790476406732173, 0], [0, 0.0038134445849171694, 0.01486709846502617, 0.0057245232953783325, 0.02183431612135639, 0.010768642945794566, 0.027113998624096143, 0.8239066462551787, 0.05766979541694135, 0.02990373941050469, 0.004397794880806506, 0], [0, 0.012091489796797496, 0.009972407312687935, 0.0272889730504308, 0.0006067330910184005, 0.01250098355840285, 0.01517962243412966, 0.874153402374486, 0.02819982362936911, 0.0019177336991909183, 0.018088831053486656, 0], [0, 0.013966403999274686, 0.013174306095965248, 0.015016386119397165, 0.01022274343030943, 0.014714548799580016, 0.004636245529123628, 0.8924063595120678, 0.010327366264555791, 0.010453497832402488, 0.015082142417323724, 0], [0, 0.01853104251909538, 0.0021223402627829125, 0.0008656403060424338, 0.0038743576924373598, 0.01867315893431261, 0.001087897420279003, 0.9122152620249215, 0.020526426757830032, 0.0049874687956142005, 0.017116405286684566, 0], [0, 0.0005228609214627704, 0.020409282095830938, 0.020772052312136614, 0.0014608581987595069, 0.012509324801706032, 0.0055998774078071635, 0.9150564313107526, 0.0027813984388156583, 0.005120862316001571, 0.015767052196727055, 0], [0, 0.0026117440395851026, 0.016696297938464423, 0.003944348378902268, 0.00614672057354776, 0.01223189100039671, 0.01094579941945808, 0.9213653081621973, 0.007241323446677866, 0.01343819872621621, 0.00537836831455431, 0], [0, 0.012549791604579932, 0.01265035473426422, 0.01460505420474528, 0.013435192294788897, 0.005839093541014236, 0.001636367874120022, 0.9014752878794656, 0.02319434778793432, 0.013551568414004348, 0.0010629416650831027, 0], [0, 0.01865254160841483, 0.006536497257249918, 0.006072434728446652, 0.0018303819611423643, 0.006049730148916091, 0.001482980806652202, 0.9039608424129475, 0.030949616632932643, 0.0014439293500946365, 0.023021045093203164, 0], [0, 0.003003183419571209, 0.004122685705149886, 0.006766162973938101, 0.013184356053147519, 0.018587641123381366, 0.0052814857293185065, 0.9181534889521668, 0.012228758276529333, 0.005512447225418643, 0.013159790541378866, 0], [0, 0, 0, 0, 0, 0, 0, 0, 0, 0, 0, 1]], [\'@\', \'a\', \'b\', \'c\', \'d\', \'e\', \'f\', \'g\', \'h\', \'i\', \'j\', \'$\'])", "([1, 0, 0, 0, 0, 0, 0, 0, 0, 0, 0, 0, 0], [[0, 1, 0, 0, 0, 0, 0, 0, 0, 0, 0, 0, 0], [0, 0.018181818181818184, 0.8, 0.018181818181818184, 0.018181818181818184, 0.018181818181818184, 0.018181818181818184, 0.018181818181818184, 0.018181818181818184, 0.018181818181818184, 0.018181818181818184, 0.018181818181818184, 0.018181818181818184], [0, 0, 0.02, 0.8, 0.02, 0.02, 0.02, 0.02, 0.02, 0.02, 0.02, 0.02, 0.02], [0, 0, 0, 0.022222222222222223, 0.8, 0.022222222222222223, 0.022222222222222223, 0.022222222222222223, 0.022222222222222223, 0.022222222222222223, 0.022222222222222223, 0.022222222222222223, 0.022222222222222223], [0, 0, 0, 0, 0.025, 0.8, 0.025, 0.025, 0.025, 0.025, 0.025, 0.025, 0.025], [0, 0, 0, 0, 0, 0.028571428571428574, 0.8, 0.028571428571428574, 0.028571428571428574, 0.028571428571428574, 0.028571428571428574, 0.028571428571428574, 0.028571428571428574], [0, 0, 0, 0, 0, 0, 0.03333333333333333, 0.8, 0.03333333333333333, 0.03333333333333333, 0.03333333333333333, 0.03333333333333333, 0.03333333333333333], [0, 0, 0, 0, 0, 0, 0, 0.04, 0.8, 0.04, 0.04, 0.04, 0.04], [0, 0, 0, 0, 0, 0, 0, 0, 0.05, 0.8, 0.05, 0.05, 0.05], [0, 0, 0, 0, 0, 0, 0, 0, 0, 0.06666666666666667, 0.8, 0.06666666666666667, 0.06666666666666667], [0, 0, 0, 0, 0, 0, 0, 0, 0, 0, 0.1, 0.8, 0.1], [0, 0, 0, 0, 0, 0, 0, 0, 0, 0, 0, 0.2, 0.8], [1, 0, 0, 0, 0, 0, 0, 0, 0, 0, 0, 0, 0]], [[1, 0, 0, 0, 0, 0, 0, 0, 0, 0, 0, 0], [0, 0.007168567371601603, 0.009045452115860764, 0.003071736343757634, 0.006300772486088382, 0.0140648958141609, 0.00628850351969705, 0.891217797180071, 0.03228700039220236, 0.018537346023847594, 0.012017928752712691, 0], [0, 0.0004213312441075619, 0.0017259909051643395, 0.0073307273176679445, 0.009703275282236579, 0.005560092896129075, 0.020406980549858556, 0.9141285117531281, 0.019975191664782656, 0.003290054154550113, 0.017457844232374946, 0], [0, 0.0008902372938906793, 0.003085204632874472, 0.013879999457542112, 0.0012817927446291965, 0.012699849126411469, 0.014705088938127721, 0.915990554384598, 0.015893226042514787, 0.003959613590039709, 0.017614433789371806, 0], [0, 0.012909792717612417, 0.004504780233728686, 0.004315625223619401, 0.01643806354348085, 0.00853182718731001, 0.00993330689742017, 0.9081232249624654, 0.018471843525900988, 0.00561755392033248, 0.011153981788129654, 0], [0, 0.0025124700224615705, 0.017801681221788226, 3.333866515973227e-05, 0.011244872710016214, 0.015061517180020396, 0.00143835252462474, 0.85484228827205, 0.0698913291178829, 0.0222492228128879, 0.004924927473108283, 0], [0, 0.014970396782365331, 0.006226315432835865, 0.014894488044914812, 0.005032285081050078, 0.005699844699592099, 0.012265508116947476, 0.742186732742787, 0.18375399186184466, 0.007412590099187612, 0.0075578471384749974, 0], [0, 0.00982230893439715, 0.007013850957188114, 0.007956348940461284, 0.012246118770795596, 0.014884543007336739, 0.008071698960660935, 0.5754390089536489, 0.2676566182772981, 0.09057936813763887, 0.006330135060574403, 0], [0, 0.01674156163403534, 0.009238824779037192, 0.006431384431732269, 0.00902662247904584, 0.0015129401742644067, 0.008027064082785598, 0.525139996245711, 0.29599766248583803, 0.12112464810110535, 0.006759295586445096, 0], [0, 0.0010474247448091535, 0.008129331662935124, 0.0005430132323440575, 0.016343443199032873, 0.013420143140471802, 0.01172065015999683, 0.4801964360532343, 0.24205235983145523, 0.18341126127869428, 0.04313593669702633, 0], [0, 0.004135455503485787, 0.014605771597726257, 0.011130513986562163, 0.009178666144452017, 0.004490246397789622, 0.014413763028177698, 0.413266020756407, 0.29562068851731615, 0.15633323971666857, 0.0768256343514147, 0], [0, 0.009204378315402858, 0.006983552173776458, 0.014030755662260058, 0.014855711146031446, 0.0008086758056270116, 0.018374778183775243, 0.41332097045452243, 0.26401031455125196, 0.20243507543456735, 0.055975788272785175, 0], [0, 0, 0, 0, 0, 0, 0, 0, 0, 0, 0, 1]], [\'@\', \'a\', \'b\', \'c\', \'d\', \'e\', \'f\', \'g\', \'h\', \'i\', \'j\', \'$\'])", "([1, 0, 0, 0, 0, 0, 0, 0, 0, 0, 0, 0, 0], [[0, 1, 0, 0, 0, 0, 0, 0, 0, 0, 0, 0, 0], [0, 0.018181818181818184, 0.8, 0.018181818181818184, 0.018181818181818184, 0.018181818181818184, 0.018181818181818184, 0.018181818181818184, 0.018181818181818184, 0.018181818181818184, 0.018181818181818184, 0.018181818181818184, 0.018181818181818184], [0, 0, 0.02, 0.8, 0.02, 0.02, 0.02, 0.02, 0.02, 0.02, 0.02, 0.02, 0.02], [0, 0, 0, 0.022222222222222223, 0.8, 0.022222222222222223, 0.022222222222222223, 0.022222222222222223, 0.022222222222222223, 0.022222222222222223, 0.022222222222222223, 0.022222222222222223, 0.022222222222222223], [0, 0, 0, 0, 0.025, 0.8, 0.025, 0.025, 0.025, 0.025, 0.025, 0.025, 0.025], [0, 0, 0, 0, 0, 0.028571428571428574, 0.8, 0.028571428571428574, 0.028571428571428574, 0.028571428571428574, 0.028571428571428574, 0.028571428571428574, 0.028571428571428574], [0, 0, 0, 0, 0, 0, 0.03333333333333333, 0.8, 0.03333333333333333, 0.03333333333333333, 0.03333333333333333, 0.03333333333333333, 0.03333333333333333], [0, 0, 0, 0, 0, 0, 0, 0.04, 0.8, 0.04, 0.04, 0.04, 0.04], [0, 0, 0, 0, 0, 0, 0, 0, 0.05, 0.8, 0.05, 0.05, 0.05], [0, 0, 0, 0, 0, 0, 0, 0, 0, 0.06666666666666667, 0.8, 0.06666666666666667, 0.06666666666666667], [0, 0, 0, 0, 0, 0, 0, 0, 0, 0, 0.1, 0.8, 0.1], [0, 0, 0, 0, 0, 0, 0, 0, 0, 0, 0, 0.2, 0.8], [1, 0, 0, 0, 0, 0, 0, 0, 0, 0, 0, 0, 0]], [[1, 0, 0, 0, 0, 0, 0, 0, 0, 0, 0, 0], [0, 0.004115049769814332, 0.0048685029173025475, 0.027792037220043215, 0.03077576870317999, 0.013915288356380633, 0.029747366432204343, 0.5552874565685797, 0.20778780804482172, 0.11944871221692918, 0.006262009770744325, 0], [0, 0.009897624470087855, 0.008426401703603783, 0.01641255568476089, 0.032942146019133575, 0.011405502208992554, 0.01656682094413371, 0.7770945172758915, 0.06659897256815475, 0.05895327189291066, 0.0017021872323307037, 0], [0, 0.007250257681706642, 0.011850106379475799, 0.014626071357698256, 0.01846138881592081, 0.0028390659373567096, 0.0013613683480305037, 0.8274379333782987, 0.07305070159432693, 0.027893131565958615, 0.015229974941226992, 0], [0, 0.011921861117481442, 0.010210941030683172, 0.012496297425463335, 0.003169963111806797, 0.0059753169059396415, 0.0031729690029318153, 0.753357292054491, 0.15974650238422222, 0.034392598710998874, 0.005556258255981656, 0], [0, 0.013521051867655924, 0.011747049773326957, 0.0021389422862102083, 0.009972719033211968, 0.009890083932151262, 0.00957246475902525, 0.8332771312213463, 0.06599987775842661, 0.03429853010717891, 0.00958214926146662, 0], [0, 0.0015280942271925072, 0.004536133883302621, 0.018974779352827157, 0.0026075703303716597, 0.006552211195086216, 0.010999689041519928, 0.7693980991926256, 0.14737328079306186, 0.026384842010282655, 0.01164529997372992, 0], [0, 0.004786544473259879, 0.003005709858818648, 0.003203318193561921, 0.003442137229924004, 0.021769744723341387, 0.012507929396805683, 0.8830354778123356, 0.038768011902074344, 0.014218176665126366, 0.015262949744752188, 0], [0, 0.009971149222198033, 0.0003658970554617119, 0.014547059513273966, 0.014180568353774188, 0.0015947786336123297, 0.007611037392960966, 0.8906516117065616, 0.04309232997812675, 0.007254769520437549, 0.010730798623592953, 0], [0, 0.0035500445763428606, 0.021187794474208148, 0.011002608440264515, 0.0026715309333688185, 0.0007779667353605145, 0.011996545695250218, 0.9144713037848545, 0.012588103709853936, 0.020613530481880468, 0.0011405711686159469, 0], [0, 0.008858243364156424, 0.005516249625646141, 0.014031760659541353, 0.015420339605743327, 0.008703596861577005, 0.0028231792448378023, 0.9036643192071677, 0.02325286743108881, 0.0030623786556169966, 0.014667065344624326, 0], [0, 0.010417820774479865, 0.013162133172983355, 0.013411998156164314, 0.013165899116912147, 0.007233621602764998, 0.0005736961105377146, 0.9129035328400666, 0.015207408992461403, 0.005563162264321685, 0.008360726969307737, 0], [0, 0, 0, 0, 0, 0, 0, 0, 0, 0, 0, 1]], [\'@\', \'a\', \'b\', \'c\', \'d\', \'e\', \'f\', \'g\', \'h\', \'i\', \'j\', \'$\'])", "([1, 0, 0, 0, 0, 0, 0, 0, 0, 0, 0, 0, 0], [[0, 1, 0, 0, 0, 0, 0, 0, 0, 0, 0, 0, 0], [0, 0.018181818181818184, 0.8, 0.018181818181818184, 0.018181818181818184, 0.018181818181818184, 0.018181818181818184, 0.018181818181818184, 0.018181818181818184, 0.018181818181818184, 0.018181818181818184, 0.018181818181818184, 0.018181818181818184], [0, 0, 0.02, 0.8, 0.02, 0.02, 0.02, 0.02, 0.02, 0.02, 0.02, 0.02, 0.02], [0, 0, 0, 0.022222222222222223, 0.8, 0.022222222222222223, 0.022222222222222223, 0.022222222222222223, 0.022222222222222223, 0.022222222222222223, 0.022222222222222223, 0.022222222222222223, 0.022222222222222223], [0, 0, 0, 0, 0.025, 0.8, 0.025, 0.025, 0.025, 0.025, 0.025, 0.025, 0.025], [0, 0, 0, 0, 0, 0.028571428571428574, 0.8, 0.028571428571428574, 0.028571428571428574, 0.028571428571428574, 0.028571428571428574, 0.028571428571428574, 0.028571428571428574], [0, 0, 0, 0, 0, 0, 0.03333333333333333, 0.8, 0.03333333333333333, 0.03333333333333333, 0.03333333333333333, 0.03333333333333333, 0.03333333333333333], [0, 0, 0, 0, 0, 0, 0, 0.04, 0.8, 0.04, 0.04, 0.04, 0.04], [0, 0, 0, 0, 0, 0, 0, 0, 0.05, 0.8, 0.05, 0.05, 0.05], [0, 0, 0, 0, 0, 0, 0, 0, 0, 0.06666666666666667, 0.8, 0.06666666666666667, 0.06666666666666667], [0, 0, 0, 0, 0, 0, 0, 0, 0, 0, 0.1, 0.8, 0.1], [0, 0, 0, 0, 0, 0, 0, 0, 0, 0, 0, 0.2, 0.8], [1, 0, 0, 0, 0, 0, 0, 0, 0, 0, 0, 0, 0]], [[1, 0, 0, 0, 0, 0, 0, 0, 0, 0, 0, 0], [0, 0.00938680515516537, 0.013948928916593226, 0.030472613052831013, 0.020500809345763583, 0.011118933688449741, 0.0048757846638427076, 0.7373355754658171, 0.155017967632695, 0.004391950622409009, 0.012950631456433206, 0], [0, 0.01133523514881393, 0.00980705615977825, 0.010956386562492646, 0.008182828572109052, 0.01024843505584269, 0.01716259663871323, 0.8771968051646721, 0.030051421130425585, 0.011658306992668508, 0.013400928574483925, 0], [0, 0.011350201355524427, 0.011409711704545845, 0.001687642301831776, 0.003707633236278312, 0.01394808051024525, 0.008250160736480376, 0.8923284227980897, 0.03749511969825552, 0.006912863147175487, 0.012910164511573315, 0], [0, 0.011965297718758733, 0.0031590089952545385, 0.011325366748137186, 0.011544116898151775, 0.007488111223138058, 0.011776103112163355, 0.8699039630954851, 0.05683950846455455, 0.012840506771355809, 0.003158016973000884, 0], [0, 0.0003546686166395852, 0.010191187728191036, 0.005775753345410304, 0.009706266356259593, 0.011028378420823133, 0.015405156460118169, 0.858035370471663, 0.07104790921812022, 0.010664178402404197, 0.007791130980370672, 0], [0, 0.00893811138924296, 0.00030530129599546166, 0.009557336332930242, 0.01686701600237706, 0.01329672283231559, 0.003993126597904037, 0.8520352294547637, 0.07611650075663928, 0.011007736021176792, 0.007882919316654724, 0], [0, 0.01189264340832462, 0.019228636190217176, 0.009610630703976853, 0.004973013032462119, 1.448622382715925e-06, 0.017619653745453878, 0.8416998753284879, 0.0728357067059114, 0.0023519761591081468, 0.01978641610367522, 0], [0, 0.008862647695674441, 0.01481517165223974, 0.013655542507859112, 0.008712585167845672, 0.009915418607002315, 0.002378516746852906, 0.8237062194521325, 0.08412849619273904, 0.016038288436537682, 0.017787113541116454, 0], [0, 0.013898664359843427, 0.005975692160056764, 0.0029692359932809004, 0.004232132461417498, 0.013032966878507976, 0.009667190855239687, 0.6748951371186466, 0.20040214889375702, 0.051547652776761425, 0.023379178502488784, 0], [0, 0.001561531016275723, 0.016293192019678705, 0.012096830899858387, 0.007783980866203948, 0.015268520559798437, 0.0033607493658843928, 0.6177155834144659, 0.17265568600940284, 0.13569002754159443, 0.01757389830683724, 0], [0, 0.0015988810689936204, 0.01096532549475431, 0.006186315719787904, 0.0136747133762679, 0.016051161956165585, 0.004763024546172105, 0.4262633352397623, 0.2747582507159126, 0.23066113558533596, 0.01507785629684774, 0], [0, 0, 0, 0, 0, 0, 0, 0, 0, 0, 0, 1]], [\'@\', \'a\', \'b\', \'c\', \'d\', \'e\', \'f\', \'g\', \'h\', \'i\', \'j\', \'$\'])", "([1, 0, 0, 0, 0, 0, 0, 0, 0, 0, 0, 0, 0], [[0, 1, 0, 0, 0, 0, 0, 0, 0, 0, 0, 0, 0], [0, 0.018181818181818184, 0.8, 0.018181818181818184, 0.018181818181818184, 0.018181818181818184, 0.018181818181818184, 0.018181818181818184, 0.018181818181818184, 0.018181818181818184, 0.018181818181818184, 0.018181818181818184, 0.018181818181818184], [0, 0, 0.02, 0.8, 0.02, 0.02, 0.02, 0.02, 0.02, 0.02, 0.02, 0.02, 0.02], [0, 0, 0, 0.022222222222222223, 0.8, 0.022222222222222223, 0.022222222222222223, 0.022222222222222223, 0.022222222222222223, 0.022222222222222223, 0.022222222222222223, 0.022222222222222223, 0.022222222222222223], [0, 0, 0, 0, 0.025, 0.8, 0.025, 0.025, 0.025, 0.025, 0.025, 0.025, 0.025], [0, 0, 0, 0, 0, 0.028571428571428574, 0.8, 0.028571428571428574, 0.028571428571428574, 0.028571428571428574, 0.028571428571428574, 0.028571428571428574, 0.028571428571428574], [0, 0, 0, 0, 0, 0, 0.03333333333333333, 0.8, 0.03333333333333333, 0.03333333333333333, 0.03333333333333333, 0.03333333333333333, 0.03333333333333333], [0, 0, 0, 0, 0, 0, 0, 0.04, 0.8, 0.04, 0.04, 0.04, 0.04], [0, 0, 0, 0, 0, 0, 0, 0, 0.05, 0.8, 0.05, 0.05, 0.05], [0, 0, 0, 0, 0, 0, 0, 0, 0, 0.06666666666666667, 0.8, 0.06666666666666667, 0.06666666666666667], [0, 0, 0, 0, 0, 0, 0, 0, 0, 0, 0.1, 0.8, 0.1], [0, 0, 0, 0, 0, 0, 0, 0, 0, 0, 0, 0.2, 0.8], [1, 0, 0, 0, 0, 0, 0, 0, 0, 0, 0, 0, 0]], [[1, 0, 0, 0, 0, 0, 0, 0, 0, 0, 0, 0], [0, 0.013636564825465058, 0.009547399506386878, 0.03901800866250797, 0.02091024709491764, 0.0045632586099456866, 0.10772936407965035, 0.519291116102246, 0.17979804861914048, 0.09923295043867317, 0.006273042061066823, 0], [0, 0.012711453103453984, 0.01503505770328433, 0.015457542107373642, 0.006455741056806302, 0.012797254540343684, 0.03995044840596363, 0.6874972843238238, 0.1310841049427005, 0.07695230612324415, 0.0020588076930058716, 0], [0, 0.013567554757170752, 0.013206178702437463, 0.0067477690612570244, 0.009441562526586983, 0.012173389048415644, 0.00020269565978865424, 0.6989553612626592, 0.22960744552001175, 0.002349807876528798, 0.01374823558514366, 0], [0, 0.009582957609185752, 0.00109676563366145, 0.0010121751245546888, 0.0055439491806099795, 0.019162316996735845, 0.008827641839406866, 0.5785745641752899, 0.35363367028906056, 0.014042375299584917, 0.00852358385190988, 0], [0, 0.003963173556390406, 0.0013661479918329646, 0.011404274809362932, 0.008228102392702623, 0.009612529166784357, 0.010787348094706087, 0.43783498569363377, 0.4976157029427389, 0.0049085544427133155, 0.014279180909134688, 0], [0, 0.0011288849425591283, 0.012032277355893583, 0.014404477179755869, 0.003143432860512166, 0.009727684855269134, 0.00868052584775851, 0.4680523718721747, 0.45634654841971745, 0.011271752033923766, 0.015212044632435709, 0], [0, 0.008687606170239845, 0.012388183396931717, 0.0018646785945447585, 0.009961006409634857, 0.017755300712743997, 0.0022096974672955534, 0.45150083320747386, 0.47680920545846367, 0.0176907427984702, 0.001132745784201653, 0], [0, 0.010316919341410418, 0.013474730522968105, 0.013766038873439, 0.008532953623383159, 0.008794157763427205, 0.013743169708514176, 0.47898058398853066, 0.429498620655636, 0.013497478788991688, 0.00939534673369974, 0], [0, 0.015194142215361257, 0.010109452584153255, 0.0040196840738384665, 0.00197356355463978, 0.014796816055999449, 0.013031347283613243, 0.47594953777399374, 0.38562267204161993, 0.07191504866078519, 0.007387735755995765, 0], [0, 0.012095532853416014, 0.009694872729513063, 0.0012980708184221685, 0.0039458161699518594, 0.004242955808773457, 0.019238729025638206, 0.45053705030518276, 0.33371361763092205, 0.15798786169682075, 0.007245492961359508, 0], [0, 0.007100719613975396, 0.0036623804415886934, 0.009153720644391057, 0.008217467530161622, 0.018423336180280695, 0.0007793385879815716, 0.309786065550058, 0.3411142755421122, 0.2995538825618713, 0.0022088133475794505, 0], [0, 0, 0, 0, 0, 0, 0, 0, 0, 0, 0, 1]], [\'@\', \'a\', \'b\', \'c\', \'d\', \'e\', \'f\', \'g\', \'h\', \'i\', \'j\', \'$\'])", "([1, 0, 0, 0, 0, 0, 0, 0, 0, 0, 0, 0, 0], [[0, 1, 0, 0, 0, 0, 0, 0, 0, 0, 0, 0, 0], [0, 0.018181818181818184, 0.8, 0.018181818181818184, 0.018181818181818184, 0.018181818181818184, 0.018181818181818184, 0.018181818181818184, 0.018181818181818184, 0.018181818181818184, 0.018181818181818184, 0.018181818181818184, 0.018181818181818184], [0, 0, 0.02, 0.8, 0.02, 0.02, 0.02, 0.02, 0.02, 0.02, 0.02, 0.02, 0.02], [0, 0, 0, 0.022222222222222223, 0.8, 0.022222222222222223, 0.022222222222222223, 0.022222222222222223, 0.022222222222222223, 0.022222222222222223, 0.022222222222222223, 0.022222222222222223, 0.022222222222222223], [0, 0, 0, 0, 0.025, 0.8, 0.025, 0.025, 0.025, 0.025, 0.025, 0.025, 0.025], [0, 0, 0, 0, 0, 0.028571428571428574, 0.8, 0.028571428571428574, 0.028571428571428574, 0.028571428571428574, 0.028571428571428574, 0.028571428571428574, 0.028571428571428574], [0, 0, 0, 0, 0, 0, 0.03333333333333333, 0.8, 0.03333333333333333, 0.03333333333333333, 0.03333333333333333, 0.03333333333333333, 0.03333333333333333], [0, 0, 0, 0, 0, 0, 0, 0.04, 0.8, 0.04, 0.04, 0.04, 0.04], [0, 0, 0, 0, 0, 0, 0, 0, 0.05, 0.8, 0.05, 0.05, 0.05], [0, 0, 0, 0, 0, 0, 0, 0, 0, 0.06666666666666667, 0.8, 0.06666666666666667, 0.06666666666666667], [0, 0, 0, 0, 0, 0, 0, 0, 0, 0, 0.1, 0.8, 0.1], [0, 0, 0, 0, 0, 0, 0, 0, 0, 0, 0, 0.2, 0.8], [1, 0, 0, 0, 0, 0, 0, 0, 0, 0, 0, 0, 0]], [[1, 0, 0, 0, 0, 0, 0, 0, 0, 0, 0, 0], [0, 0.00862034754319571, 3.837587752000689e-05, 0.003856190824229796, 0.017907496466381696, 0.006513833167190534, 0.014277914638475747, 0.8812248791541358, 0.03930969517811846, 0.028241659000005196, 9.608150747024298e-06, 0], [0, 0.008547976591880328, 0.007225499521376866, 0.007457889437529909, 0.006156648430370374, 0.010611397291104488, 0.01161281291762008, 0.919184418549359, 0.01069293282333526, 0.01593262531673147, 0.002577799120692228, 0], [0, 0.003920700717030489, 0.0029494241452571743, 0.012038574344996448, 0.013488880009052458, 0.007363711927336368, 0.013485580040719966, 0.8856656881289019, 0.043691409018256376, 0.01347415708491914, 0.003921874583529653, 0], [0, 0.010000575596563588, 0.00938904860599912, 0.013426410772876152, 0.013215940798323002, 0.013686659611864794, 0.0007944532642992855, 0.8733591598617806, 0.041932780527237125, 0.01007303878821116, 0.014121932172845103, 0], [0, 0.004586629257775713, 0.012270388573263357, 0.0004915254647969986, 0.018069332943500896, 0.0102876547336231, 0.001633289628965243, 0.838639298126328, 0.05637131232489536, 0.055436989680015994, 0.0022135792668354203, 0], [0, 0.016725377922344044, 0.004469966700696369, 0.005925515600305705, 0.017406354820942983, 0.0017001216356426865, 0.003486728748337632, 0.869073099819173, 0.05241851017671008, 0.027266802019411, 0.0015275225564364953, 0], [0, 0.005785720178714976, 0.011827571144385271, 0.007791887255793062, 0.013440213967325386, 0.0012196401648265913, 0.008670734522547066, 0.874607000757085, 0.05620250726046844, 0.011254811311936048, 0.009199913436918169, 0], [0, 0.006042250721817675, 0.0009915378222029026, 0.015501023963286245, 0.007826820440408997, 0.0066011197526427605, 0.015661758779127198, 0.8814019375800448, 0.038320485829950575, 0.013695240960565645, 0.013957824149953097, 0], [0, 0.0007533088824555683, 0.014840544352073465, 0.0001328399672898409, 0.00854644175745169, 0.014231640034380617, 0.011403705577233943, 0.9170601898312039, 0.015496041484543486, 0.010338159922842868, 0.007197128190524668, 0], [0, 0.005884030141128018, 0.013338867709054769, 0.012656208083385606, 0.010506617108175343, 0.01280855957447308, 0.011582934338251033, 0.8964862736410021, 0.009924979644574287, 0.023286364719260606, 0.0035251650406950604, 0], [0, 0.0023155832612799187, 0.01574842507308126, 0.012413077137815415, 0.00843826068167035, 0.0035866249835600082, 0.008802527573045248, 0.8474541007506343, 0.054448598437714386, 0.03756335900989747, 0.009229443091301581, 0], [0, 0, 0, 0, 0, 0, 0, 0, 0, 0, 0, 1]], [\'@\', \'a\', \'b\', \'c\', \'d\', \'e\', \'f\', \'g\', \'h\', \'i\', \'j\', \'$\'])", "([1, 0, 0, 0, 0, 0, 0, 0, 0, 0, 0, 0, 0], [[0, 1, 0, 0, 0, 0, 0, 0, 0, 0, 0, 0, 0], [0, 0.018181818181818184, 0.8, 0.018181818181818184, 0.018181818181818184, 0.018181818181818184, 0.018181818181818184, 0.018181818181818184, 0.018181818181818184, 0.018181818181818184, 0.018181818181818184, 0.018181818181818184, 0.018181818181818184], [0, 0, 0.02, 0.8, 0.02, 0.02, 0.02, 0.02, 0.02, 0.02, 0.02, 0.02, 0.02], [0, 0, 0, 0.022222222222222223, 0.8, 0.022222222222222223, 0.022222222222222223, 0.022222222222222223, 0.022222222222222223, 0.022222222222222223, 0.022222222222222223, 0.022222222222222223, 0.022222222222222223], [0, 0, 0, 0, 0.025, 0.8, 0.025, 0.025, 0.025, 0.025, 0.025, 0.025, 0.025], [0, 0, 0, 0, 0, 0.028571428571428574, 0.8, 0.028571428571428574, 0.028571428571428574, 0.028571428571428574, 0.028571428571428574, 0.028571428571428574, 0.028571428571428574], [0, 0, 0, 0, 0, 0, 0.03333333333333333, 0.8, 0.03333333333333333, 0.03333333333333333, 0.03333333333333333, 0.03333333333333333, 0.03333333333333333], [0, 0, 0, 0, 0, 0, 0, 0.04, 0.8, 0.04, 0.04, 0.04, 0.04], [0, 0, 0, 0, 0, 0, 0, 0, 0.05, 0.8, 0.05, 0.05, 0.05], [0, 0, 0, 0, 0, 0, 0, 0, 0, 0.06666666666666667, 0.8, 0.06666666666666667, 0.06666666666666667], [0, 0, 0, 0, 0, 0, 0, 0, 0, 0, 0.1, 0.8, 0.1], [0, 0, 0, 0, 0, 0, 0, 0, 0, 0, 0, 0.2, 0.8], [1, 0, 0, 0, 0, 0, 0, 0, 0, 0, 0, 0, 0]], [[1, 0, 0, 0, 0, 0, 0, 0, 0, 0, 0, 0], [0, 0.003827364974598968, 0.00617587859996555, 0.02987625087967728, 0.016609658669882017, 0.017835247846283854, 0.045634426093031866, 0.3228208516275375, 0.25467014256957, 0.29965746652650427, 0.002892712212948748, 0], [0, 0.002073394194108962, 0.00906630018197945, 0.016337085920000473, 0.008353369414997033, 0.01591222019187411, 0.01317316597746388, 0.6066848642807087, 0.2203318917839392, 0.08779633285398993, 0.020271375200938187, 0], [0, 0.007649870615913603, 0.010166147114443521, 0.001360739781432318, 0.0019632263515462537, 0.010258209738792122, 0.010299709618077609, 0.3258024911759231, 0.2443669329550475, 0.38348516481631617, 0.004647507832507689, 0], [0, 0.002719282356455183, 0.0027270370227662475, 0.017634420765537014, 0.015590454073685658, 0.009155901251776639, 0.0018009433023893826, 0.15014114155251893, 0.27214844416676226, 0.5108771812564469, 0.01720519425166178, 0], [0, 0.0007232175531822094, 0.014175482823024527, 0.0016749559848331997, 0.013183735884957446, 0.01155862403163603, 0.0060651533769889845, 0.12702979983791043, 0.19854690768745364, 0.6101316740320594, 0.016910448787954252, 0], [0, 0.014486237391587704, 0.00791652472025206, 0.005806467259529317, 0.0010966340144610146, 0.0010159443003783242, 0.006743962556146481, 0.06922292413032348, 0.21550458669000855, 0.6547062522598289, 0.02350046667748415, 0], [0, 0.012955117473594374, 0.007097998000328743, 0.004966408403592424, 0.004251690821479615, 0.0043668833037227165, 0.017077852356070927, 0.13165905397309952, 0.2068188469375745, 0.6048948768206095, 0.005911271909927583, 0], [0, 0.012357556211761711, 0.011884779339184222, 0.007358247144304744, 0.004539664548020724, 0.0050506586753399745, 0.002342895854792714, 0.4022133382270657, 0.23994215211884598, 0.2955219256110649, 0.018788782269619348, 0], [0, 0.0014726543276341385, 0.005340168898787887, 0.014144052783859874, 0.015834825958351503, 0.010116753749723751, 0.014775186377950483, 0.5029553375416417, 0.19980888051225562, 0.2319351953722213, 0.003616944477573751, 0], [0, 0.010510110241431558, 0.0035343884784309297, 0.0031660646984538487, 0.013226581226140115, 0.005378487772677062, 0.005154930866546336, 0.6420356179371067, 0.17473302812181818, 0.11870644110320334, 0.02355434955419184, 0], [0, 0.014409305314738198, 0.005406146945165527, 0.036929331358043806, 0.02069542554475697, 0.014235935486301355, 0.00039536508547302965, 0.5275100231867086, 0.18123994850198963, 0.18196798522852098, 0.01721053334830183, 0], [0, 0, 0, 0, 0, 0, 0, 0, 0, 0, 0, 1]], [\'@\', \'a\', \'b\', \'c\', \'d\', \'e\', \'f\', \'g\', \'h\', \'i\', \'j\', \'$\'])", "([1, 0, 0, 0, 0, 0, 0, 0, 0, 0, 0, 0, 0], [[0, 1, 0, 0, 0, 0, 0, 0, 0, 0, 0, 0, 0], [0, 0.018181818181818184, 0.8, 0.018181818181818184, 0.018181818181818184, 0.018181818181818184, 0.018181818181818184, 0.018181818181818184, 0.018181818181818184, 0.018181818181818184, 0.018181818181818184, 0.018181818181818184, 0.018181818181818184], [0, 0, 0.02, 0.8, 0.02, 0.02, 0.02, 0.02, 0.02, 0.02, 0.02, 0.02, 0.02], [0, 0, 0, 0.022222222222222223, 0.8, 0.022222222222222223, 0.022222222222222223, 0.022222222222222223, 0.022222222222222223, 0.022222222222222223, 0.022222222222222223, 0.022222222222222223, 0.022222222222222223], [0, 0, 0, 0, 0.025, 0.8, 0.025, 0.025, 0.025, 0.025, 0.025, 0.025, 0.025], [0, 0, 0, 0, 0, 0.028571428571428574, 0.8, 0.028571428571428574, 0.028571428571428574, 0.028571428571428574, 0.028571428571428574, 0.028571428571428574, 0.028571428571428574], [0, 0, 0, 0, 0, 0, 0.03333333333333333, 0.8, 0.03333333333333333, 0.03333333333333333, 0.03333333333333333, 0.03333333333333333, 0.03333333333333333], [0, 0, 0, 0, 0, 0, 0, 0.04, 0.8, 0.04, 0.04, 0.04, 0.04], [0, 0, 0, 0, 0, 0, 0, 0, 0.05, 0.8, 0.05, 0.05, 0.05], [0, 0, 0, 0, 0, 0, 0, 0, 0, 0.06666666666666667, 0.8, 0.06666666666666667, 0.06666666666666667], [0, 0, 0, 0, 0, 0, 0, 0, 0, 0, 0.1, 0.8, 0.1], [0, 0, 0, 0, 0, 0, 0, 0, 0, 0, 0, 0.2, 0.8], [1, 0, 0, 0, 0, 0, 0, 0, 0, 0, 0, 0, 0]], [[1, 0, 0, 0, 0, 0, 0, 0, 0, 0, 0, 0], [0, 0.01985828470407673, 0.006591663521401534, 0.017445538578606725, 0.03791713463888473, 0.006591419812298522, 0.03054255898015582, 0.20832086525969845, 0.4427937246058563, 0.1943204588799838, 0.03561835101903738, 0], [0, 0.013382575612690482, 0.011261031311176051, 0.03691742479228679, 0.0651188187280523, 0.005654770895866376, 0.03984304063142675, 0.3574494512019066, 0.32962788149985484, 0.12910178850297233, 0.011643216823767505, 0], [0, 0.0016539452194252408, 0.012128462811441882, 0.06066790171293889, 0.055898701983368985, 0.014840476962470065, 0.058080806294580345, 0.5204653945952569, 0.1839597000141517, 0.07347730369549413, 0.018827306710871867, 0], [0, 0.0011849330548429778, 0.015868988832202467, 0.03641564904313575, 0.08258754337139396, 0.01920452142104009, 0.1027973757589957, 0.48248745889006467, 0.18394588402751166, 0.04637087587300408, 0.029136769727808664, 0], [0, 0.002853769418249376, 0.006795021310874223, 0.05598170132573766, 0.09138156303172022, 0.01420905686330623, 0.12852113321544886, 0.5074506464664129, 0.14893160657159032, 0.03255312280090982, 0.011322378995750525, 0], [0, 0.002968581174626542, 0.01776781333324394, 0.05731163798073483, 0.13004076804536743, 0.0174741321432146, 0.15095403392465526, 0.48638910347040465, 0.09117472226849621, 0.030088303480963946, 0.015830904178292502, 0], [0, 0.0029217978954256293, 0.0035600610387810385, 0.059817568033647184, 0.09210132065117038, 0.005885967184897738, 0.12514139456407172, 0.5586563323085256, 0.10676941642342118, 0.030101262347677557, 0.015044879552381887, 0], [0, 0.013167770582272451, 0.0040862936482778155, 0.05787752740355707, 0.07789102381362291, 0.008236122418726692, 0.09876424576486932, 0.5445752574042951, 0.1313103538806173, 0.05642150241046466, 0.0076699026732965645, 0], [0, 0.008237948044290786, 0.014347863146641382, 0.032922434024787776, 0.09047563569477145, 0.012110485092232327, 0.02774466592362164, 0.5423573511601474, 0.1746960182496324, 0.08350233645052275, 0.013605262213352051, 0], [0, 0.014331957724017965, 0.004189263314267435, 0.028973942335147492, 0.042114096033339425, 0.0007754138544623538, 0.0494864585290974, 0.5139171324552994, 0.20673620565990172, 0.12135203321455577, 0.01812349687991113, 0], [0, 0.00331310521183758, 0.01189886894726417, 0.04250136874259719, 0.05144332897535803, 0.00856924531004253, 0.06550026527674273, 0.3101674817517116, 0.2802790167205552, 0.20474777071330297, 0.021579548350588052, 0], [0, 0, 0, 0, 0, 0, 0, 0, 0, 0, 0, 1]], [\'@\', \'a\', \'b\', \'c\', \'d\', \'e\', \'f\', \'g\', \'h\', \'i\', \'j\', \'$\'])", "([1, 0, 0, 0, 0, 0, 0, 0, 0, 0, 0, 0, 0], [[0, 1, 0, 0, 0, 0, 0, 0, 0, 0, 0, 0, 0], [0, 0.018181818181818184, 0.8, 0.018181818181818184, 0.018181818181818184, 0.018181818181818184, 0.018181818181818184, 0.018181818181818184, 0.018181818181818184, 0.018181818181818184, 0.018181818181818184, 0.018181818181818184, 0.018181818181818184], [0, 0, 0.02, 0.8, 0.02, 0.02, 0.02, 0.02, 0.02, 0.02, 0.02, 0.02, 0.02], [0, 0, 0, 0.022222222222222223, 0.8, 0.022222222222222223, 0.022222222222222223, 0.022222222222222223, 0.022222222222222223, 0.022222222222222223, 0.022222222222222223, 0.022222222222222223, 0.022222222222222223], [0, 0, 0, 0, 0.025, 0.8, 0.025, 0.025, 0.025, 0.025, 0.025, 0.025, 0.025], [0, 0, 0, 0, 0, 0.028571428571428574, 0.8, 0.028571428571428574, 0.028571428571428574, 0.028571428571428574, 0.028571428571428574, 0.028571428571428574, 0.028571428571428574], [0, 0, 0, 0, 0, 0, 0.03333333333333333, 0.8, 0.03333333333333333, 0.03333333333333333, 0.03333333333333333, 0.03333333333333333, 0.03333333333333333], [0, 0, 0, 0, 0, 0, 0, 0.04, 0.8, 0.04, 0.04, 0.04, 0.04], [0, 0, 0, 0, 0, 0, 0, 0, 0.05, 0.8, 0.05, 0.05, 0.05], [0, 0, 0, 0, 0, 0, 0, 0, 0, 0.06666666666666667, 0.8, 0.06666666666666667, 0.06666666666666667], [0, 0, 0, 0, 0, 0, 0, 0, 0, 0, 0.1, 0.8, 0.1], [0, 0, 0, 0, 0, 0, 0, 0, 0, 0, 0, 0.2, 0.8], [1, 0, 0, 0, 0, 0, 0, 0, 0, 0, 0, 0, 0]], [[1, 0, 0, 0, 0, 0, 0, 0, 0, 0, 0, 0], [0, 0.018908070825905666, 0.005219415105625751, 1.8499832688326474e-05, 0.004636315911875798, 0.011272615458069134, 0.0017191983801646805, 0.6207498296968891, 0.2142141063572054, 0.11796294481835357, 0.005299003613222491, 0], [0, 0.01366407338977397, 0.009613068628686357, 0.01028092792052036, 0.01666851622809508, 0.004021414409974824, 0.005363206853617976, 0.7318934567159328, 0.163957745611527, 0.03365820927575212, 0.010879380966119375, 0], [0, 0.015760234384445314, 0.009011771491414395, 0.00921394545230967, 0.015514062944211685, 0.005992816237108555, 0.0016289181740418955, 0.5054447242584041, 0.16615142619798237, 0.19385579204272213, 0.07742630881735983, 0], [0, 0.005723465870538851, 0.002817283772615968, 0.0028790449309619723, 0.009025080169445924, 0.01828139053868205, 0.02036472382809209, 0.3338476095954087, 0.16487988769599746, 0.28743326304888517, 0.15474825054937177, 0], [0, 0.008561591565807285, 0.007523024608015458, 0.006380332839089262, 0.005673098783961752, 0.013333121552148807, 0.003047003899430519, 0.2819925231906349, 0.20839423567591012, 0.27700338792943136, 0.18809167995557044, 0], [0, 0.015745250494610726, 0.011009767780460332, 0.0067590121555967594, 0.012679112215190646, 0.009201258816780748, 0.004784803109002493, 0.34124266616567794, 0.19122323109540676, 0.21857754133976906, 0.1887773568275045, 0], [0, 0.008852015041539325, 0.005223096949563713, 0.001309255301370122, 0.009024200869289387, 0.012900126635591943, 0.012205303816013431, 0.406294997267804, 0.23387160136081991, 0.202041839878826, 0.10827756287918225, 0], [0, 0.011243773717253802, 0.008235055246028229, 0.005086816198478796, 0.0030506379717276976, 0.018761024389087524, 0.00441535241270187, 0.6775729590150541, 0.1526990710122506, 0.08150436269663837, 0.03743094734077904, 0], [0, 0.02077458210648868, 0.004870811656684204, 0.007336795402264717, 0.00534785098791231, 0.0007285157242544312, 0.004194628930376186, 0.8400577673800996, 0.08464758699325951, 0.025165581580359062, 0.006875879238301333, 0], [0, 0.007655017933305222, 0.004452139650721226, 0.015542276594112532, 0.010135356600839028, 0.014543368393364306,