((11, 4.0), '([\'AAAAAAAAAAA\', \'BBBBBBBBBBB\', \'CCCCCCCCCCC\', \'DDDDDDDDDDD\', \'EEEEEEEEEEE\', \'FFFFFFFFFFF\', \'GGGGGGGGGGG\', \'HHHHHHHHHHH\', \'IIIIIIIIIII\', \'JJJJJJJJJJJ\', \'KKKKKKKKKKK\', \'LLLLLLLLLLL\', \'MMMMMMMMMMM\', \'NNNNNNNNNNN\', \'OOOOOOOOOOO\', \'PPPPPPPPPPP\', \'QQQQQQQQQQQ\', \'RRRRRRRRRRR\', \'SSSSSSSSSSS\', \'TTTTTTTTTTT\', \'UUUUUUUUUUU\', \'VVVVVVVVVVV\', \'WWWWWWWWWWW\', \'XXXXXXXXXXX\', \'YYYYYYYYYYY\', \'ZZZZZZZZZZZ\'], ["([1, 0, 0, 0, 0, 0, 0, 0, 0, 0, 0, 0, 0], [[0, 1, 0, 0, 0, 0, 0, 0, 0, 0, 0, 0, 0], [0, 0.018181818181818184, 0.8, 0.018181818181818184, 0.018181818181818184, 0.018181818181818184, 0.018181818181818184, 0.018181818181818184, 0.018181818181818184, 0.018181818181818184, 0.018181818181818184, 0.018181818181818184, 0.018181818181818184], [0, 0, 0.02, 0.8, 0.02, 0.02, 0.02, 0.02, 0.02, 0.02, 0.02, 0.02, 0.02], [0, 0, 0, 0.022222222222222223, 0.8, 0.022222222222222223, 0.022222222222222223, 0.022222222222222223, 0.022222222222222223, 0.022222222222222223, 0.022222222222222223, 0.022222222222222223, 0.022222222222222223], [0, 0, 0, 0, 0.025, 0.8, 0.025, 0.025, 0.025, 0.025, 0.025, 0.025, 0.025], [0, 0, 0, 0, 0, 0.028571428571428574, 0.8, 0.028571428571428574, 0.028571428571428574, 0.028571428571428574, 0.028571428571428574, 0.028571428571428574, 0.028571428571428574], [0, 0, 0, 0, 0, 0, 0.03333333333333333, 0.8, 0.03333333333333333, 0.03333333333333333, 0.03333333333333333, 0.03333333333333333, 0.03333333333333333], [0, 0, 0, 0, 0, 0, 0, 0.04, 0.8, 0.04, 0.04, 0.04, 0.04], [0, 0, 0, 0, 0, 0, 0, 0, 0.05, 0.8, 0.05, 0.05, 0.05], [0, 0, 0, 0, 0, 0, 0, 0, 0, 0.06666666666666667, 0.8, 0.06666666666666667, 0.06666666666666667], [0, 0, 0, 0, 0, 0, 0, 0, 0, 0, 0.1, 0.8, 0.1], [0, 0, 0, 0, 0, 0, 0, 0, 0, 0, 0, 0.2, 0.8], [1, 0, 0, 0, 0, 0, 0, 0, 0, 0, 0, 0, 0]], [[1, 0, 0, 0, 0, 0, 0, 0, 0, 0, 0, 0], [0, 0.00467875151661311, 0.0048403441397869675, 0.002744169392606914, 0.01834078352114687, 0.010820728128791772, 0.0022454212311539294, 0.5145163734256538, 0.28326843803400253, 0.1426292317618305, 0.01591575884841351, 0], [0, 0.017644959861927618, 0.004207093505146857, 0.0015224615979423817, 0.002251311892392704, 0.0052488399385431685, 0.017925190422008182, 0.6977943287073322, 0.18739343005649628, 0.06487087260132803, 0.0011415114168826992, 0], [0, 0.011212368465580701, 0.006704680113416109, 0.00851484126232031, 0.006003393278400739, 0.010890039571115277, 0.009742250364323156, 0.7366006348735292, 0.17425058726194786, 0.031029056906632487, 0.005052147902734141, 0], [0, 0.010164285514650439, 0.011000366748998692, 0.01055522516863942, 0.009106735349575434, 0.013129067490171292, 0.008668116398069095, 0.8007450788636724, 0.1215257709298902, 0.007701886444134562, 0.007403467092198374, 0], [0, 0.02068559291078579, 0.002096877498492109, 0.00933487599177005, 0.001233479500166339, 0.00807512503439478, 0.001260407616628439, 0.8492658978318625, 0.08460876640770083, 0.0026683514337484757, 0.020770625774450664, 0], [0, 0.014399984558537308, 0.0010000384174368871, 0.0048835010330409824, 0.004189195690849482, 0.01785848220266857, 0.001945143902466041, 0.7972119379768337, 0.13564092654351176, 0.01598832876548999, 0.006882460909165368, 0], [0, 0.008116947190449973, 0.01127631402346975, 0.004169346569599177, 0.007835919271921, 0.007901409810406095, 0.01535940822981273, 0.8272012455047357, 0.10215002914302743, 0.011917667963755986, 0.004071712292822002, 0], [0, 0.0001147682081818954, 0.013765843881638163, 0.014686574101783326, 0.01330114824349837, 0.00021693190986925065, 0.0023715708133058245, 0.8105774559596651, 0.12216417947973401, 0.0024391262194484553, 0.020362401182875647, 0], [0, 0.014262547733464541, 0.01510480875990831, 8.222524347263129e-06, 0.007340121628047336, 0.0022979616983968523, 0.01626379804438609, 0.7351187358032143, 0.15594384581887819, 0.051297978245365285, 0.0023619797439919064, 0], [0, 0.013926473491447326, 0.007280508351902931, 0.012922847999554864, 0.003712476573657061, 0.0024039845961928365, 0.0031791498303719943, 0.7494426438489379, 0.12947629342529074, 0.06385173640977143, 0.01380388547287279, 0], [0, 0.015308164050149467, 0.006300175347926309, 0.0012434229961876032, 0.014508718805102716, 0.010593424153782295, 0.00012984375326586885, 0.6044733822726877, 0.2106411143177768, 0.1298531192434383, 0.006948635059682953, 0], [0, 0, 0, 0, 0, 0, 0, 0, 0, 0, 0, 1]], [\'@\', \'a\', \'b\', \'c\', \'d\', \'e\', \'f\', \'g\', \'h\', \'i\', \'j\', \'$\'])", "([1, 0, 0, 0, 0, 0, 0, 0, 0, 0, 0, 0, 0], [[0, 1, 0, 0, 0, 0, 0, 0, 0, 0, 0, 0, 0], [0, 0.018181818181818184, 0.8, 0.018181818181818184, 0.018181818181818184, 0.018181818181818184, 0.018181818181818184, 0.018181818181818184, 0.018181818181818184, 0.018181818181818184, 0.018181818181818184, 0.018181818181818184, 0.018181818181818184], [0, 0, 0.02, 0.8, 0.02, 0.02, 0.02, 0.02, 0.02, 0.02, 0.02, 0.02, 0.02], [0, 0, 0, 0.022222222222222223, 0.8, 0.022222222222222223, 0.022222222222222223, 0.022222222222222223, 0.022222222222222223, 0.022222222222222223, 0.022222222222222223, 0.022222222222222223, 0.022222222222222223], [0, 0, 0, 0, 0.025, 0.8, 0.025, 0.025, 0.025, 0.025, 0.025, 0.025, 0.025], [0, 0, 0, 0, 0, 0.028571428571428574, 0.8, 0.028571428571428574, 0.028571428571428574, 0.028571428571428574, 0.028571428571428574, 0.028571428571428574, 0.028571428571428574], [0, 0, 0, 0, 0, 0, 0.03333333333333333, 0.8, 0.03333333333333333, 0.03333333333333333, 0.03333333333333333, 0.03333333333333333, 0.03333333333333333], [0, 0, 0, 0, 0, 0, 0, 0.04, 0.8, 0.04, 0.04, 0.04, 0.04], [0, 0, 0, 0, 0, 0, 0, 0, 0.05, 0.8, 0.05, 0.05, 0.05], [0, 0, 0, 0, 0, 0, 0, 0, 0, 0.06666666666666667, 0.8, 0.06666666666666667, 0.06666666666666667], [0, 0, 0, 0, 0, 0, 0, 0, 0, 0, 0.1, 0.8, 0.1], [0, 0, 0, 0, 0, 0, 0, 0, 0, 0, 0, 0.2, 0.8], [1, 0, 0, 0, 0, 0, 0, 0, 0, 0, 0, 0, 0]], [[1, 0, 0, 0, 0, 0, 0, 0, 0, 0, 0, 0], [0, 0.003938323771651987, 0.014881482459109861, 0.03348805472668508, 0.012853884448056414, 0.0066548740731405594, 0.018292773790391795, 0.6011093324436769, 0.2107229514993429, 0.09533330463522827, 0.0027250181527162572, 0], [0, 0.011978566425549873, 0.007478217510023032, 0.0626723796486982, 0.03487623512664665, 0.015201632564984741, 0.022493151414252812, 0.6844851637299388, 0.12530127013498815, 0.019110023604041362, 0.016403359840876243, 0], [0, 0.012268593902034709, 0.004997612853074453, 0.01957418977694486, 0.02281712190687117, 0.0056932764212433455, 0.030671196336560434, 0.8124482994638887, 0.06381051168270874, 0.027433700752769834, 0.00028549690390370665, 0], [0, 0.009864866616444673, 0.0007810889742273812, 0.05059117797156019, 0.012485285944048017, 0.012717227802898114, 0.008484868752710217, 0.8611299621359287, 0.02785521484241249, 0.0001601652880278356, 0.01593014167174253, 0], [0, 0.0027695854060650954, 0.007761120322115596, 0.005962518256193095, 0.008549349395828285, 0.014611957322744878, 0.017480210772470434, 0.90461514943672, 0.009626204092761274, 0.019684462282607115, 0.008939442712494234, 0], [0, 0.008386961887615558, 0.012706564701590643, 0.013323244972338277, 0.013030823772200877, 0.008084154274826276, 0.001312952712081149, 0.919923471517125, 0.006483343600560517, 0.0035932767056228478, 0.01315520585603886, 0], [0, 0.004843809180310336, 0.011552503343679462, 0.0070992447578067195, 0.0020135613337472704, 0.0035849047922044716, 0.01338518592848301, 0.9234502399142881, 0.01036401035503491, 0.007292537532037503, 0.01641400286240826, 0], [0, 0.007630826819293004, 0.012021092635584204, 0.005935524306454971, 0.00040670410092008455, 0.018841656926674336, 0.004492189430088033, 0.927811013796924, 0.003959835645292988, 0.004590961110558443, 0.014310195228209947, 0], [0, 0.012098410132835566, 0.008989091338435385, 0.0008282699734603252, 0.0015721685639645843, 0.00970758094209849, 0.01642518750896386, 0.89606223025331, 0.034141064764218465, 0.0056318685018786, 0.014544128020834839, 0], [0, 0.015456479028298453, 0.00446976400020204, 0.00578400734724946, 0.00029816577258761577, 0.010011425416191575, 0.0049341662708462936, 0.9128596058307168, 0.02137883364715745, 0.008209166342294395, 0.01659838634445597, 0], [0, 0.008480924654872409, 0.0026062135176431168, 0.011317402995719933, 0.008481487062540713, 0.017378505719530753, 0.0007743256288318542, 0.9104581821967646, 0.020000614789749186, 0.020120264821235828, 0.00038207861311157144, 0], [0, 0, 0, 0, 0, 0, 0, 0, 0, 0, 0, 1]], [\'@\', \'a\', \'b\', \'c\', \'d\', \'e\', \'f\', \'g\', \'h\', \'i\', \'j\', \'$\'])", "([1, 0, 0, 0, 0, 0, 0, 0, 0, 0, 0, 0, 0], [[0, 1, 0, 0, 0, 0, 0, 0, 0, 0, 0, 0, 0], [0, 0.018181818181818184, 0.8, 0.018181818181818184, 0.018181818181818184, 0.018181818181818184, 0.018181818181818184, 0.018181818181818184, 0.018181818181818184, 0.018181818181818184, 0.018181818181818184, 0.018181818181818184, 0.018181818181818184], [0, 0, 0.02, 0.8, 0.02, 0.02, 0.02, 0.02, 0.02, 0.02, 0.02, 0.02, 0.02], [0, 0, 0, 0.022222222222222223, 0.8, 0.022222222222222223, 0.022222222222222223, 0.022222222222222223, 0.022222222222222223, 0.022222222222222223, 0.022222222222222223, 0.022222222222222223, 0.022222222222222223], [0, 0, 0, 0, 0.025, 0.8, 0.025, 0.025, 0.025, 0.025, 0.025, 0.025, 0.025], [0, 0, 0, 0, 0, 0.028571428571428574, 0.8, 0.028571428571428574, 0.028571428571428574, 0.028571428571428574, 0.028571428571428574, 0.028571428571428574, 0.028571428571428574], [0, 0, 0, 0, 0, 0, 0.03333333333333333, 0.8, 0.03333333333333333, 0.03333333333333333, 0.03333333333333333, 0.03333333333333333, 0.03333333333333333], [0, 0, 0, 0, 0, 0, 0, 0.04, 0.8, 0.04, 0.04, 0.04, 0.04], [0, 0, 0, 0, 0, 0, 0, 0, 0.05, 0.8, 0.05, 0.05, 0.05], [0, 0, 0, 0, 0, 0, 0, 0, 0, 0.06666666666666667, 0.8, 0.06666666666666667, 0.06666666666666667], [0, 0, 0, 0, 0, 0, 0, 0, 0, 0, 0.1, 0.8, 0.1], [0, 0, 0, 0, 0, 0, 0, 0, 0, 0, 0, 0.2, 0.8], [1, 0, 0, 0, 0, 0, 0, 0, 0, 0, 0, 0, 0]], [[1, 0, 0, 0, 0, 0, 0, 0, 0, 0, 0, 0], [0, 0.006134049043963794, 0.009404778226498899, 0.0136949550449283, 0.00490216941419828, 0.007634138203987335, 0.013852153239714598, 0.8948505815711291, 0.02600546468840848, 0.011707467695903619, 0.011814242871267623, 0], [0, 0.004677337827144251, 0.01848511724137031, 0.011024708545825353, 0.00041084428538899233, 0.00621318694285174, 0.006271909225669926, 0.9139916107492491, 0.019159966374819377, 0.0024407965568776, 0.017324522250803377, 0], [0, 0.005319646355755062, 0.0025221585429791842, 0.00704153237093179, 0.00284485741016884, 0.012385157609565899, 0.014163206449175089, 0.912737303413799, 0.01986902455743162, 0.0045929513427655855, 0.018524161947428012, 0], [0, 0.0146063772663629, 0.004816559864706932, 0.010113013885791689, 0.006231623406576836, 0.015165093868427109, 0.003838558268044891, 0.909119861020756, 0.019227090035972602, 0.0062301439455509046, 0.010651678437810067, 0], [0, 0.0017039781013659815, 0.008337002560179123, 0.008320248263483291, 0.009462543666281369, 0.0033150002431030696, 0.014322706264057093, 0.8594714994530551, 0.06813232218191546, 0.012824447580513024, 0.014110251686046581, 0], [0, 0.011300818039205284, 0.017631921440461457, 0.0016408719866815912, 0.017933943935790016, 0.004306014679482056, 0.0008031691768357084, 0.7387400975684482, 0.18210318956786314, 0.020815657329794162, 0.00472431627543857, 0], [0, 0.00884618910506787, 0.011068981943618458, 0.0025450192859987246, 0.014657257158103412, 0.015472939538781887, 0.00498097390877395, 0.5851386389435792, 0.2588566271742666, 0.08540169651281586, 0.01303167642899396, 0], [0, 0.00555247477736606, 0.004144882579530325, 0.009044600732494731, 0.007563146378539083, 0.005718013322378068, 0.01750926687564472, 0.5110699022680021, 0.3101717637813748, 0.11591586849424677, 0.013310080790423411, 0], [0, 0.010639433159712016, 0.002038645368995792, 0.017499599643471444, 0.011362001348327821, 0.010080776344306692, 0.0016084304830757232, 0.47905265793788027, 0.24062395499656117, 0.17432499788159567, 0.05276950283607355, 0], [0, 0.008125476609967331, 0.007897800803464597, 0.010347790394506274, 0.01787716230360801, 0.007923651794173285, 0.00043526068158828676, 0.4037444431979702, 0.3072080483592734, 0.15462393633516752, 0.08181642952028108, 0], [0, 0.008994610360080669, 0.0032896817141393124, 0.0053489068245927, 0.010374216579843753, 0.015561183164043594, 0.009714458310970025, 0.42395047500366656, 0.2680886648593617, 0.2037998231871738, 0.05087797999612785, 0], [0, 0, 0, 0, 0, 0, 0, 0, 0, 0, 0, 1]], [\'@\', \'a\', \'b\', \'c\', \'d\', \'e\', \'f\', \'g\', \'h\', \'i\', \'j\', \'$\'])", "([1, 0, 0, 0, 0, 0, 0, 0, 0, 0, 0, 0, 0], [[0, 1, 0, 0, 0, 0, 0, 0, 0, 0, 0, 0, 0], [0, 0.018181818181818184, 0.8, 0.018181818181818184, 0.018181818181818184, 0.018181818181818184, 0.018181818181818184, 0.018181818181818184, 0.018181818181818184, 0.018181818181818184, 0.018181818181818184, 0.018181818181818184, 0.018181818181818184], [0, 0, 0.02, 0.8, 0.02, 0.02, 0.02, 0.02, 0.02, 0.02, 0.02, 0.02, 0.02], [0, 0, 0, 0.022222222222222223, 0.8, 0.022222222222222223, 0.022222222222222223, 0.022222222222222223, 0.022222222222222223, 0.022222222222222223, 0.022222222222222223, 0.022222222222222223, 0.022222222222222223], [0, 0, 0, 0, 0.025, 0.8, 0.025, 0.025, 0.025, 0.025, 0.025, 0.025, 0.025], [0, 0, 0, 0, 0, 0.028571428571428574, 0.8, 0.028571428571428574, 0.028571428571428574, 0.028571428571428574, 0.028571428571428574, 0.028571428571428574, 0.028571428571428574], [0, 0, 0, 0, 0, 0, 0.03333333333333333, 0.8, 0.03333333333333333, 0.03333333333333333, 0.03333333333333333, 0.03333333333333333, 0.03333333333333333], [0, 0, 0, 0, 0, 0, 0, 0.04, 0.8, 0.04, 0.04, 0.04, 0.04], [0, 0, 0, 0, 0, 0, 0, 0, 0.05, 0.8, 0.05, 0.05, 0.05], [0, 0, 0, 0, 0, 0, 0, 0, 0, 0.06666666666666667, 0.8, 0.06666666666666667, 0.06666666666666667], [0, 0, 0, 0, 0, 0, 0, 0, 0, 0, 0.1, 0.8, 0.1], [0, 0, 0, 0, 0, 0, 0, 0, 0, 0, 0, 0.2, 0.8], [1, 0, 0, 0, 0, 0, 0, 0, 0, 0, 0, 0, 0]], [[1, 0, 0, 0, 0, 0, 0, 0, 0, 0, 0, 0], [0, 0.007054847171136235, 0.005046343748298441, 0.02881815849059896, 0.04483650299617591, 0.01111348982522217, 0.02160316717948058, 0.5473575729133989, 0.20307708513297687, 0.12966481960175613, 0.0014280129409557222, 0], [0, 0.01672404674259721, 0.016559674299384954, 0.08212213623729904, 0.026183485575455634, 0.003956058970279485, 0.027788111098441454, 0.7151402179971165, 0.06746775651628266, 0.042496859927934935, 0.001561652635208175, 0], [0, 0.012962512253553658, 0.015417543714830555, 0.021985437256280188, 0.0228974255033793, 0.0011143799986102175, 0.0005353975425001576, 0.813427729428275, 0.07738595026384497, 0.02768520594286648, 0.006588418095859523, 0], [0, 0.0004806961560754482, 0.019256388895333435, 0.009418117003630926, 0.00829174809363807, 0.018803774066363545, 0.002443935699480041, 0.7429242783124428, 0.1601864140981304, 0.02831275942233349, 0.009881888252571984, 0], [0, 0.006102221256596156, 0.004822299612621932, 0.01565472129161267, 0.003712709512428665, 0.015906959113038383, 0.00626158205501358, 0.8406686397728474, 0.06108181972027986, 0.043619866860480805, 0.0021691808050804374, 0], [0, 0.010937072733258951, 0.008958002719458728, 0.01488266100451604, 0.006473827392165718, 0.004082706854044113, 0.013198124241135957, 0.7595165715211994, 0.14853905968422543, 0.024934708431969595, 0.008477265418026084, 0], [0, 0.01532487227481847, 0.0005142825591256733, 0.011611881416005691, 0.006325875774164032, 0.010110672876279626, 0.01862664636355022, 0.8740253212699904, 0.04330215335182766, 0.009588503326541944, 0.010569790787696218, 0], [0, 0.016606023013160026, 0.011985688732616618, 0.002697381276760508, 0.0004230885306828504, 0.015313007740368994, 0.00688483364055303, 0.8819180769205818, 0.04739604958023797, 0.014279188722486352, 0.002496661842551983, 0], [0, 0.002133185665198723, 0.015266121098591622, 0.009044186531155842, 0.005488435749022079, 0.016940882978314448, 0.005372119412703644, 0.9163702200774994, 0.011973725303907048, 0.009536408744212143, 0.007874714439395133, 0], [0, 0.0029230005163528843, 0.015204231559333693, 0.00830623824007945, 0.0007723505400710543, 0.011845678592925611, 0.004970699485889405, 0.9152863751614029, 0.02054308384977987, 0.014710218256844204, 0.005438123797320916, 0], [0, 0.009391555244368733, 0.008528383383664575, 0.0029060435904168787, 0.008001021963462328, 0.012064987071322187, 0.01282735559960106, 0.9125373481907545, 0.015624678672209624, 0.016031325914059997, 0.002087300370140183, 0], [0, 0, 0, 0, 0, 0, 0, 0, 0, 0, 0, 1]], [\'@\', \'a\', \'b\', \'c\', \'d\', \'e\', \'f\', \'g\', \'h\', \'i\', \'j\', \'$\'])", "([1, 0, 0, 0, 0, 0, 0, 0, 0, 0, 0, 0, 0], [[0, 1, 0, 0, 0, 0, 0, 0, 0, 0, 0, 0, 0], [0, 0.018181818181818184, 0.8, 0.018181818181818184, 0.018181818181818184, 0.018181818181818184, 0.018181818181818184, 0.018181818181818184, 0.018181818181818184, 0.018181818181818184, 0.018181818181818184, 0.018181818181818184, 0.018181818181818184], [0, 0, 0.02, 0.8, 0.02, 0.02, 0.02, 0.02, 0.02, 0.02, 0.02, 0.02, 0.02], [0, 0, 0, 0.022222222222222223, 0.8, 0.022222222222222223, 0.022222222222222223, 0.022222222222222223, 0.022222222222222223, 0.022222222222222223, 0.022222222222222223, 0.022222222222222223, 0.022222222222222223], [0, 0, 0, 0, 0.025, 0.8, 0.025, 0.025, 0.025, 0.025, 0.025, 0.025, 0.025], [0, 0, 0, 0, 0, 0.028571428571428574, 0.8, 0.028571428571428574, 0.028571428571428574, 0.028571428571428574, 0.028571428571428574, 0.028571428571428574, 0.028571428571428574], [0, 0, 0, 0, 0, 0, 0.03333333333333333, 0.8, 0.03333333333333333, 0.03333333333333333, 0.03333333333333333, 0.03333333333333333, 0.03333333333333333], [0, 0, 0, 0, 0, 0, 0, 0.04, 0.8, 0.04, 0.04, 0.04, 0.04], [0, 0, 0, 0, 0, 0, 0, 0, 0.05, 0.8, 0.05, 0.05, 0.05], [0, 0, 0, 0, 0, 0, 0, 0, 0, 0.06666666666666667, 0.8, 0.06666666666666667, 0.06666666666666667], [0, 0, 0, 0, 0, 0, 0, 0, 0, 0, 0.1, 0.8, 0.1], [0, 0, 0, 0, 0, 0, 0, 0, 0, 0, 0, 0.2, 0.8], [1, 0, 0, 0, 0, 0, 0, 0, 0, 0, 0, 0, 0]], [[1, 0, 0, 0, 0, 0, 0, 0, 0, 0, 0, 0], [0, 0.010589136783799519, 0.007881195416381994, 0.06937607925988389, 0.06078865510044398, 0.00165635983432475, 0.016388186685899333, 0.7072416311427289, 0.10949083423281458, 0.013893464682191832, 0.002694456861531215, 0], [0, 0.0021759361972457647, 0.006378504703250989, 0.010618606331538546, 0.006764890093047798, 0.0034428832435144264, 0.027661428825281893, 0.8710970089525184, 0.04133485705706221, 0.0248916610091874, 0.005634223587352586, 0], [0, 0.007578139998178701, 0.01587186944311807, 0.008078590686661948, 0.006061087109310289, 0.0051441458331739865, 0.014577332963795719, 0.8912739786082278, 0.03470201609870308, 0.0008668218670472746, 0.0158460173917831, 0], [0, 0.006272971207001008, 0.016536971313695775, 0.005613288554899178, 0.009517041879485346, 0.01271702530954919, 0.013730705750913374, 0.8619666867002369, 0.05646516878768928, 0.0014704138130946828, 0.015709726683435246, 0], [0, 0.017394437056577033, 0.005684035240725532, 0.0020205898334924688, 0.006954039138287931, 0.013837220040298259, 0.008663292968772085, 0.8480886285291032, 0.07959782054476541, 0.015370883430038397, 0.0023890532179398397, 0], [0, 0.009307726392903764, 0.009025980308419435, 0.0028579439693459667, 0.00275504432775001, 0.006872428144345361, 0.017059489388014992, 0.8620807209454472, 0.06951593583616962, 0.015237003836237235, 0.005287726851366384, 0], [0, 0.0016539561996139686, 0.012009524300320396, 0.004491864277134049, 0.001270146853687647, 0.002615572610211089, 0.013050495743939712, 0.8617398612273913, 0.07452047232368017, 0.0007514398050386812, 0.02789666665898302, 0], [0, 0.005197060573262341, 0.014349543605253092, 0.011013461196856538, 0.011402904429563349, 0.003499251237720768, 0.013442305018488847, 0.8159782743149797, 0.09126857842364386, 0.022545093989038645, 0.01130352721119262, 0], [0, 0.007582200285050361, 0.009129538701715127, 0.004032340056110837, 0.009963992333367349, 0.008474543798304144, 0.007310155119443045, 0.6630881641445558, 0.21372048612896416, 0.06522576871019031, 0.011472810722298825, 0], [0, 0.011849642607946959, 0.007291232146969335, 0.0054771337626956865, 0.00666607241352003, 0.014606563157705107, 0.0047604895955538655, 0.6226490132466965, 0.1712034656792507, 0.1305780210979111, 0.024918366291750652, 0], [0, 0.0068245569651052065, 0.002014370085016549, 0.017042384212807984, 0.00011134759787014493, 0.004380125120803336, 0.012350609343018957, 0.4274547289682042, 0.2787956196061958, 0.23995613707931449, 0.011070121021663316, 0], [0, 0, 0, 0, 0, 0, 0, 0, 0, 0, 0, 1]], [\'@\', \'a\', \'b\', \'c\', \'d\', \'e\', \'f\', \'g\', \'h\', \'i\', \'j\', \'$\'])", "([1, 0, 0, 0, 0, 0, 0, 0, 0, 0, 0, 0, 0], [[0, 1, 0, 0, 0, 0, 0, 0, 0, 0, 0, 0, 0], [0, 0.018181818181818184, 0.8, 0.018181818181818184, 0.018181818181818184, 0.018181818181818184, 0.018181818181818184, 0.018181818181818184, 0.018181818181818184, 0.018181818181818184, 0.018181818181818184, 0.018181818181818184, 0.018181818181818184], [0, 0, 0.02, 0.8, 0.02, 0.02, 0.02, 0.02, 0.02, 0.02, 0.02, 0.02, 0.02], [0, 0, 0, 0.022222222222222223, 0.8, 0.022222222222222223, 0.022222222222222223, 0.022222222222222223, 0.022222222222222223, 0.022222222222222223, 0.022222222222222223, 0.022222222222222223, 0.022222222222222223], [0, 0, 0, 0, 0.025, 0.8, 0.025, 0.025, 0.025, 0.025, 0.025, 0.025, 0.025], [0, 0, 0, 0, 0, 0.028571428571428574, 0.8, 0.028571428571428574, 0.028571428571428574, 0.028571428571428574, 0.028571428571428574, 0.028571428571428574, 0.028571428571428574], [0, 0, 0, 0, 0, 0, 0.03333333333333333, 0.8, 0.03333333333333333, 0.03333333333333333, 0.03333333333333333, 0.03333333333333333, 0.03333333333333333], [0, 0, 0, 0, 0, 0, 0, 0.04, 0.8, 0.04, 0.04, 0.04, 0.04], [0, 0, 0, 0, 0, 0, 0, 0, 0.05, 0.8, 0.05, 0.05, 0.05], [0, 0, 0, 0, 0, 0, 0, 0, 0, 0.06666666666666667, 0.8, 0.06666666666666667, 0.06666666666666667], [0, 0, 0, 0, 0, 0, 0, 0, 0, 0, 0.1, 0.8, 0.1], [0, 0, 0, 0, 0, 0, 0, 0, 0, 0, 0, 0.2, 0.8], [1, 0, 0, 0, 0, 0, 0, 0, 0, 0, 0, 0, 0]], [[1, 0, 0, 0, 0, 0, 0, 0, 0, 0, 0, 0], [0, 0.005400159468100049, 0.012172709937651204, 0.06447519075313247, 0.029104032954871413, 0.0143935917221904, 0.12570429597233893, 0.49141255649624954, 0.16682634121842066, 0.08541268272398247, 0.005098438753062825, 0], [0, 0.011060892276275531, 0.006426218576954368, 0.04648715961278875, 0.02056312343955736, 0.00855208884643843, 0.0648549690548692, 0.667892499402747, 0.11256279813941984, 0.05312961622735324, 0.008470634423596489, 0], [0, 0.008275572389651391, 0.01480767466140777, 0.012446073211287684, 0.007376498871250081, 0.013342809875669194, 0.000894962795341825, 0.702571882436328, 0.2234223563476102, 0.010843397087958295, 0.0060187723234957115, 0], [0, 0.01084069224922732, 0.005302410174717922, 0.009523159806191594, 0.009904549982412305, 0.007729342959139647, 0.004717067019604529, 0.5875416357666849, 0.34481543557497385, 0.016688871020645733, 0.00293683544640226, 0], [0, 0.007493406183580872, 0.005797898124607324, 0.007503561613529654, 0.007316558071720435, 0.01787838564025678, 0.005602996349784124, 0.441952677179307, 0.4875193135512962, 0.013526627949047293, 0.00540857533687041, 0], [0, 0.003041471652223805, 0.025492052212477714, 0.0045329831268151, 0.0010970078995149537, 0.0002923911874060823, 0.0265442466988992, 0.45623862317635205, 0.45529729308438865, 0.011767184944892945, 0.015696746017029535, 0], [0, 0.014442448878554642, 0.008781614814620031, 0.0034471701674662447, 0.007694743204849125, 0.013184093399536486, 0.012462030371080776, 0.44736623144653626, 0.4773726461530973, 0.014059043754859024, 0.0011899778094000505, 0], [0, 0.012116507275723321, 0.006832692938630857, 0.005520103211517371, 0.017302697710575264, 0.0064316678628769195, 0.008218821556370864, 0.48775343912895414, 0.42893967655455884, 0.018513648632999605, 0.008370745127792852, 0], [0, 0.015460065550882933, 0.01427204640224865, 0.00037037229311760045, 0.0061760702547913335, 0.016030886941109896, 0.002467681063709179, 0.4656350154813456, 0.39816663101466104, 0.0721809665649264, 0.009240264433207227, 0], [0, 0.005289180673707296, 0.0056065516349851656, 0.013777993569227634, 0.0023259936141643957, 0.01780390584720772, 0.006065687308023809, 0.44337003305806605, 0.342447027866854, 0.1484587424729624, 0.014854883954801577, 0], [0, 0.011714684948924022, 0.005791099792555363, 0.015764694585452443, 0.0031387755300703005, 0.007259098920327817, 0.0006109645955868332, 0.31558456552875264, 0.33592002486389083, 0.29429849841329897, 0.009917592821140749, 0], [0, 0, 0, 0, 0, 0, 0, 0, 0, 0, 0, 1]], [\'@\', \'a\', \'b\', \'c\', \'d\', \'e\', \'f\', \'g\', \'h\', \'i\', \'j\', \'$\'])", "([1, 0, 0, 0, 0, 0, 0, 0, 0, 0, 0, 0, 0], [[0, 1, 0, 0, 0, 0, 0, 0, 0, 0, 0, 0, 0], [0, 0.018181818181818184, 0.8, 0.018181818181818184, 0.018181818181818184, 0.018181818181818184, 0.018181818181818184, 0.018181818181818184, 0.018181818181818184, 0.018181818181818184, 0.018181818181818184, 0.018181818181818184, 0.018181818181818184], [0, 0, 0.02, 0.8, 0.02, 0.02, 0.02, 0.02, 0.02, 0.02, 0.02, 0.02, 0.02], [0, 0, 0, 0.022222222222222223, 0.8, 0.022222222222222223, 0.022222222222222223, 0.022222222222222223, 0.022222222222222223, 0.022222222222222223, 0.022222222222222223, 0.022222222222222223, 0.022222222222222223], [0, 0, 0, 0, 0.025, 0.8, 0.025, 0.025, 0.025, 0.025, 0.025, 0.025, 0.025], [0, 0, 0, 0, 0, 0.028571428571428574, 0.8, 0.028571428571428574, 0.028571428571428574, 0.028571428571428574, 0.028571428571428574, 0.028571428571428574, 0.028571428571428574], [0, 0, 0, 0, 0, 0, 0.03333333333333333, 0.8, 0.03333333333333333, 0.03333333333333333, 0.03333333333333333, 0.03333333333333333, 0.03333333333333333], [0, 0, 0, 0, 0, 0, 0, 0.04, 0.8, 0.04, 0.04, 0.04, 0.04], [0, 0, 0, 0, 0, 0, 0, 0, 0.05, 0.8, 0.05, 0.05, 0.05], [0, 0, 0, 0, 0, 0, 0, 0, 0, 0.06666666666666667, 0.8, 0.06666666666666667, 0.06666666666666667], [0, 0, 0, 0, 0, 0, 0, 0, 0, 0, 0.1, 0.8, 0.1], [0, 0, 0, 0, 0, 0, 0, 0, 0, 0, 0, 0.2, 0.8], [1, 0, 0, 0, 0, 0, 0, 0, 0, 0, 0, 0, 0]], [[1, 0, 0, 0, 0, 0, 0, 0, 0, 0, 0, 0], [0, 0.015606832364854027, 0.007034999571328521, 0.004374105060272424, 0.008273422196102704, 0.001964919489973062, 0.006289427677642736, 0.881510689282406, 0.04431429276434756, 0.026366972782967416, 0.0042643388101054665, 0], [0, 0.010607407535703977, 0.01986197175233024, 0.009511729834985943, 0.0052363782492611715, 0.015004322886754129, 0.008964903654215059, 0.9097917986534373, 0.0003088627372954113, 0.01642965107138855, 0.0042829736246281, 0], [0, 0.015049133605836748, 0.003184301916426255, 0.004494254263578599, 0.006150471187208194, 0.018650984486881232, 0.014560282470638489, 0.8889585530239914, 0.027360049473367745, 0.020485248954195998, 0.0011067206178752775, 0], [0, 0.012061299296759743, 0.010036226762290984, 0.002194877351722175, 0.009855169615075713, 0.013461321043548842, 0.004057053691289976, 0.8748732955468449, 0.045855656968429366, 0.022453273670744758, 0.005151826053293593, 0], [0, 0.007518176637679804, 0.014480576204558938, 0.006415087485178547, 0.0015105611565046026, 0.0016015488539744762, 0.0005115630349888551, 0.848498007499983, 0.05446637115984281, 0.03917559572554462, 0.025822512241744415, 0], [0, 0.016482489036163662, 0.0074355501116723285, 0.014049493688949609, 0.013288849051466373, 0.002633188159265613, 0.005627312951373654, 0.8686554741354365, 0.04591375355856343, 0.020114923664190078, 0.00579896564291875, 0], [0, 0.013532341030604215, 0.0016005838279727921, 0.015276370885653912, 0.009137079310982264, 0.010776438979295777, 0.007378631270633859, 0.8579556691234635, 0.06832444784088716, 0.004721985401713598, 0.011296452328792915, 0], [0, 0.008293272970846146, 0.0020038981687120483, 0.003003312224561615, 0.015221492280704343, 0.013018893329041522, 0.010837897604103879, 0.8665242184827381, 0.0527645976859798, 0.017229815043420974, 0.011102602209891552, 0], [0, 0.014408405179799438, 0.002582218595488885, 0.004787073833719878, 0.016242903023477744, 0.005209184642440584, 0.012910248519708968, 0.912184623075236, 0.014790350663659187, 0.0038248925705154685, 0.01306009989595388, 0], [0, 0.013605300338033356, 0.010531688223349272, 0.004895505769821667, 0.013917808938022986, 0.013964996320771332, 0.003289261832582521, 0.8953872329397661, 0.02042323705379751, 0.013835222745879634, 0.010149745837975644, 0], [0, 0.004521744869559816, 0.012044579539430294, 0.013428358265186553, 0.006118134866646523, 0.012760930192267927, 0.0077050320014421, 0.8420041821567414, 0.05754980302770738, 0.02874053783514737, 0.0151266972458708, 0], [0, 0, 0, 0, 0, 0, 0, 0, 0, 0, 0, 1]], [\'@\', \'a\', \'b\', \'c\', \'d\', \'e\', \'f\', \'g\', \'h\', \'i\', \'j\', \'$\'])", "([1, 0, 0, 0, 0, 0, 0, 0, 0, 0, 0, 0, 0], [[0, 1, 0, 0, 0, 0, 0, 0, 0, 0, 0, 0, 0], [0, 0.018181818181818184, 0.8, 0.018181818181818184, 0.018181818181818184, 0.018181818181818184, 0.018181818181818184, 0.018181818181818184, 0.018181818181818184, 0.018181818181818184, 0.018181818181818184, 0.018181818181818184, 0.018181818181818184], [0, 0, 0.02, 0.8, 0.02, 0.02, 0.02, 0.02, 0.02, 0.02, 0.02, 0.02, 0.02], [0, 0, 0, 0.022222222222222223, 0.8, 0.022222222222222223, 0.022222222222222223, 0.022222222222222223, 0.022222222222222223, 0.022222222222222223, 0.022222222222222223, 0.022222222222222223, 0.022222222222222223], [0, 0, 0, 0, 0.025, 0.8, 0.025, 0.025, 0.025, 0.025, 0.025, 0.025, 0.025], [0, 0, 0, 0, 0, 0.028571428571428574, 0.8, 0.028571428571428574, 0.028571428571428574, 0.028571428571428574, 0.028571428571428574, 0.028571428571428574, 0.028571428571428574], [0, 0, 0, 0, 0, 0, 0.03333333333333333, 0.8, 0.03333333333333333, 0.03333333333333333, 0.03333333333333333, 0.03333333333333333, 0.03333333333333333], [0, 0, 0, 0, 0, 0, 0, 0.04, 0.8, 0.04, 0.04, 0.04, 0.04], [0, 0, 0, 0, 0, 0, 0, 0, 0.05, 0.8, 0.05, 0.05, 0.05], [0, 0, 0, 0, 0, 0, 0, 0, 0, 0.06666666666666667, 0.8, 0.06666666666666667, 0.06666666666666667], [0, 0, 0, 0, 0, 0, 0, 0, 0, 0, 0.1, 0.8, 0.1], [0, 0, 0, 0, 0, 0, 0, 0, 0, 0, 0, 0.2, 0.8], [1, 0, 0, 0, 0, 0, 0, 0, 0, 0, 0, 0, 0]], [[1, 0, 0, 0, 0, 0, 0, 0, 0, 0, 0, 0], [0, 0.018304106458742014, 0.00798775095759122, 0.03787765717406609, 0.0641736150729658, 0.004145651200015673, 0.09218191328434906, 0.30259509232822246, 0.22169428174333836, 0.24804416725520995, 0.0029957645254992597, 0], [0, 0.00553298171104265, 0.000384697903903275, 0.010972515470114758, 0.016140210814886053, 0.008006245610566363, 0.04693975677733916, 0.6056848883068684, 0.21137410829171777, 0.0682694077729735, 0.026695187340588233, 0], [0, 0.0011420205877584037, 0.009361900357935365, 0.01872209520563625, 0.005796967842003767, 0.007591523484441456, 0.00024695923982738033, 0.3274001622533782, 0.2441639648700278, 0.36890688722836434, 0.01666751893062708, 0], [0, 0.005787407118265151, 0.008552142066966036, 0.01005316055998936, 0.014223336797911322, 0.01062208213062633, 0.009291007776027097, 0.15324842718433188, 0.26333166518359924, 0.5106379761545438, 0.014252795027739757, 0], [0, 0.009610733179971104, 0.00838498658072096, 0.005274700282514631, 0.011547622109185906, 0.012548503511537088, 0.012672107476278902, 0.11298026437950014, 0.2037921849008545, 0.6160090618112061, 0.00717983576823066, 0], [0, 0.0052878704812884215, 0.008587992270315209, 0.007890018432016085, 0.0057001902989614285, 0.007702822059781143, 0.0140026763306149, 0.06121904664771407, 0.21438308473094148, 0.6615571019342891, 0.013669196814078183, 0], [0, 0.0049396748343970365, 0.012325731502678731, 0.014116850212060451, 0.0036819616427428157, 0.011490323049591317, 0.007970262932600381, 0.13202548012098866, 0.20516576111644352, 0.6022325854413748, 0.006051369147122378, 0], [0, 0.012716116532992632, 0.014347443834315193, 0.0024560385833809124, 0.0025243594218985576, 0.013465057309668394, 0.008053098077402657, 0.388996518336318, 0.2492795903157586, 0.2927143522394277, 0.015447425348837305, 0], [0, 0.01599144553029047, 0.0020958994630711947, 0.005926793125038804, 0.018929065491977367, 0.006884178332184772, 0.011421915878907696, 0.503497864612636, 0.1981242492387736, 0.2322941255237897, 0.004834462803330428, 0], [0, 0.0021624458758620433, 0.017455228712801765, 0.018821195345182607, 0.0018369569168340532, 0.007946320076218004, 0.012563343829563698, 0.6319126208068916, 0.17002844809300222, 0.13296671967721804, 0.004306720666425951, 0], [0, 0.0038876651118886617, 0.002147787105390986, 0.0480704816384751, 0.021602473942565686, 0.0031890234565759377, 0.015155447456451065, 0.5321614906057901, 0.1731292941219602, 0.1888303665697789, 0.011825969991123406, 0], [0, 0, 0, 0, 0, 0, 0, 0, 0, 0, 0, 1]], [\'@\', \'a\', \'b\', \'c\', \'d\', \'e\', \'f\', \'g\', \'h\', \'i\', \'j\', \'$\'])", "([1, 0, 0, 0, 0, 0, 0, 0, 0, 0, 0, 0, 0], [[0, 1, 0, 0, 0, 0, 0, 0, 0, 0, 0, 0, 0], [0, 0.018181818181818184, 0.8, 0.018181818181818184, 0.018181818181818184, 0.018181818181818184, 0.018181818181818184, 0.018181818181818184, 0.018181818181818184, 0.018181818181818184, 0.018181818181818184, 0.018181818181818184, 0.018181818181818184], [0, 0, 0.02, 0.8, 0.02, 0.02, 0.02, 0.02, 0.02, 0.02, 0.02, 0.02, 0.02], [0, 0, 0, 0.022222222222222223, 0.8, 0.022222222222222223, 0.022222222222222223, 0.022222222222222223, 0.022222222222222223, 0.022222222222222223, 0.022222222222222223, 0.022222222222222223, 0.022222222222222223], [0, 0, 0, 0, 0.025, 0.8, 0.025, 0.025, 0.025, 0.025, 0.025, 0.025, 0.025], [0, 0, 0, 0, 0, 0.028571428571428574, 0.8, 0.028571428571428574, 0.028571428571428574, 0.028571428571428574, 0.028571428571428574, 0.028571428571428574, 0.028571428571428574], [0, 0, 0, 0, 0, 0, 0.03333333333333333, 0.8, 0.03333333333333333, 0.03333333333333333, 0.03333333333333333, 0.03333333333333333, 0.03333333333333333], [0, 0, 0, 0, 0, 0, 0, 0.04, 0.8, 0.04, 0.04, 0.04, 0.04], [0, 0, 0, 0, 0, 0, 0, 0, 0.05, 0.8, 0.05, 0.05, 0.05], [0, 0, 0, 0, 0, 0, 0, 0, 0, 0.06666666666666667, 0.8, 0.06666666666666667, 0.06666666666666667], [0, 0, 0, 0, 0, 0, 0, 0, 0, 0, 0.1, 0.8, 0.1], [0, 0, 0, 0, 0, 0, 0, 0, 0, 0, 0, 0.2, 0.8], [1, 0, 0, 0, 0, 0, 0, 0, 0, 0, 0, 0, 0]], [[1, 0, 0, 0, 0, 0, 0, 0, 0, 0, 0, 0], [0, 0.008511428328963263, 0.015136690884113032, 0.026380626655737288, 0.06192703313837784, 0.00039688675441818476, 0.03062732746708731, 0.19263211866351104, 0.43599672384218824, 0.19185695123849172, 0.03653421302711203, 0], [0, 0.0027465837551733773, 0.006866796833597502, 0.03466197165692055, 0.0879101848100796, 0.012959959419594538, 0.035096104191177084, 0.3679228033200902, 0.30620009210181715, 0.12854119254930196, 0.017094311362247986, 0], [0, 0.015723364531413254, 0.002617595034863486, 0.08431585397033271, 0.06442673314862073, 0.009469336595518522, 0.06390955312072005, 0.47754412163376403, 0.18968105167511096, 0.07653247736824419, 0.015779912921412075, 0], [0, 0.016469337978415443, 0.011209491676588341, 0.058824110867011344, 0.09448399990618975, 0.004252456478794181, 0.11092537582097056, 0.4725183192001713, 0.16661854063065024, 0.04483730679615139, 0.019861060645057455, 0], [0, 0.021606929653029402, 0.0006037109886907966, 0.07956151342469493, 0.08273083359990843, 0.011038464745579707, 0.13266516263967518, 0.4742121145235435, 0.14705986400240095, 0.0352335606408219, 0.015287845781655155, 0], [0, 0.012905216277508229, 0.012597303449504691, 0.11214638048931788, 0.1290406375868903, 0.004321681757691941, 0.1415254240921683, 0.44322613720782345, 0.10141262956528029, 0.038824828978624215, 0.003999760595190534, 0], [0, 0.006530133879002842, 0.018865100208041566, 0.06421430240983826, 0.0911179329591626, 0.01712358061794691, 0.10911634934356186, 0.5496292251283609, 0.09689569421868878, 0.030540453198197245, 0.015967228037198914, 0], [0, 0.009981485292395415, 0.0022498156759086616, 0.06808683900325911, 0.07702719767047321, 0.01898461218084175, 0.10940975572306726, 0.523353258138178, 0.12500702281450773, 0.06134663379244984, 0.0045533797089191835, 0], [0, 0.0034235568576428967, 0.007629388775767728, 0.049545665655590355, 0.09196875922043317, 0.014136859992756084, 0.040772573753585416, 0.5118856575455251, 0.18042262565136355, 0.08423465052269521, 0.015980262024640514, 0], [0, 0.013973812825199687, 0.01513935632497152, 0.037184068008980165, 0.040277952156618425, 0.007057569370242325, 0.05921919264431691, 0.5031733565998385, 0.19779036815294082, 0.1108314124529103, 0.01535291146398129, 0], [0, 0.010401646752284034, 0.0038594645778108837, 0.069168348024868, 0.05006709123620907, 0.011078792188210625, 0.07088502595077249, 0.29394489683473696, 0.2636559316159368, 0.19580733725111066, 0.031131465568060315, 0], [0, 0, 0, 0, 0, 0, 0, 0, 0, 0, 0, 1]], [\'@\', \'a\', \'b\', \'c\', \'d\', \'e\', \'f\', \'g\', \'h\', \'i\', \'j\', \'$\'])", "([1, 0, 0, 0, 0, 0, 0, 0, 0, 0, 0, 0, 0], [[0, 1, 0, 0, 0, 0, 0, 0, 0, 0, 0, 0, 0], [0, 0.018181818181818184, 0.8, 0.018181818181818184, 0.018181818181818184, 0.018181818181818184, 0.018181818181818184, 0.018181818181818184, 0.018181818181818184, 0.018181818181818184, 0.018181818181818184, 0.018181818181818184, 0.018181818181818184], [0, 0, 0.02, 0.8, 0.02, 0.02, 0.02, 0.02, 0.02, 0.02, 0.02, 0.02, 0.02], [0, 0, 0, 0.022222222222222223, 0.8, 0.022222222222222223, 0.022222222222222223, 0.022222222222222223, 0.022222222222222223, 0.022222222222222223, 0.022222222222222223, 0.022222222222222223, 0.022222222222222223], [0, 0, 0, 0, 0.025, 0.8, 0.025, 0.025, 0.025, 0.025, 0.025, 0.025, 0.025], [0, 0, 0, 0, 0, 0.028571428571428574, 0.8, 0.028571428571428574, 0.028571428571428574, 0.028571428571428574, 0.028571428571428574, 0.028571428571428574, 0.028571428571428574], [0, 0, 0, 0, 0, 0, 0.03333333333333333, 0.8, 0.03333333333333333, 0.03333333333333333, 0.03333333333333333, 0.03333333333333333, 0.03333333333333333], [0, 0, 0, 0, 0, 0, 0, 0.04, 0.8, 0.04, 0.04, 0.04, 0.04], [0, 0, 0, 0, 0, 0, 0, 0, 0.05, 0.8, 0.05, 0.05, 0.05], [0, 0, 0, 0, 0, 0, 0, 0, 0, 0.06666666666666667, 0.8, 0.06666666666666667, 0.06666666666666667], [0, 0, 0, 0, 0, 0, 0, 0, 0, 0, 0.1, 0.8, 0.1], [0, 0, 0, 0, 0, 0, 0, 0, 0, 0, 0, 0.2, 0.8], [1, 0, 0, 0, 0, 0, 0, 0, 0, 0, 0, 0, 0]], [[1, 0, 0, 0, 0, 0, 0, 0, 0, 0, 0, 0], [0, 0.0037763126528653733, 0.00011569685705110028, 0.01412748990740774, 0.013887244909290174, 0.009001857740119143, 0.0008859748096615616, 0.6168943027093923, 0.21737945280412888, 0.10649105944128384, 0.017440608168800043, 0], [0, 0.006774529470826029, 0.008601292680754376, 0.0056401656176720254, 0.011055781699726716, 0.016379050769317078, 0.006244981405410517, 0.726137692684732, 0.17539838667552685, 0.04062495709248691, 0.003143161903547424, 0], [0, 0.002964102497201893, 0.013921263862619597, 0.01722819671660895, 0.006968958564990394, 0.008600045077103952, 0.003379897125961104, 0.5051922624119027, 0.169887892860061, 0.18961436827897563, 0.08224301260457484, 0], [0, 0.007322721294416309, 0.007992862447855357, 0.0031048559285129177, 0.0005884560776934404, 0.0027117958614073716, 0.023997233196777417, 0.33908949787595555, 0.17214198275976972, 0.27454735650920353, 0.16850323804840844, 0], [0, 0.007836561120260996, 0.01764504732534896, 0.01159173064444641, 0.005576937083420498, 0.003442692601404452, 0.0013646724257002807, 0.2700198519121287, 0.21579542487486042, 0.27794274693810644, 0.18878433507432285, 0], [0, 0.005577510799452162, 0.005832719763473412, 0.01249565409304907, 0.015652787328696655, 0.009648396396429148, 0.0023251770667219803, 0.3353250562916829, 0.2030070372265753, 0.2278304708449991, 0.18230519018892039, 0], [0, 0.0051723168916315, 0.012851608889955162, 0.003404358620752358, 0.008361203237406552, 0.007112653160296962, 0.0005831554114353894, 0.42188913445215265, 0.22302833170655917, 0.22199709691219635, 0.09560014071761389, 0], [0, 0.015277691487668993, 0.006720530352474927, 0.008552403240114604, 0.01122649304239473, 0.015108775061872845, 0.0022421322688130282, 0.6769702491043388, 0.1482385827673047, 0.06819046548248381, 0.047472677192533494, 0], [0, 0.00862237135857002, 0.008504644365285486, 0.009877937080162102, 0.006814038781264922, 0.008568271251252398, 0.011312859900055093, 0.8412330967900626, 0.07798227316731365, 0.012606632962204356, 0.014477874343829298, 0], [0, 0.014776443731311352, 0.004675645457924253, 0.006635312467776823, 0.011495121531109157, 0.006136428276006837, 0.013614639853052024, 