((11, 4.6, 'ORIENTATION', 0.5), '([\'AAAAAAAAAAA\', \'BBBBBBBBBBB\', \'CCCCCCCCCCC\', \'DDDDDDDDDDD\', \'EEEEEEEEEEE\', \'FFFFFFFFFFF\', \'GGGGGGGGGGG\', \'HHHHHHHHHHH\', \'IIIIIIIIIII\', \'JJJJJJJJJJJ\', \'KKKKKKKKKKK\', \'LLLLLLLLLLL\', \'MMMMMMMMMMM\', \'NNNNNNNNNNN\', \'OOOOOOOOOOO\', \'PPPPPPPPPPP\', \'QQQQQQQQQQQ\', \'RRRRRRRRRRR\', \'SSSSSSSSSSS\', \'TTTTTTTTTTT\', \'UUUUUUUUUUU\', \'VVVVVVVVVVV\', \'WWWWWWWWWWW\', \'XXXXXXXXXXX\', \'YYYYYYYYYYY\', \'ZZZZZZZZZZZ\'], ["([1, 0, 0, 0, 0, 0, 0, 0, 0, 0, 0, 0, 0], [[0, 1, 0, 0, 0, 0, 0, 0, 0, 0, 0, 0, 0], [0, 0.018181818181818184, 0.8, 0.018181818181818184, 0.018181818181818184, 0.018181818181818184, 0.018181818181818184, 0.018181818181818184, 0.018181818181818184, 0.018181818181818184, 0.018181818181818184, 0.018181818181818184, 0.018181818181818184], [0, 0, 0.02, 0.8, 0.02, 0.02, 0.02, 0.02, 0.02, 0.02, 0.02, 0.02, 0.02], [0, 0, 0, 0.022222222222222223, 0.8, 0.022222222222222223, 0.022222222222222223, 0.022222222222222223, 0.022222222222222223, 0.022222222222222223, 0.022222222222222223, 0.022222222222222223, 0.022222222222222223], [0, 0, 0, 0, 0.025, 0.8, 0.025, 0.025, 0.025, 0.025, 0.025, 0.025, 0.025], [0, 0, 0, 0, 0, 0.028571428571428574, 0.8, 0.028571428571428574, 0.028571428571428574, 0.028571428571428574, 0.028571428571428574, 0.028571428571428574, 0.028571428571428574], [0, 0, 0, 0, 0, 0, 0.03333333333333333, 0.8, 0.03333333333333333, 0.03333333333333333, 0.03333333333333333, 0.03333333333333333, 0.03333333333333333], [0, 0, 0, 0, 0, 0, 0, 0.04, 0.8, 0.04, 0.04, 0.04, 0.04], [0, 0, 0, 0, 0, 0, 0, 0, 0.05, 0.8, 0.05, 0.05, 0.05], [0, 0, 0, 0, 0, 0, 0, 0, 0, 0.06666666666666667, 0.8, 0.06666666666666667, 0.06666666666666667], [0, 0, 0, 0, 0, 0, 0, 0, 0, 0, 0.1, 0.8, 0.1], [0, 0, 0, 0, 0, 0, 0, 0, 0, 0, 0, 0.2, 0.8], [1, 0, 0, 0, 0, 0, 0, 0, 0, 0, 0, 0, 0]], [[1, 0, 0, 0, 0], [0, 0.8858325247274788, 0.08370823142812006, 0.030459243844401202, 0], [0, 0.9039916931919788, 0.06588144122465674, 0.03012686558336447, 0], [0, 0.8971881958676134, 0.08226545040218573, 0.020546353730200737, 0], [0, 0.8283760759684698, 0.16908631588136472, 0.0025376081501653873, 0], [0, 0.6049988454411194, 0.3183830093896299, 0.07661814516925068, 0], [0, 0.20480612987756824, 0.7142216586345256, 0.08097221148790613, 0], [0, 0.04243062955850621, 0.8809459776828981, 0.0766233927585957, 0], [0, 0.02504627932712742, 0.9652325547814333, 0.0097211658914393, 0], [0, 0.004864768066092129, 0.9446724506889967, 0.05046278124491119, 0], [0, 0.11376917060991125, 0.8067472567341979, 0.07948357265589084, 0], [0, 0.1269362035415338, 0.7628024471098077, 0.11026134934865851, 0], [0, 0, 0, 0, 1]], [\'@\', \'L\', \'S\', \'N\', \'$\'])", "([1, 0, 0, 0, 0, 0, 0, 0, 0, 0, 0, 0, 0], [[0, 1, 0, 0, 0, 0, 0, 0, 0, 0, 0, 0, 0], [0, 0.018181818181818184, 0.8, 0.018181818181818184, 0.018181818181818184, 0.018181818181818184, 0.018181818181818184, 0.018181818181818184, 0.018181818181818184, 0.018181818181818184, 0.018181818181818184, 0.018181818181818184, 0.018181818181818184], [0, 0, 0.02, 0.8, 0.02, 0.02, 0.02, 0.02, 0.02, 0.02, 0.02, 0.02, 0.02], [0, 0, 0, 0.022222222222222223, 0.8, 0.022222222222222223, 0.022222222222222223, 0.022222222222222223, 0.022222222222222223, 0.022222222222222223, 0.022222222222222223, 0.022222222222222223, 0.022222222222222223], [0, 0, 0, 0, 0.025, 0.8, 0.025, 0.025, 0.025, 0.025, 0.025, 0.025, 0.025], [0, 0, 0, 0, 0, 0.028571428571428574, 0.8, 0.028571428571428574, 0.028571428571428574, 0.028571428571428574, 0.028571428571428574, 0.028571428571428574, 0.028571428571428574], [0, 0, 0, 0, 0, 0, 0.03333333333333333, 0.8, 0.03333333333333333, 0.03333333333333333, 0.03333333333333333, 0.03333333333333333, 0.03333333333333333], [0, 0, 0, 0, 0, 0, 0, 0.04, 0.8, 0.04, 0.04, 0.04, 0.04], [0, 0, 0, 0, 0, 0, 0, 0, 0.05, 0.8, 0.05, 0.05, 0.05], [0, 0, 0, 0, 0, 0, 0, 0, 0, 0.06666666666666667, 0.8, 0.06666666666666667, 0.06666666666666667], [0, 0, 0, 0, 0, 0, 0, 0, 0, 0, 0.1, 0.8, 0.1], [0, 0, 0, 0, 0, 0, 0, 0, 0, 0, 0, 0.2, 0.8], [1, 0, 0, 0, 0, 0, 0, 0, 0, 0, 0, 0, 0]], [[1, 0, 0, 0, 0], [0, 0.7298454853510982, 0.16626392031201578, 0.10389059433688597, 0], [0, 0.6184595867892279, 0.23244382738550037, 0.14909658582527174, 0], [0, 0.5363068306891317, 0.31567502450806423, 0.1480181448028041, 0], [0, 0.4065131796915823, 0.37797875410354803, 0.2155080662048697, 0], [0, 0.27007696125033775, 0.4687929418392821, 0.26113009691038014, 0], [0, 0.23150473774335553, 0.5529711176106206, 0.21552414464602396, 0], [0, 0.09453638618006752, 0.6310208076492092, 0.27444280617072336, 0], [0, 0.06515371541680232, 0.7725173032362358, 0.16232898134696183, 0], [0, 0.04266449814893413, 0.8484854905102684, 0.10885001134079735, 0], [0, 0.05239498877090639, 0.9040400435681792, 0.043564967660914465, 0], [0, 0.03242718579411594, 0.903655866447135, 0.06391694775874902, 0], [0, 0, 0, 0, 1]], [\'@\', \'L\', \'S\', \'N\', \'$\'])", "([1, 0, 0, 0, 0, 0, 0, 0, 0, 0, 0, 0, 0], [[0, 1, 0, 0, 0, 0, 0, 0, 0, 0, 0, 0, 0], [0, 0.018181818181818184, 0.8, 0.018181818181818184, 0.018181818181818184, 0.018181818181818184, 0.018181818181818184, 0.018181818181818184, 0.018181818181818184, 0.018181818181818184, 0.018181818181818184, 0.018181818181818184, 0.018181818181818184], [0, 0, 0.02, 0.8, 0.02, 0.02, 0.02, 0.02, 0.02, 0.02, 0.02, 0.02, 0.02], [0, 0, 0, 0.022222222222222223, 0.8, 0.022222222222222223, 0.022222222222222223, 0.022222222222222223, 0.022222222222222223, 0.022222222222222223, 0.022222222222222223, 0.022222222222222223, 0.022222222222222223], [0, 0, 0, 0, 0.025, 0.8, 0.025, 0.025, 0.025, 0.025, 0.025, 0.025, 0.025], [0, 0, 0, 0, 0, 0.028571428571428574, 0.8, 0.028571428571428574, 0.028571428571428574, 0.028571428571428574, 0.028571428571428574, 0.028571428571428574, 0.028571428571428574], [0, 0, 0, 0, 0, 0, 0.03333333333333333, 0.8, 0.03333333333333333, 0.03333333333333333, 0.03333333333333333, 0.03333333333333333, 0.03333333333333333], [0, 0, 0, 0, 0, 0, 0, 0.04, 0.8, 0.04, 0.04, 0.04, 0.04], [0, 0, 0, 0, 0, 0, 0, 0, 0.05, 0.8, 0.05, 0.05, 0.05], [0, 0, 0, 0, 0, 0, 0, 0, 0, 0.06666666666666667, 0.8, 0.06666666666666667, 0.06666666666666667], [0, 0, 0, 0, 0, 0, 0, 0, 0, 0, 0.1, 0.8, 0.1], [0, 0, 0, 0, 0, 0, 0, 0, 0, 0, 0, 0.2, 0.8], [1, 0, 0, 0, 0, 0, 0, 0, 0, 0, 0, 0, 0]], [[1, 0, 0, 0, 0], [0, 0.9404008063788251, 0.015592164211219225, 0.04400702940995574, 0], [0, 0.9193222686533361, 0.06859078815057888, 0.012086943196084948, 0], [0, 0.9199782166699546, 0.03624575314231188, 0.043776030187733656, 0], [0, 0.8414054585867137, 0.05757954115109973, 0.10101500026218659, 0], [0, 0.6099299855024417, 0.09316734408714929, 0.29690267041040896, 0], [0, 0.5030288009602651, 0.1359789119676065, 0.36099228707212827, 0], [0, 0.29858603070868284, 0.3291870208424205, 0.37222694844889664, 0], [0, 0.20941249308714943, 0.553657434037289, 0.23693007287556167, 0], [0, 0.13610546681502558, 0.5659048850611783, 0.297989648123796, 0], [0, 0.24190132353577143, 0.5660975088875714, 0.1920011675766572, 0], [0, 0.22039056047957986, 0.5322487458741287, 0.24736069364629143, 0], [0, 0, 0, 0, 1]], [\'@\', \'L\', \'S\', \'N\', \'$\'])", "([1, 0, 0, 0, 0, 0, 0, 0, 0, 0, 0, 0, 0], [[0, 1, 0, 0, 0, 0, 0, 0, 0, 0, 0, 0, 0], [0, 0.018181818181818184, 0.8, 0.018181818181818184, 0.018181818181818184, 0.018181818181818184, 0.018181818181818184, 0.018181818181818184, 0.018181818181818184, 0.018181818181818184, 0.018181818181818184, 0.018181818181818184, 0.018181818181818184], [0, 0, 0.02, 0.8, 0.02, 0.02, 0.02, 0.02, 0.02, 0.02, 0.02, 0.02, 0.02], [0, 0, 0, 0.022222222222222223, 0.8, 0.022222222222222223, 0.022222222222222223, 0.022222222222222223, 0.022222222222222223, 0.022222222222222223, 0.022222222222222223, 0.022222222222222223, 0.022222222222222223], [0, 0, 0, 0, 0.025, 0.8, 0.025, 0.025, 0.025, 0.025, 0.025, 0.025, 0.025], [0, 0, 0, 0, 0, 0.028571428571428574, 0.8, 0.028571428571428574, 0.028571428571428574, 0.028571428571428574, 0.028571428571428574, 0.028571428571428574, 0.028571428571428574], [0, 0, 0, 0, 0, 0, 0.03333333333333333, 0.8, 0.03333333333333333, 0.03333333333333333, 0.03333333333333333, 0.03333333333333333, 0.03333333333333333], [0, 0, 0, 0, 0, 0, 0, 0.04, 0.8, 0.04, 0.04, 0.04, 0.04], [0, 0, 0, 0, 0, 0, 0, 0, 0.05, 0.8, 0.05, 0.05, 0.05], [0, 0, 0, 0, 0, 0, 0, 0, 0, 0.06666666666666667, 0.8, 0.06666666666666667, 0.06666666666666667], [0, 0, 0, 0, 0, 0, 0, 0, 0, 0, 0.1, 0.8, 0.1], [0, 0, 0, 0, 0, 0, 0, 0, 0, 0, 0, 0.2, 0.8], [1, 0, 0, 0, 0, 0, 0, 0, 0, 0, 0, 0, 0]], [[1, 0, 0, 0, 0], [0, 0.5870908889824318, 0.1863330678147555, 0.22657604320281274, 0], [0, 0.49152526715328154, 0.3174127251589546, 0.19106200768776385, 0], [0, 0.32190216422002826, 0.31722697603910427, 0.36087085974086747, 0], [0, 0.15463524657134428, 0.4725762425756466, 0.372788510853009, 0], [0, 0.12951561760237526, 0.6759984635426407, 0.19448591885498404, 0], [0, 0.04009245991599773, 0.8903039546707512, 0.06960358541325104, 0], [0, 0.010348068100119094, 0.9087704372504071, 0.08088149464947383, 0], [0, 0.01899409445315837, 0.9689269832031598, 0.012078922343681789, 0], [0, 0.0357054135845142, 0.9230635970022588, 0.0412309894132269, 0], [0, 0.03137333579714276, 0.9410089796289621, 0.027617684573895004, 0], [0, 0.032952292733933325, 0.9342305928725876, 0.0328171143934791, 0], [0, 0, 0, 0, 1]], [\'@\', \'L\', \'S\', \'N\', \'$\'])", "([1, 0, 0, 0, 0, 0, 0, 0, 0, 0, 0, 0, 0], [[0, 1, 0, 0, 0, 0, 0, 0, 0, 0, 0, 0, 0], [0, 0.018181818181818184, 0.8, 0.018181818181818184, 0.018181818181818184, 0.018181818181818184, 0.018181818181818184, 0.018181818181818184, 0.018181818181818184, 0.018181818181818184, 0.018181818181818184, 0.018181818181818184, 0.018181818181818184], [0, 0, 0.02, 0.8, 0.02, 0.02, 0.02, 0.02, 0.02, 0.02, 0.02, 0.02, 0.02], [0, 0, 0, 0.022222222222222223, 0.8, 0.022222222222222223, 0.022222222222222223, 0.022222222222222223, 0.022222222222222223, 0.022222222222222223, 0.022222222222222223, 0.022222222222222223, 0.022222222222222223], [0, 0, 0, 0, 0.025, 0.8, 0.025, 0.025, 0.025, 0.025, 0.025, 0.025, 0.025], [0, 0, 0, 0, 0, 0.028571428571428574, 0.8, 0.028571428571428574, 0.028571428571428574, 0.028571428571428574, 0.028571428571428574, 0.028571428571428574, 0.028571428571428574], [0, 0, 0, 0, 0, 0, 0.03333333333333333, 0.8, 0.03333333333333333, 0.03333333333333333, 0.03333333333333333, 0.03333333333333333, 0.03333333333333333], [0, 0, 0, 0, 0, 0, 0, 0.04, 0.8, 0.04, 0.04, 0.04, 0.04], [0, 0, 0, 0, 0, 0, 0, 0, 0.05, 0.8, 0.05, 0.05, 0.05], [0, 0, 0, 0, 0, 0, 0, 0, 0, 0.06666666666666667, 0.8, 0.06666666666666667, 0.06666666666666667], [0, 0, 0, 0, 0, 0, 0, 0, 0, 0, 0.1, 0.8, 0.1], [0, 0, 0, 0, 0, 0, 0, 0, 0, 0, 0, 0.2, 0.8], [1, 0, 0, 0, 0, 0, 0, 0, 0, 0, 0, 0, 0]], [[1, 0, 0, 0, 0], [0, 0.5981673686151278, 0.22141675004425096, 0.1804158813406213, 0], [0, 0.3896557189325321, 0.30701784059188203, 0.30332644047558577, 0], [0, 0.26400631167349875, 0.29348005944718997, 0.4425136288793114, 0], [0, 0.22211612741889497, 0.32792567967273856, 0.44995819290836647, 0], [0, 0.1786851169378419, 0.37513173479502976, 0.4461831482671283, 0], [0, 0.10499607910685765, 0.37964049523286675, 0.5153634256602756, 0], [0, 0.08684431139149426, 0.42306995308046114, 0.49008573552804463, 0], [0, 0.1255979114389573, 0.5029382221768627, 0.37146386638418, 0], [0, 0.09367985184108298, 0.5676961579932235, 0.3386239901656936, 0], [0, 0.21332860415471627, 0.5858198741845237, 0.20085152166075992, 0], [0, 0.16019053074960685, 0.5184782993181963, 0.32133116993219674, 0], [0, 0, 0, 0, 1]], [\'@\', \'L\', \'S\', \'N\', \'$\'])", "([1, 0, 0, 0, 0, 0, 0, 0, 0, 0, 0, 0, 0], [[0, 1, 0, 0, 0, 0, 0, 0, 0, 0, 0, 0, 0], [0, 0.018181818181818184, 0.8, 0.018181818181818184, 0.018181818181818184, 0.018181818181818184, 0.018181818181818184, 0.018181818181818184, 0.018181818181818184, 0.018181818181818184, 0.018181818181818184, 0.018181818181818184, 0.018181818181818184], [0, 0, 0.02, 0.8, 0.02, 0.02, 0.02, 0.02, 0.02, 0.02, 0.02, 0.02, 0.02], [0, 0, 0, 0.022222222222222223, 0.8, 0.022222222222222223, 0.022222222222222223, 0.022222222222222223, 0.022222222222222223, 0.022222222222222223, 0.022222222222222223, 0.022222222222222223, 0.022222222222222223], [0, 0, 0, 0, 0.025, 0.8, 0.025, 0.025, 0.025, 0.025, 0.025, 0.025, 0.025], [0, 0, 0, 0, 0, 0.028571428571428574, 0.8, 0.028571428571428574, 0.028571428571428574, 0.028571428571428574, 0.028571428571428574, 0.028571428571428574, 0.028571428571428574], [0, 0, 0, 0, 0, 0, 0.03333333333333333, 0.8, 0.03333333333333333, 0.03333333333333333, 0.03333333333333333, 0.03333333333333333, 0.03333333333333333], [0, 0, 0, 0, 0, 0, 0, 0.04, 0.8, 0.04, 0.04, 0.04, 0.04], [0, 0, 0, 0, 0, 0, 0, 0, 0.05, 0.8, 0.05, 0.05, 0.05], [0, 0, 0, 0, 0, 0, 0, 0, 0, 0.06666666666666667, 0.8, 0.06666666666666667, 0.06666666666666667], [0, 0, 0, 0, 0, 0, 0, 0, 0, 0, 0.1, 0.8, 0.1], [0, 0, 0, 0, 0, 0, 0, 0, 0, 0, 0, 0.2, 0.8], [1, 0, 0, 0, 0, 0, 0, 0, 0, 0, 0, 0, 0]], [[1, 0, 0, 0, 0], [0, 0.4967620217012357, 0.333054691650371, 0.17018328664839333, 0], [0, 0.39631318472440064, 0.30893265692416344, 0.2947541583514359, 0], [0, 0.4048893923219991, 0.20160178753008773, 0.39350882014791316, 0], [0, 0.2279102539260763, 0.2234129699405076, 0.5486767761334161, 0], [0, 0.2133638113285616, 0.16924801061712658, 0.6173881780543118, 0], [0, 0.1597612352374901, 0.33420789045725546, 0.5060308743052544, 0], [0, 0.17638935028922817, 0.3689102391573725, 0.4547004105533993, 0], [0, 0.1228011977691236, 0.37228106602727407, 0.5049177362036024, 0], [0, 0.1762123338160795, 0.43215111360017133, 0.39163655258374913, 0], [0, 0.12805930584752964, 0.5203796263506967, 0.35156106780177365, 0], [0, 0.1858194382758096, 0.4180900367943914, 0.396090524929799, 0], [0, 0, 0, 0, 1]], [\'@\', \'L\', \'S\', \'N\', \'$\'])", "([1, 0, 0, 0, 0, 0, 0, 0, 0, 0, 0, 0, 0], [[0, 1, 0, 0, 0, 0, 0, 0, 0, 0, 0, 0, 0], [0, 0.018181818181818184, 0.8, 0.018181818181818184, 0.018181818181818184, 0.018181818181818184, 0.018181818181818184, 0.018181818181818184, 0.018181818181818184, 0.018181818181818184, 0.018181818181818184, 0.018181818181818184, 0.018181818181818184], [0, 0, 0.02, 0.8, 0.02, 0.02, 0.02, 0.02, 0.02, 0.02, 0.02, 0.02, 0.02], [0, 0, 0, 0.022222222222222223, 0.8, 0.022222222222222223, 0.022222222222222223, 0.022222222222222223, 0.022222222222222223, 0.022222222222222223, 0.022222222222222223, 0.022222222222222223, 0.022222222222222223], [0, 0, 0, 0, 0.025, 0.8, 0.025, 0.025, 0.025, 0.025, 0.025, 0.025, 0.025], [0, 0, 0, 0, 0, 0.028571428571428574, 0.8, 0.028571428571428574, 0.028571428571428574, 0.028571428571428574, 0.028571428571428574, 0.028571428571428574, 0.028571428571428574], [0, 0, 0, 0, 0, 0, 0.03333333333333333, 0.8, 0.03333333333333333, 0.03333333333333333, 0.03333333333333333, 0.03333333333333333, 0.03333333333333333], [0, 0, 0, 0, 0, 0, 0, 0.04, 0.8, 0.04, 0.04, 0.04, 0.04], [0, 0, 0, 0, 0, 0, 0, 0, 0.05, 0.8, 0.05, 0.05, 0.05], [0, 0, 0, 0, 0, 0, 0, 0, 0, 0.06666666666666667, 0.8, 0.06666666666666667, 0.06666666666666667], [0, 0, 0, 0, 0, 0, 0, 0, 0, 0, 0.1, 0.8, 0.1], [0, 0, 0, 0, 0, 0, 0, 0, 0, 0, 0, 0.2, 0.8], [1, 0, 0, 0, 0, 0, 0, 0, 0, 0, 0, 0, 0]], [[1, 0, 0, 0, 0], [0, 0.9387089236992838, 0.04938031530157683, 0.011910760999139264, 0], [0, 0.9458790762005668, 0.04098337503029106, 0.013137548769142122, 0], [0, 0.8968612450138176, 0.03195230619389807, 0.07118644879228439, 0], [0, 0.876317998474512, 0.010297614482817977, 0.11338438704267004, 0], [0, 0.8232246623342049, 0.05003076410260734, 0.1267445735631877, 0], [0, 0.6292700286600098, 0.09213136981680174, 0.2785986015231884, 0], [0, 0.3837828574274989, 0.2422720967405782, 0.37394504583192295, 0], [0, 0.30158076407426976, 0.4097202663385511, 0.28869896958717917, 0], [0, 0.15527833256063567, 0.6471912529820651, 0.19753041445729907, 0], [0, 0.07311504025126572, 0.7577850359022025, 0.16909992384653186, 0], [0, 0.08565007073415876, 0.6691657429231839, 0.24518418634265737, 0], [0, 0, 0, 0, 1]], [\'@\', \'L\', \'S\', \'N\', \'$\'])", "([1, 0, 0, 0, 0, 0, 0, 0, 0, 0, 0, 0, 0], [[0, 1, 0, 0, 0, 0, 0, 0, 0, 0, 0, 0, 0], [0, 0.018181818181818184, 0.8, 0.018181818181818184, 0.018181818181818184, 0.018181818181818184, 0.018181818181818184, 0.018181818181818184, 0.018181818181818184, 0.018181818181818184, 0.018181818181818184, 0.018181818181818184, 0.018181818181818184], [0, 0, 0.02, 0.8, 0.02, 0.02, 0.02, 0.02, 0.02, 0.02, 0.02, 0.02, 0.02], [0, 0, 0, 0.022222222222222223, 0.8, 0.022222222222222223, 0.022222222222222223, 0.022222222222222223, 0.022222222222222223, 0.022222222222222223, 0.022222222222222223, 0.022222222222222223, 0.022222222222222223], [0, 0, 0, 0, 0.025, 0.8, 0.025, 0.025, 0.025, 0.025, 0.025, 0.025, 0.025], [0, 0, 0, 0, 0, 0.028571428571428574, 0.8, 0.028571428571428574, 0.028571428571428574, 0.028571428571428574, 0.028571428571428574, 0.028571428571428574, 0.028571428571428574], [0, 0, 0, 0, 0, 0, 0.03333333333333333, 0.8, 0.03333333333333333, 0.03333333333333333, 0.03333333333333333, 0.03333333333333333, 0.03333333333333333], [0, 0, 0, 0, 0, 0, 0, 0.04, 0.8, 0.04, 0.04, 0.04, 0.04], [0, 0, 0, 0, 0, 0, 0, 0, 0.05, 0.8, 0.05, 0.05, 0.05], [0, 0, 0, 0, 0, 0, 0, 0, 0, 0.06666666666666667, 0.8, 0.06666666666666667, 0.06666666666666667], [0, 0, 0, 0, 0, 0, 0, 0, 0, 0, 0.1, 0.8, 0.1], [0, 0, 0, 0, 0, 0, 0, 0, 0, 0, 0, 0.2, 0.8], [1, 0, 0, 0, 0, 0, 0, 0, 0, 0, 0, 0, 0]], [[1, 0, 0, 0, 0], [0, 0.21738910764102265, 0.6746048685239433, 0.10800602383503408, 0], [0, 0.15023367553272654, 0.7057813505527464, 0.14398497391452703, 0], [0, 0.14163505618016056, 0.555317087582744, 0.30304785623709546, 0], [0, 0.15242261640408802, 0.43017716458217814, 0.41740021901373386, 0], [0, 0.14848857428549161, 0.40151812433207756, 0.44999330138243077, 0], [0, 0.21746550368903333, 0.3568342773252051, 0.42570021898576144, 0], [0, 0.3585959762460757, 0.40757644444852476, 0.23382757930539955, 0], [0, 0.3652001593555839, 0.4228024801281143, 0.21199736051630175, 0], [0, 0.37965190696154993, 0.5657821608893459, 0.054565932149104344, 0], [0, 0.3410154212161452, 0.615101418607018, 0.043883160176836855, 0], [0, 0.220816080140407, 0.6329634188620236, 0.14622050099756936, 0], [0, 0, 0, 0, 1]], [\'@\', \'L\', \'S\', \'N\', \'$\'])", "([1, 0, 0, 0, 0, 0, 0, 0, 0, 0, 0, 0, 0], [[0, 1, 0, 0, 0, 0, 0, 0, 0, 0, 0, 0, 0], [0, 0.018181818181818184, 0.8, 0.018181818181818184, 0.018181818181818184, 0.018181818181818184, 0.018181818181818184, 0.018181818181818184, 0.018181818181818184, 0.018181818181818184, 0.018181818181818184, 0.018181818181818184, 0.018181818181818184], [0, 0, 0.02, 0.8, 0.02, 0.02, 0.02, 0.02, 0.02, 0.02, 0.02, 0.02, 0.02], [0, 0, 0, 0.022222222222222223, 0.8, 0.022222222222222223, 0.022222222222222223, 0.022222222222222223, 0.022222222222222223, 0.022222222222222223, 0.022222222222222223, 0.022222222222222223, 0.022222222222222223], [0, 0, 0, 0, 0.025, 0.8, 0.025, 0.025, 0.025, 0.025, 0.025, 0.025, 0.025], [0, 0, 0, 0, 0, 0.028571428571428574, 0.8, 0.028571428571428574, 0.028571428571428574, 0.028571428571428574, 0.028571428571428574, 0.028571428571428574, 0.028571428571428574], [0, 0, 0, 0, 0, 0, 0.03333333333333333, 0.8, 0.03333333333333333, 0.03333333333333333, 0.03333333333333333, 0.03333333333333333, 0.03333333333333333], [0, 0, 0, 0, 0, 0, 0, 0.04, 0.8, 0.04, 0.04, 0.04, 0.04], [0, 0, 0, 0, 0, 0, 0, 0, 0.05, 0.8, 0.05, 0.05, 0.05], [0, 0, 0, 0, 0, 0, 0, 0, 0, 0.06666666666666667, 0.8, 0.06666666666666667, 0.06666666666666667], [0, 0, 0, 0, 0, 0, 0, 0, 0, 0, 0.1, 0.8, 0.1], [0, 0, 0, 0, 0, 0, 0, 0, 0, 0, 0, 0.2, 0.8], [1, 0, 0, 0, 0, 0, 0, 0, 0, 0, 0, 0, 0]], [[1, 0, 0, 0, 0], [0, 0.22494647353155506, 0.15632953992587256, 0.6187239865425723, 0], [0, 0.3092496148449779, 0.23636059267112808, 0.454389792483894, 0], [0, 0.2848352791594144, 0.29158366367223093, 0.42358105716835465, 0], [0, 0.26478022543684326, 0.29041165624113047, 0.4448081183220262, 0], [0, 0.2360487173659063, 0.2380546945961018, 0.5258965880379919, 0], [0, 0.2090088308206123, 0.33222504777631623, 0.4587661214030715, 0], [0, 0.13534659485860048, 0.2943127341062417, 0.5703406710351577, 0], [0, 0.14947545231812875, 0.356404237779636, 0.4941203099022353, 0], [0, 0.12526118355337704, 0.3620426123942546, 0.5126962040523683, 0], [0, 0.13062443643659052, 0.36083168905024293, 0.5085438745131665, 0], [0, 0.14265686401146055, 0.1811248913613895, 0.67621824462715, 0], [0, 0, 0, 0, 1]], [\'@\', \'L\', \'S\', \'N\', \'$\'])", "([1, 0, 0, 0, 0, 0, 0, 0, 0, 0, 0, 0, 0], [[0, 1, 0, 0, 0, 0, 0, 0, 0, 0, 0, 0, 0], [0, 0.018181818181818184, 0.8, 0.018181818181818184, 0.018181818181818184, 0.018181818181818184, 0.018181818181818184, 0.018181818181818184, 0.018181818181818184, 0.018181818181818184, 0.018181818181818184, 0.018181818181818184, 0.018181818181818184], [0, 0, 0.02, 0.8, 0.02, 0.02, 0.02, 0.02, 0.02, 0.02, 0.02, 0.02, 0.02], [0, 0, 0, 0.022222222222222223, 0.8, 0.022222222222222223, 0.022222222222222223, 0.022222222222222223, 0.022222222222222223, 0.022222222222222223, 0.022222222222222223, 0.022222222222222223, 0.022222222222222223], [0, 0, 0, 0, 0.025, 0.8, 0.025, 0.025, 0.025, 0.025, 0.025, 0.025, 0.025], [0, 0, 0, 0, 0, 0.028571428571428574, 0.8, 0.028571428571428574, 0.028571428571428574, 0.028571428571428574, 0.028571428571428574, 0.028571428571428574, 0.028571428571428574], [0, 0, 0, 0, 0, 0, 0.03333333333333333, 0.8, 0.03333333333333333, 0.03333333333333333, 0.03333333333333333, 0.03333333333333333, 0.03333333333333333], [0, 0, 0, 0, 0, 0, 0, 0.04, 0.8, 0.04, 0.04, 0.04, 0.04], [0, 0, 0, 0, 0, 0, 0, 0, 0.05, 0.8, 0.05, 0.05, 0.05], [0, 0, 0, 0, 0, 0, 0, 0, 0, 0.06666666666666667, 0.8, 0.06666666666666667, 0.06666666666666667], [0, 0, 0, 0, 0, 0, 0, 0, 0, 0, 0.1, 0.8, 0.1], [0, 0, 0, 0, 0, 0, 0, 0, 0, 0, 0, 0.2, 0.8], [1, 0, 0, 0, 0, 0, 0, 0, 0, 0, 0, 0, 0]], [[1, 0, 0, 0, 0], [0, 0.03675579752984333, 0.8582248365238035, 0.10501936594635321, 0], [0, 0.01740725523579163, 0.9498963643035545, 0.0326963804606539, 0], [0, 0.059476392822304304, 0.7766730378288326, 0.16385056934886313, 0], [0, 0.22149642117238266, 0.6168429295007545, 0.16166064932686283, 0], [0, 0.427378807049318, 0.35829791157289165, 0.21432328137779041, 0], [0, 0.594805123608907, 0.20590165604561578, 0.1992932203454772, 0], [0, 0.7789479425955369, 0.13390547518610255, 0.08714658221836055, 0], [0, 0.7911215877772894, 0.1508837432168224, 0.05799466900588818, 0], [0, 0.6757041649598244, 0.3030622763676081, 0.021233558672567467, 0], [0, 0.45707800729930015, 0.4716030529989147, 0.07131893970178509, 0], [0, 0.17442633376696673, 0.7732907061107621, 0.052282960122271196, 0], [0, 0, 0, 0, 1]], [\'@\', \'L\', \'S\', \'N\', \'$\'])", "([1, 0, 0, 0, 0, 0, 0, 0, 0, 0, 0, 0, 0], [[0, 1, 0, 0, 0, 0, 0, 0, 0, 0, 0, 0, 0], [0, 0.018181818181818184, 0.8, 0.018181818181818184, 0.018181818181818184, 0.018181818181818184, 0.018181818181818184, 0.018181818181818184, 0.018181818181818184, 0.018181818181818184, 0.018181818181818184, 0.018181818181818184, 0.018181818181818184], [0, 0, 0.02, 0.8, 0.02, 0.02, 0.02, 0.02, 0.02, 0.02, 0.02, 0.02, 0.02], [0, 0, 0, 0.022222222222222223, 0.8, 0.022222222222222223, 0.022222222222222223, 0.022222222222222223, 0.022222222222222223, 0.022222222222222223, 0.022222222222222223, 0.022222222222222223, 0.022222222222222223], [0, 0, 0, 0, 0.025, 0.8, 0.025, 0.025, 0.025, 0.025, 0.025, 0.025, 0.025], [0, 0, 0, 0, 0, 0.028571428571428574, 0.8, 0.028571428571428574, 0.028571428571428574, 0.028571428571428574, 0.028571428571428574, 0.028571428571428574, 0.028571428571428574], [0, 0, 0, 0, 0, 0, 0.03333333333333333, 0.8, 0.03333333333333333, 0.03333333333333333, 0.03333333333333333, 0.03333333333333333, 0.03333333333333333], [0, 0, 0, 0, 0, 0, 0, 0.04, 0.8, 0.04, 0.04, 0.04, 0.04], [0, 0, 0, 0, 0, 0, 0, 0, 0.05, 0.8, 0.05, 0.05, 0.05], [0, 0, 0, 0, 0, 0, 0, 0, 0, 0.06666666666666667, 0.8, 0.06666666666666667, 0.06666666666666667], [0, 0, 0, 0, 0, 0, 0, 0, 0, 0, 0.1, 0.8, 0.1], [0, 0, 0, 0, 0, 0, 0, 0, 0, 0, 0, 0.2, 0.8], [1, 0, 0, 0, 0, 0, 0, 0, 0, 0, 0, 0, 0]], [[1, 0, 0, 0, 0], [0, 0.42215671895124446, 0.5306903516161691, 0.04715292943258651, 0], [0, 0.3999235777695148, 0.5307305137967795, 0.06934590843370574, 0], [0, 0.7778430813126, 0.19548170208071589, 0.026675216606684052, 0], [0, 0.8852042670501373, 0.08129260710523017, 0.033503125844632525, 0], [0, 0.9013140659233123, 0.08618168236083056, 0.012504251715857274, 0], [0, 0.8585877771794903, 0.09308880301602807, 0.04832341980448156, 0], [0, 0.8334665213187469, 0.1620571798210812, 0.004476298860171995, 0], [0, 0.7162239193121184, 0.28047581013274336, 0.003300270555138372, 0], [0, 0.5788308534806663, 0.4135770115518455, 0.007592134967488212, 0], [0, 0.3862597157938254, 0.5270970644594631, 0.08664321974671153, 0], [0, 0.4010731989178544, 0.5508179077536761, 0.04810889332846951, 0], [0, 0, 0, 0, 1]], [\'@\', \'L\', \'S\', \'N\', \'$\'])", "([1, 0, 0, 0, 0, 0, 0, 0, 0, 0, 0, 0, 0], [[0, 1, 0, 0, 0, 0, 0, 0, 0, 0, 0, 0, 0], [0, 0.018181818181818184, 0.8, 0.018181818181818184, 0.018181818181818184, 0.018181818181818184, 0.018181818181818184, 0.018181818181818184, 0.018181818181818184, 0.018181818181818184, 0.018181818181818184, 0.018181818181818184, 0.018181818181818184], [0, 0, 0.02, 0.8, 0.02, 0.02, 0.02, 0.02, 0.02, 0.02, 0.02, 0.02, 0.02], [0, 0, 0, 0.022222222222222223, 0.8, 0.022222222222222223, 0.022222222222222223, 0.022222222222222223, 0.022222222222222223, 0.022222222222222223, 0.022222222222222223, 0.022222222222222223, 0.022222222222222223], [0, 0, 0, 0, 0.025, 0.8, 0.025, 0.025, 0.025, 0.025, 0.025, 0.025, 0.025], [0, 0, 0, 0, 0, 0.028571428571428574, 0.8, 0.028571428571428574, 0.028571428571428574, 0.028571428571428574, 0.028571428571428574, 0.028571428571428574, 0.028571428571428574], [0, 0, 0, 0, 0, 0, 0.03333333333333333, 0.8, 0.03333333333333333, 0.03333333333333333, 0.03333333333333333, 0.03333333333333333, 0.03333333333333333], [0, 0, 0, 0, 0, 0, 0, 0.04, 0.8, 0.04, 0.04, 0.04, 0.04], [0, 0, 0, 0, 0, 0, 0, 0, 0.05, 0.8, 0.05, 0.05, 0.05], [0, 0, 0, 0, 0, 0, 0, 0, 0, 0.06666666666666667, 0.8, 0.06666666666666667, 0.06666666666666667], [0, 0, 0, 0, 0, 0, 0, 0, 0, 0, 0.1, 0.8, 0.1], [0, 0, 0, 0, 0, 0, 0, 0, 0, 0, 0, 0.2, 0.8], [1, 0, 0, 0, 0, 0, 0, 0, 0, 0, 0, 0, 0]], [[1, 0, 0, 0, 0], [0, 0.15219745612502583, 0.8216964023948405, 0.026106141480133578, 0], [0, 0.11941862607460217, 0.8379064824494524, 0.042674891475945394, 0], [0, 0.18573722690906855, 0.5438345884218566, 0.2704281846690748, 0], [0, 0.2444667071362144, 0.41046114686641255, 0.34507214599737307, 0], [0, 0.2450200501436623, 0.3596375724605337, 0.395342377395804, 0], [0, 0.2806833690653481, 0.30737970050020924, 0.4119369304344426, 0], [0, 0.24894762241132792, 0.3373107611543808, 0.4137416164342913, 0], [0, 0.22525081028587213, 0.3620229492315794, 0.4127262404825484, 0], [0, 0.1446537921625184, 0.4607449162834958, 0.3946012915539859, 0], [0, 0.23566454522796482, 0.44493139921791963, 0.31940405555411555, 0], [0, 0.2717633898277725, 0.3765014517680085, 0.35173515840421893, 0], [0, 0, 0, 0, 1]], [\'@\', \'L\', \'S\', \'N\', \'$\'])", "([1, 0, 0, 0, 0, 0, 0, 0, 0, 0, 0, 0, 0], [[0, 1, 0, 0, 0, 0, 0, 0, 0, 0, 0, 0, 0], [0, 0.018181818181818184, 0.8, 0.018181818181818184, 0.018181818181818184, 0.018181818181818184, 0.018181818181818184, 0.018181818181818184, 0.018181818181818184, 0.018181818181818184, 0.018181818181818184, 0.018181818181818184, 0.018181818181818184], [0, 0, 0.02, 0.8, 0.02, 0.02, 0.02, 0.02, 0.02, 0.02, 0.02, 0.02, 0.02], [0, 0, 0, 0.022222222222222223, 0.8, 0.022222222222222223, 0.022222222222222223, 0.022222222222222223, 0.022222222222222223, 0.022222222222222223, 0.022222222222222223, 0.022222222222222223, 0.022222222222222223], [0, 0, 0, 0, 0.025, 0.8, 0.025, 0.025, 0.025, 0.025, 0.025, 0.025, 0.025], [0, 0, 0, 0, 0, 0.028571428571428574, 0.8, 0.028571428571428574, 0.028571428571428574, 0.028571428571428574, 0.028571428571428574, 0.028571428571428574, 0.028571428571428574], [0, 0, 0, 0, 0, 0, 0.03333333333333333, 0.8, 0.03333333333333333, 0.03333333333333333, 0.03333333333333333, 0.03333333333333333, 0.03333333333333333], [0, 0, 0, 0, 0, 0, 0, 0.04, 0.8, 0.04, 0.04, 0.04, 0.04], [0, 0, 0, 0, 0, 0, 0, 0, 0.05, 0.8, 0.05, 0.05, 0.05], [0, 0, 0, 0, 0, 0, 0, 0, 0, 0.06666666666666667, 0.8, 0.06666666666666667, 0.06666666666666667], [0, 0, 0, 0, 0, 0, 0, 0, 0, 0, 0.1, 0.8, 0.1], [0, 0, 0, 0, 0, 0, 0, 0, 0, 0, 0, 0.2, 0.8], [1, 0, 0, 0, 0, 0, 0, 0, 0, 0, 0, 0, 0]], [[1, 0, 0, 0, 0], [0, 0.8424744574940064, 0.10138589610473464, 0.05613964640125903, 0], [0, 0.5816396301970037, 0.37214067402185597, 0.04621969578114032, 0], [0, 0.25675845744176556, 0.6960449769369315, 0.04719656562130291, 0], [0, 0.10345204273162349, 0.8673569836161394, 0.029190973652237055, 0], [0, 0.22870494498105998, 0.745613064917117, 0.025681990101823076, 0], [0, 0.6497684493605201, 0.29355288794539897, 0.05667866269408084, 0], [0, 0.8995869484860323, 0.08306002606398076, 0.017353025449986948, 0], [0, 0.8735166719873586, 0.09320365957899421, 0.033279668433647144, 0], [0, 0.6249827400560617, 0.3126135514786551, 0.0624037084652832, 0], [0, 0.26891794407603914, 0.6791356773356988, 0.0519463785882621, 0], [0, 0.1762955110936607, 0.8015883452385132, 0.02211614366782614, 0], [0, 0, 0, 0, 1]], [\'@\', \'L\', \'S\', \'N\', \'$\'])", "([1, 0, 0, 0, 0, 0, 0, 0, 0, 0, 0, 0, 0], [[0, 1, 0, 0, 0, 0, 0, 0, 0, 0, 0, 0, 0], [0, 0.018181818181818184, 0.8, 0.018181818181818184, 0.018181818181818184, 0.018181818181818184, 0.018181818181818184, 0.018181818181818184, 0.018181818181818184, 0.018181818181818184, 0.018181818181818184, 0.018181818181818184, 0.018181818181818184], [0, 0, 0.02, 0.8, 0.02, 0.02, 0.02, 0.02, 0.02, 0.02, 0.02, 0.02, 0.02], [0, 0, 0, 0.022222222222222223, 0.8, 0.022222222222222223, 0.022222222222222223, 0.022222222222222223, 0.022222222222222223, 0.022222222222222223, 0.022222222222222223, 0.022222222222222223, 0.022222222222222223], [0, 0, 0, 0, 0.025, 0.8, 0.025, 0.025, 0.025, 0.025, 0.025, 0.025, 0.025], [0, 0, 0, 0, 0, 0.028571428571428574, 0.8, 0.028571428571428574, 0.028571428571428574, 0.028571428571428574, 0.028571428571428574, 0.028571428571428574, 0.028571428571428574], [0, 0, 0, 0, 0, 0, 0.03333333333333333, 0.8, 0.03333333333333333, 0.03333333333333333, 0.03333333333333333, 0.03333333333333333, 0.03333333333333333], [0, 0, 0, 0, 0, 0, 0, 0.04, 0.8, 0.04, 0.04, 0.04, 0.04], [0, 0, 0, 0, 0, 0, 0, 0, 0.05, 0.8, 0.05, 0.05, 0.05], [0, 0, 0, 0, 0, 0, 0, 0, 0, 0.06666666666666667, 0.8, 0.06666666666666667, 0.06666666666666667], [0, 0, 0, 0, 0, 0, 0, 0, 0, 0, 0.1, 0.8, 0.1], [0, 0, 0, 0, 0, 0, 0, 0, 0, 0, 0, 0.2, 0.8], [1, 0, 0, 0, 0, 0, 0, 0, 0, 0, 0, 0, 0]], [[1, 0, 0, 0, 0], [0, 0.7936634137442934, 0.18998855815619975, 0.016348028099506896, 0], [0, 0.6276883583958852, 0.2954094094948257, 0.07690223210928912, 0], [0, 0.38298130311572204, 0.5726373048231753, 0.04438139206110268, 0], [0, 0.18397859406056183, 0.7644228707324124, 0.05159853520702568, 0], [0, 0.03713689097771459, 0.9251728962675925, 0.037690212754692955, 0], [0, 0.028704971831068776, 0.9598185784005776, 0.011476449768353702, 0], [0, 0.23667638704899624, 0.7450314855914781, 0.018292127359525606, 0], [0, 0.4760619170891961, 0.429471767810168, 0.09446631510063593, 0], [0, 0.7213877022399414, 0.24800629562318044, 0.030606002136878134, 0], [0, 0.92938554616701, 0.06487845324634788, 0.005736000586642126, 0], [0, 0.9154325481922299, 0.07839668087123673, 0.006170770936533449, 0], [0, 0, 0, 0, 1]], [\'@\', \'L\', \'S\', \'N\', \'$\'])", "([1, 0, 0, 0, 0, 0, 0, 0, 0, 0, 0, 0, 0], [[0, 1, 0, 0, 0, 0, 0, 0, 0, 0, 0, 0, 0], [0, 0.018181818181818184, 0.8, 0.018181818181818184, 0.018181818181818184, 0.018181818181818184, 0.018181818181818184, 0.018181818181818184, 0.018181818181818184, 0.018181818181818184, 0.018181818181818184, 0.018181818181818184, 0.018181818181818184], [0, 0, 0.02, 0.8, 0.02, 0.02, 0.02, 0.02, 0.02, 0.02, 0.02, 0.02, 0.02], [0, 0, 0, 0.022222222222222223, 0.8, 0.022222222222222223, 0.022222222222222223, 0.022222222222222223, 0.022222222222222223, 0.022222222222222223, 0.022222222222222223, 0.022222222222222223, 0.022222222222222223], [0, 0, 0, 0, 0.025, 0.8, 0.025, 0.025, 0.025, 0.025, 0.025, 0.025, 0.025], [0, 0, 0, 0, 0, 0.028571428571428574, 0.8, 0.028571428571428574, 0.028571428571428574, 0.028571428571428574, 0.028571428571428574, 0.028571428571428574, 0.028571428571428574], [0, 0, 0, 0, 0, 0, 0.03333333333333333, 0.8, 0.03333333333333333, 0.03333333333333333, 0.03333333333333333, 0.03333333333333333, 0.03333333333333333], [0, 0, 0, 0, 0, 0, 0, 0.04, 0.8, 0.04, 0.04, 0.04, 0.04], [0, 0, 0, 0, 0, 0, 0, 0, 0.05, 0.8, 0.05, 0.05, 0.05], [0, 0, 0, 0, 0, 0, 0, 0, 0, 0.06666666666666667, 0.8, 0.06666666666666667, 0.06666666666666667], [0, 0, 0, 0, 0, 0, 0, 0, 0, 0, 0.1, 0.8, 0.1], [0, 0, 0, 0, 0, 0, 0, 0, 0, 0, 0, 0.2, 0.8], [1, 0, 0, 0, 0, 0, 0, 0, 0, 0, 0, 0, 0]], [[1, 0, 0, 0, 0], [0, 0.9494926884448093, 0.021046609825206508, 0.029460701729984086, 0], [0, 0.9019509736593117, 0.012784659107751731, 0.08526436723293666, 0], [0, 0.8837254443902236, 0.05281275745602189, 0.06346179815375455, 0], [0, 0.7040465830118812, 0.09670176074148087, 0.19925165624663801, 0], [0, 0.47670487609146056, 0.2770076207082104, 0.246287503200329, 0], [0, 0.2657869705216378, 0.527549186193703, 0.2066638432846592, 0], [0, 0.1541314586742229, 0.7822864770258565, 0.0635820642999207, 0], [0, 0.03447023519137752, 0.8290246157598845, 0.1365051490487379, 0], [0, 0.05165106790252135, 0.8912148585205176, 0.057134073576960966, 0], [0, 0.04001862391427145, 0.9351867772936505, 0.024794598792078036, 0], [0, 0.031516780630184656, 0.9298190195394715, 0.03866419983034383, 0], [0, 0, 0, 0, 1]], [\'@\', \'L\', \'S\', \'N\', \'$\'])", "([1, 0, 0, 0, 0, 0, 0, 0, 0, 0, 0, 0, 0], [[0, 1, 0, 0, 0, 0, 0, 0, 0, 0, 0, 0, 0], [0, 0.018181818181818184, 0.8, 0.018181818181818184, 0.018181818181818184, 0.018181818181818184, 0.018181818181818184, 0.018181818181818184, 0.018181818181818184, 0.018181818181818184, 0.018181818181818184, 0.018181818181818184, 0.018181818181818184], [0, 0, 0.02, 0.8, 0.02, 0.02, 0.02, 0.02, 0.02, 0.02, 0.02, 0.02, 0.02], [0, 0, 0, 0.022222222222222223, 0.8, 0.022222222222222223, 0.022222222222222223, 0.022222222222222223, 0.022222222222222223, 0.022222222222222223, 0.022222222222222223, 0.022222222222222223, 0.022222222222222223], [0, 0, 0, 0, 0.025, 0.8, 0.025, 0.025, 0.025, 0.025, 0.025, 0.025, 0.025], [0, 0, 0, 0, 0, 0.028571428571428574, 0.8, 0.028571428571428574, 0.028571428571428574, 0.028571428571428574, 0.028571428571428574, 0.028571428571428574, 0.028571428571428574], [0, 0, 0, 0, 0, 0, 0.03333333333333333, 0.8, 0.03333333333333333, 0.03333333333333333, 0.03333333333333333, 0.03333333333333333, 0.03333333333333333], [0, 0, 0, 0, 0, 0, 0, 0.04, 0.8, 0.04, 0.04, 0.04, 0.04], [0, 0, 0, 0, 0, 0, 0, 0, 0.05, 0.8, 0.05, 0.05, 0.05], [0, 0, 0, 0, 0, 0, 0, 0, 0, 0.06666666666666667, 0.8, 0.06666666666666667, 0.06666666666666667], [0, 0, 0, 0, 0, 0, 0, 0, 0, 0, 0.1, 0.8, 0.1], [0, 0, 0, 0, 0, 0, 0, 0, 0, 0, 0, 0.2, 0.8], [1, 0, 0, 0, 0, 0, 0, 0, 0, 0, 0, 0, 0]], [[1, 0, 0, 0, 0], [0, 0.5274241616332039, 0.20260408198295168, 0.2699717563838444, 0], [0, 0.5822595479686373, 0.12714738988767146, 0.2905930621436911, 0], [0, 0.3969454992561498, 0.11825377430091429, 0.4848007264429359, 0], [0, 0.28898866815910634, 0.13908226280986624, 0.5719290690310275, 0], [0, 0.22039992299045053, 0.19859102606072893, 0.5810090509488205, 0], [0, 0.08144908930899332, 0.2967628979340636, 0.6217880127569431, 0], [0, 0.07098183308601694, 0.49272273463020755, 0.43629543228377554, 0], [0, 0.04149651280876054, 0.6351339479723432, 0.3233695392188963, 0], [0, 0.0033194680003175215, 0.810451132767603, 0.18622939923207948, 0], [0, 0.060123913457363155, 0.8568640570327202, 0.08301202950991673, 0], [0, 0.03855273809028046, 0.8935776408347884, 0.06786962107493115, 0], [0, 0, 0, 0, 1]], [\'@\', \'L\', \'S\', \'N\', \'$\'])", "([1, 0, 0, 0, 0, 0, 0, 0, 0, 0, 0, 0, 0], [[0, 1, 0, 0, 0, 0, 0, 0, 0, 0, 0, 0, 0], [0, 0.018181818181818184, 0.8, 0.018181818181818184, 0.018181818181818184, 0.018181818181818184, 0.018181818181818184, 0.018181818181818184, 0.018181818181818184, 0.018181818181818184, 0.018181818181818184, 0.018181818181818184, 0.018181818181818184], [0, 0, 0.02, 0.8, 0.02, 0.02, 0.02, 0.02, 0.02, 0.02, 0.02, 0.02, 0.02], [0, 0, 0, 0.022222222222222223, 0.8, 0.022222222222222223, 0.022222222222222223, 0.022222222222222223, 0.022222222222222223, 0.022222222222222223, 0.022222222222222223, 0.022222222222222223, 0.022222222222222223], [0, 0, 0, 0, 0.025, 0.8, 0.025, 0.025, 0.025, 0.025, 0.025, 0.025, 0.025], [0, 0, 0, 0, 0, 0.028571428571428574, 0.8, 0.028571428571428574, 0.028571428571428574, 0.028571428571428574, 0.028571428571428574, 0.028571428571428574, 0.028571428571428574], [0, 0, 0, 0, 0, 0, 0.03333333333333333, 0.8, 0.03333333333333333, 0.03333333333333333, 0.03333333333333333, 0.03333333333333333, 0.03333333333333333], [0, 0, 0, 0, 0, 0, 0, 0.04, 0.8, 0.04, 0.04, 0.04, 0.04], [0, 0, 0, 0, 0, 0, 0, 0, 0.05, 0.8, 0.05, 0.05, 0.05], [0, 0, 0, 0, 0, 0, 0, 0, 0, 0.06666666666666667, 0.8, 0.06666666666666667, 0.06666666666666667], [0, 0, 0, 0, 0, 0, 0, 0, 0, 0, 0.1, 0.8, 0.1], [0, 0, 0, 0, 0, 0, 0, 0, 0, 0, 0, 0.2, 0.8], [1, 0, 0, 0, 0, 0, 0, 0, 0, 0, 0, 0, 0]], [[1, 0, 0, 0, 0], [0, 0.9448791538346144, 0.0403577471009434, 0.014763099064442224, 0], [0, 0.9162610930459347, 0.03346755285198541, 0.0502713541020799, 0], [0, 0.9037589021692966, 0.019289725263396604, 0.07695137256730686, 0], [0, 0.6960844871176856, 0.11493200197079988, 0.1889835109115145, 0], [0, 0.4759554213687234, 0.3636148094224043, 0.1604297692088723, 0], [0, 0.21930562206656182, 0.5888245180223394, 0.19186985991109884, 0], [0, 0.09697165194144246, 0.7714658324341012, 0.13156251562445634, 0], [0, 0.0383823701453736, 0.917612777996899, 0.04400485185772745, 0], [0, 0.011210884485565483, 0.95652034296336, 0.03226877255107452, 0], [0, 0.05194433281543082, 0.908776138160352, 0.03927952902421724, 0], [0, 0.037864392135711335, 0.9319093658541152, 0.03022624201017339, 0], [0, 0, 0, 0, 1]], [\'@\', \'L\', \'S\', \'N\', \'$\'])", "([1, 0, 0, 0, 0, 0, 0, 0, 0, 0, 0, 0, 0], [[0, 1, 0, 0, 0, 0, 0, 0, 0, 0, 0, 0, 0], [0, 0.018181818181818184, 0.8, 0.018181818181818184, 0.018181818181818184, 0.018181818181818184, 0.018181818181818184, 0.018181818181818184, 0.018181818181818184, 0.018181818181818184, 0.018181818181818184, 0.018181818181818184, 0.018181818181818184], [0, 0, 0.02, 0.8, 0.02, 0.02, 0.02, 0.02, 0.02, 0.02, 0.02, 0.02, 0.02], [0, 0, 0, 0.022222222222222223, 0.8, 0.022222222222222223, 0.022222222222222223, 0.022222222222222223, 0.022222222222222223, 0.022222222222222223, 0.022222222222222223, 0.022222222222222223, 0.022222222222222223], [0, 0, 0, 0, 0.025, 0.8, 0.025, 0.025, 0.025, 0.025, 0.025, 0.025, 0.025], [0, 0, 0, 0, 0, 0.028571428571428574, 0.8, 0.028571428571428574, 0.028571428571428574, 0.028571428571428574, 0.028571428571428574, 0.028571428571428574, 0.028571428571428574], [0, 0, 0, 0, 0, 0, 0.03333333333333333, 0.8, 0.03333333333333333, 0.03333333333333333, 0.03333333333333333, 0.03333333333333333, 0.03333333333333333], [0, 0, 0, 0, 0, 0, 0, 0.04, 0.8, 0.04, 0.04, 0.04, 0.04], [0, 0, 0, 0, 0, 0, 0, 0, 0.05, 0.8, 0.05, 0.05, 0.05], [0, 0, 0, 0, 0, 0, 0, 0, 0, 0.06666666666666667, 0.8, 0.06666666666666667, 0.06666666666666667], [0, 0, 0, 0, 0, 0, 0, 0, 0, 0, 0.1, 0.8, 0.1], [0, 0, 0, 0, 0, 0, 0, 0, 0, 0, 0, 0.2, 0.8], [1, 0, 0, 0, 0, 0, 0, 0, 0, 0, 0, 0, 0]], [[1, 0, 0, 0, 0], [0, 0.6662911708450642, 0.19685087256820802, 0.1368579565867278, 0], [0, 0.45184596200360644, 0.22827400973761547, 0.31988002825877815, 0], [0, 0.38514714674035705, 0.3252379117995744, 0.2896149414600685, 0], [0, 0.18426990936548257, 0.5137553711058113, 0.30197471952870614, 0], [0, 0.10206257703569481, 0.6837025083782157, 0.21423491458608945, 0], [0, 0.06366523214115949, 0.8156672031786195, 0.12066756468022093, 0], [0, 0.014215553153464457, 0.8724818950413078, 0.11330255180522783, 0], [0, 0.05092056361975598, 0.9082108660946381