((11, 0.5, 'ORIENTATION', 4.6, 0.5), '([\'VVVVVVVVVVV\', \'JJJJJJJJJJJ\', \'QQQQQQQQQQQ\', \'KKKKKKKKKKK\', \'NNNNNNNNNNN\', \'XXXXXXXXXXX\', \'AAAAAAAAAAA\', \'UUUUUUUUUUU\', \'DDDDDDDDDDD\', \'EEEEEEEEEEE\', \'SSSSSSSSSSS\', \'OOOOOOOOOOO\', \'IIIIIIIIIII\', \'YYYYYYYYYYY\', \'CCCCCCCCCCC\', \'GGGGGGGGGGG\', \'BBBBBBBBBBB\', \'PPPPPPPPPPP\', \'HHHHHHHHHHH\', \'ZZZZZZZZZZZ\', \'LLLLLLLLLLL\', \'TTTTTTTTTTT\', \'WWWWWWWWWWW\', \'RRRRRRRRRRR\', \'MMMMMMMMMMM\', \'FFFFFFFFFFF\'], ["([1, 0, 0, 0, 0, 0, 0, 0, 0, 0, 0, 0, 0], [[0, 1, 0, 0, 0, 0, 0, 0, 0, 0, 0, 0, 0], [0, 0.018181818181818184, 0.8, 0.018181818181818184, 0.018181818181818184, 0.018181818181818184, 0.018181818181818184, 0.018181818181818184, 0.018181818181818184, 0.018181818181818184, 0.018181818181818184, 0.018181818181818184, 0.018181818181818184], [0, 0, 0.02, 0.8, 0.02, 0.02, 0.02, 0.02, 0.02, 0.02, 0.02, 0.02, 0.02], [0, 0, 0, 0.022222222222222223, 0.8, 0.022222222222222223, 0.022222222222222223, 0.022222222222222223, 0.022222222222222223, 0.022222222222222223, 0.022222222222222223, 0.022222222222222223, 0.022222222222222223], [0, 0, 0, 0, 0.025, 0.8, 0.025, 0.025, 0.025, 0.025, 0.025, 0.025, 0.025], [0, 0, 0, 0, 0, 0.028571428571428574, 0.8, 0.028571428571428574, 0.028571428571428574, 0.028571428571428574, 0.028571428571428574, 0.028571428571428574, 0.028571428571428574], [0, 0, 0, 0, 0, 0, 0.03333333333333333, 0.8, 0.03333333333333333, 0.03333333333333333, 0.03333333333333333, 0.03333333333333333, 0.03333333333333333], [0, 0, 0, 0, 0, 0, 0, 0.04, 0.8, 0.04, 0.04, 0.04, 0.04], [0, 0, 0, 0, 0, 0, 0, 0, 0.05, 0.8, 0.05, 0.05, 0.05], [0, 0, 0, 0, 0, 0, 0, 0, 0, 0.06666666666666667, 0.8, 0.06666666666666667, 0.06666666666666667], [0, 0, 0, 0, 0, 0, 0, 0, 0, 0, 0.1, 0.8, 0.1], [0, 0, 0, 0, 0, 0, 0, 0, 0, 0, 0, 0.2, 0.8], [1, 0, 0, 0, 0, 0, 0, 0, 0, 0, 0, 0, 0]], [[1, 0, 0, 0, 0, 0, 0, 0, 0, 0, 0], [0, 0.02426444910498245, 0.014695766136883616, 0.006279956123822746, 0.013003299612635699, 0.8934927603976888, 0.016846311544724296, 0.0027373108769301754, 0.022306055619184587, 0.006374090583147919, 0], [0, 0.032213054175031015, 0.015548560234911793, 0.011648838680018956, 0.036714335107677236, 0.8629634435284038, 0.010531643935041038, 0.011178025445384071, 0.013052959669660889, 0.006149139223871157, 0], [0, 0.0978475139797403, 0.005616356709142016, 0.0169369317185022, 0.10752615497812346, 0.7225369098288901, 0.013294584674813939, 0.018971092449292452, 0.01299518775956289, 0.004275267901932568, 0], [0, 0.2891559693943702, 0.04469497229459124, 0.024428530425240975, 0.07161960526656475, 0.49234774672459297, 0.017469942586349946, 0.024551979636518832, 0.022610010004565972, 0.01312124366720514, 0], [0, 0.6586621379980506, 0.018105837570942192, 0.02123573250785904, 0.04689266128869685, 0.1876497467091425, 0.028374099135864615, 0.02225654898181491, 0.013332633503889663, 0.0034906023037395853, 0], [0, 0.860724466866172, 0.03713380497482826, 0.0011182261917177974, 0.005315244423988641, 0.05706385860790019, 0.01854567718021541, 0.0014521637242267571, 0.007241457181392043, 0.01140510084955874, 0], [0, 0.8938288251235815, 0.009768037102569646, 0.014674452340743336, 0.005817201375945631, 0.03268644541700573, 0.01448476016384137, 0.007573376620358911, 0.0023334100358022624, 0.01883349182015157, 0], [0, 0.9043169403210283, 0.003313438973991135, 0.009691602891447063, 0.014145594403745586, 0.03457030473866692, 0.008063419775562564, 0.009795146201669323, 0.014966866009686164, 0.001136686684203007, 0], [0, 0.9140445637110863, 0.013522347502231195, 0.004591433782630481, 0.010589939678218927, 0.015231914889458449, 0.012310872903139555, 0.012373058667162158, 0.01268043978362901, 0.004655429082443827, 0], [0, 0.9016286213836328, 0.015249524560450783, 0.007869207461180416, 0.021545534154018893, 0.01180712134874618, 0.013593884151963886, 0.010194151238577398, 0.0026396434616084877, 0.015472312239821208, 0], [0, 0.8918026030221603, 0.005701054913071297, 0.002715497906777849, 0.014646668591171499, 0.01285331545500824, 0.010669791217178485, 0.035634129899564077, 0.004238427775516958, 0.02173851121955141, 0], [0, 0, 0, 0, 0, 0, 0, 0, 0, 0, 1]], [\'@\', \'a\', \'b\', \'c\', \'d\', \'e\', \'f\', \'g\', \'h\', \'i\', \'$\'])", "([1, 0, 0, 0, 0, 0, 0, 0, 0, 0, 0, 0, 0], [[0, 1, 0, 0, 0, 0, 0, 0, 0, 0, 0, 0, 0], [0, 0.018181818181818184, 0.8, 0.018181818181818184, 0.018181818181818184, 0.018181818181818184, 0.018181818181818184, 0.018181818181818184, 0.018181818181818184, 0.018181818181818184, 0.018181818181818184, 0.018181818181818184, 0.018181818181818184], [0, 0, 0.02, 0.8, 0.02, 0.02, 0.02, 0.02, 0.02, 0.02, 0.02, 0.02, 0.02], [0, 0, 0, 0.022222222222222223, 0.8, 0.022222222222222223, 0.022222222222222223, 0.022222222222222223, 0.022222222222222223, 0.022222222222222223, 0.022222222222222223, 0.022222222222222223, 0.022222222222222223], [0, 0, 0, 0, 0.025, 0.8, 0.025, 0.025, 0.025, 0.025, 0.025, 0.025, 0.025], [0, 0, 0, 0, 0, 0.028571428571428574, 0.8, 0.028571428571428574, 0.028571428571428574, 0.028571428571428574, 0.028571428571428574, 0.028571428571428574, 0.028571428571428574], [0, 0, 0, 0, 0, 0, 0.03333333333333333, 0.8, 0.03333333333333333, 0.03333333333333333, 0.03333333333333333, 0.03333333333333333, 0.03333333333333333], [0, 0, 0, 0, 0, 0, 0, 0.04, 0.8, 0.04, 0.04, 0.04, 0.04], [0, 0, 0, 0, 0, 0, 0, 0, 0.05, 0.8, 0.05, 0.05, 0.05], [0, 0, 0, 0, 0, 0, 0, 0, 0, 0.06666666666666667, 0.8, 0.06666666666666667, 0.06666666666666667], [0, 0, 0, 0, 0, 0, 0, 0, 0, 0, 0.1, 0.8, 0.1], [0, 0, 0, 0, 0, 0, 0, 0, 0, 0, 0, 0.2, 0.8], [1, 0, 0, 0, 0, 0, 0, 0, 0, 0, 0, 0, 0]], [[1, 0, 0, 0, 0, 0, 0, 0, 0, 0, 0], [0, 0.02441463626881822, 0.020660280769165006, 0.01565135749734391, 0.08800657952233923, 0.7498903651964155, 0.02646035413226185, 0.01413748603342638, 0.05822575471337678, 0.0025531858668532427, 0], [0, 0.004227247933295135, 0.011179488714353144, 0.010465557566255015, 0.1887126885515518, 0.578085990706823, 0.17002139614469786, 0.005282897627823312, 0.01646193618853808, 0.015562796566662606, 0], [0, 0.04803841614918494, 0.017685459154586042, 0.021274453037606566, 0.25093511070263746, 0.3763993056708141, 0.10766840445504805, 0.03612940550406879, 0.0388779370714616, 0.10299150825459258, 0], [0, 0.11142362023442386, 0.06578762647686665, 0.03376241251978179, 0.1935676923272429, 0.29564693434080164, 0.07770414947930689, 0.05525999947659235, 0.03362240306054986, 0.13322516208443408, 0], [0, 0.2870164578752205, 0.0973737957149905, 0.05507748933405615, 0.11980520944683781, 0.21168015050363181, 0.06700701152815176, 0.010816436071155488, 0.02969042952527703, 0.12153302000067888, 0], [0, 0.37773380507069915, 0.15961779247425578, 0.0536068963630841, 0.04473246371422055, 0.11810441330504906, 0.011844181124277129, 0.02690390152555765, 0.056595693074813616, 0.15086085334804308, 0], [0, 0.44601217604711046, 0.19797897520428545, 0.11724260002622099, 0.05638831045769665, 0.05450536971752491, 0.026451168905445084, 0.019903265431120958, 0.013351251790140782, 0.06816688242045471, 0], [0, 0.6411028934994882, 0.11843268642098234, 0.05074542855779591, 0.07398130361048401, 0.057920923872990485, 0.020015847187098722, 0.010046345367730115, 0.01756411986141745, 0.010190451622012884, 0], [0, 0.6335414781485674, 0.05745751872150805, 0.02440962312856313, 0.1786630051474037, 0.05089036134832416, 0.023362869542555106, 0.01012968012713011, 0.002035372058373817, 0.01951009177757454, 0], [0, 0.47270910354241347, 0.010153898335079903, 0.007238160050528369, 0.4464423835327144, 0.02262818024262959, 0.01146779031989491, 0.009331878185196365, 0.01991793311822806, 0.00011067267331492927, 0], [0, 0.17231229512151192, 0.013416732990752992, 0.010057119608477206, 0.6985393489839631, 0.014066367661833697, 0.02400274759939281, 0.043013452944772455, 0.011819985540214791, 0.012771949549081221, 0], [0, 0, 0, 0, 0, 0, 0, 0, 0, 0, 1]], [\'@\', \'a\', \'b\', \'c\', \'d\', \'e\', \'f\', \'g\', \'h\', \'i\', \'$\'])", "([1, 0, 0, 0, 0, 0, 0, 0, 0, 0, 0, 0, 0], [[0, 1, 0, 0, 0, 0, 0, 0, 0, 0, 0, 0, 0], [0, 0.018181818181818184, 0.8, 0.018181818181818184, 0.018181818181818184, 0.018181818181818184, 0.018181818181818184, 0.018181818181818184, 0.018181818181818184, 0.018181818181818184, 0.018181818181818184, 0.018181818181818184, 0.018181818181818184], [0, 0, 0.02, 0.8, 0.02, 0.02, 0.02, 0.02, 0.02, 0.02, 0.02, 0.02, 0.02], [0, 0, 0, 0.022222222222222223, 0.8, 0.022222222222222223, 0.022222222222222223, 0.022222222222222223, 0.022222222222222223, 0.022222222222222223, 0.022222222222222223, 0.022222222222222223, 0.022222222222222223], [0, 0, 0, 0, 0.025, 0.8, 0.025, 0.025, 0.025, 0.025, 0.025, 0.025, 0.025], [0, 0, 0, 0, 0, 0.028571428571428574, 0.8, 0.028571428571428574, 0.028571428571428574, 0.028571428571428574, 0.028571428571428574, 0.028571428571428574, 0.028571428571428574], [0, 0, 0, 0, 0, 0, 0.03333333333333333, 0.8, 0.03333333333333333, 0.03333333333333333, 0.03333333333333333, 0.03333333333333333, 0.03333333333333333], [0, 0, 0, 0, 0, 0, 0, 0.04, 0.8, 0.04, 0.04, 0.04, 0.04], [0, 0, 0, 0, 0, 0, 0, 0, 0.05, 0.8, 0.05, 0.05, 0.05], [0, 0, 0, 0, 0, 0, 0, 0, 0, 0.06666666666666667, 0.8, 0.06666666666666667, 0.06666666666666667], [0, 0, 0, 0, 0, 0, 0, 0, 0, 0, 0.1, 0.8, 0.1], [0, 0, 0, 0, 0, 0, 0, 0, 0, 0, 0, 0.2, 0.8], [1, 0, 0, 0, 0, 0, 0, 0, 0, 0, 0, 0, 0]], [[1, 0, 0, 0, 0, 0, 0, 0, 0, 0, 0], [0, 0.011289112315388908, 0.9183558122230424, 0.006113635961336306, 0.007890065573890121, 0.015806321522509003, 0.001756232660460307, 0.018874429657704927, 0.0049238294495168216, 0.014990560636151016, 0], [0, 0.0066910195558203996, 0.9172919959520144, 0.00101978602139491, 0.015237580270450017, 0.0014115468352691712, 0.00242330836215619, 0.026849949712280944, 0.024328557882217133, 0.004746255408396921, 0], [0, 0.06611698599235133, 0.7986497931778939, 0.0454041750965707, 0.008428687684491102, 0.015752830274843345, 0.02473783412198059, 0.008697490131131972, 0.022316181535492332, 0.009896021985244476, 0], [0, 0.15659763746698105, 0.42851957923653017, 0.10102766979574244, 0.045831849785798955, 0.060306751947882806, 0.016150421507751096, 0.029891211357671647, 0.11471698165434588, 0.046957897247295925, 0], [0, 0.21951708600664244, 0.1519294952903401, 0.11656933773923087, 0.09705229601022053, 0.14792880118595303, 0.1123044080764733, 0.056063478705537434, 0.05178425603653959, 0.04685084094906256, 0], [0, 0.14067927082756992, 0.031987135501982455, 0.042129514513573635, 0.39954428660235464, 0.1444060606127701, 0.09459662167779895, 0.10234573827934755, 0.024843180114743627, 0.019468191869859285, 0], [0, 0.10089249185339398, 0.015905591596955072, 0.01246855770637457, 0.7049739955471512, 0.032757586075194, 0.03527026636697963, 0.05702449034592736, 0.021064760873683124, 0.019642259634341103, 0], [0, 0.025338172257311997, 0.001366662420785085, 0.017698855022484455, 0.5589286370703849, 0.26383970081679287, 0.06185127470617004, 0.01037421349447619, 0.03673676120052305, 0.023865723011071465, 0], [0, 0.01122661833833513, 0.017958381116257624, 0.004794661884867539, 0.12099560838635624, 0.7643334099098671, 0.034605562481024706, 0.0014458806451926876, 0.034460211725302364, 0.010179665512796556, 0], [0, 0.0016872643280941273, 0.02028930570138657, 0.008427709181950009, 0.021792035369684108, 0.9002249358032088, 0.013588090779393934, 0.0023651135261864333, 0.0014328254576705555, 0.03019271985242548, 0], [0, 0.019593726005370175, 0.001603184565398324, 0.001998624014930973, 0.06840598078912095, 0.7828856132326111, 0.0894165062203006, 0.014276820178728056, 0.001676296196392585, 0.020143248797147496, 0], [0, 0, 0, 0, 0, 0, 0, 0, 0, 0, 1]], [\'@\', \'a\', \'b\', \'c\', \'d\', \'e\', \'f\', \'g\', \'h\', \'i\', \'$\'])", "([1, 0, 0, 0, 0, 0, 0, 0, 0, 0, 0, 0, 0], [[0, 1, 0, 0, 0, 0, 0, 0, 0, 0, 0, 0, 0], [0, 0.018181818181818184, 0.8, 0.018181818181818184, 0.018181818181818184, 0.018181818181818184, 0.018181818181818184, 0.018181818181818184, 0.018181818181818184, 0.018181818181818184, 0.018181818181818184, 0.018181818181818184, 0.018181818181818184], [0, 0, 0.02, 0.8, 0.02, 0.02, 0.02, 0.02, 0.02, 0.02, 0.02, 0.02, 0.02], [0, 0, 0, 0.022222222222222223, 0.8, 0.022222222222222223, 0.022222222222222223, 0.022222222222222223, 0.022222222222222223, 0.022222222222222223, 0.022222222222222223, 0.022222222222222223, 0.022222222222222223], [0, 0, 0, 0, 0.025, 0.8, 0.025, 0.025, 0.025, 0.025, 0.025, 0.025, 0.025], [0, 0, 0, 0, 0, 0.028571428571428574, 0.8, 0.028571428571428574, 0.028571428571428574, 0.028571428571428574, 0.028571428571428574, 0.028571428571428574, 0.028571428571428574], [0, 0, 0, 0, 0, 0, 0.03333333333333333, 0.8, 0.03333333333333333, 0.03333333333333333, 0.03333333333333333, 0.03333333333333333, 0.03333333333333333], [0, 0, 0, 0, 0, 0, 0, 0.04, 0.8, 0.04, 0.04, 0.04, 0.04], [0, 0, 0, 0, 0, 0, 0, 0, 0.05, 0.8, 0.05, 0.05, 0.05], [0, 0, 0, 0, 0, 0, 0, 0, 0, 0.06666666666666667, 0.8, 0.06666666666666667, 0.06666666666666667], [0, 0, 0, 0, 0, 0, 0, 0, 0, 0, 0.1, 0.8, 0.1], [0, 0, 0, 0, 0, 0, 0, 0, 0, 0, 0, 0.2, 0.8], [1, 0, 0, 0, 0, 0, 0, 0, 0, 0, 0, 0, 0]], [[1, 0, 0, 0, 0, 0, 0, 0, 0, 0, 0], [0, 0.22560961949622677, 0.18740506942920662, 0.008084384957559008, 0.12006742057660144, 0.39466681836072337, 0.029104597088703693, 0.01933704202288212, 0.01428212421856312, 0.0014429238495339933, 0], [0, 0.2511652524292857, 0.12948460582038343, 0.011610075206207885, 0.30000442643641223, 0.22438376597533613, 0.018601561136527212, 0.033258091937973494, 0.019338043409086302, 0.012154177648787588, 0], [0, 0.18731153232714273, 0.5450800215183236, 0.020318299564396573, 0.08678993409634352, 0.10759445458215457, 0.014276394283675513, 0.010284431706990615, 0.019994633079446607, 0.008350298841526445, 0], [0, 0.081671413038762, 0.793301324444583, 0.02571024882175404, 0.014443030234764115, 0.04825098442620522, 0.014040560526235143, 0.0021256816195694955, 0.007705375044398299, 0.012751381843728435, 0], [0, 0.011146515999687622, 0.8668279958086033, 0.0068116973182151385, 0.0109027391774268, 0.0420074952436129, 0.009868483692702348, 0.01699986321366326, 0.013175768227986478, 0.022259441318102167, 0], [0, 0.013322764722091169, 0.8691267327991966, 0.006636972726668977, 0.00024301775872150128, 0.057998673000237005, 0.022874848122348284, 0.001182582011307126, 0.009320415773971347, 0.019293993085458004, 0], [0, 0.051821698762491944, 0.8116631372754658, 0.003060580396344709, 0.007157032820386474, 0.0777294606135595, 0.018113870087488822, 0.006386187872005606, 0.010827116956664707, 0.013240915215592583, 0], [0, 0.1003288833721323, 0.6383014790172405, 0.004506172060519905, 0.0004521387395490548, 0.2059207811077176, 0.02475334845233869, 0.0005581998305658568, 0.0033670816593715566, 0.021811915760564533, 0], [0, 0.138513313176224, 0.4394509517556674, 0.01310546541630052, 0.009047134924720071, 0.3406258533675428, 0.014057953048972088, 0.021757750617432806, 0.023263730844755585, 0.00017784684838482371, 0], [0, 0.2640250647489672, 0.17854125296014753, 0.003232692786668181, 0.008542223354384714, 0.450708511159352, 0.044390185459752124, 0.019303009277071972, 0.02378882473035454, 0.007468235523301677, 0], [0, 0.3075762113021106, 0.07473270785617962, 0.04707850545536867, 0.07432498591681955, 0.33515076049198794, 0.08287461736516975, 0.02831200532616123, 0.022230323709663886, 0.02771988257653871, 0], [0, 0, 0, 0, 0, 0, 0, 0, 0, 0, 1]], [\'@\', \'a\', \'b\', \'c\', \'d\', \'e\', \'f\', \'g\', \'h\', \'i\', \'$\'])", "([1, 0, 0, 0, 0, 0, 0, 0, 0, 0, 0, 0, 0], [[0, 1, 0, 0, 0, 0, 0, 0, 0, 0, 0, 0, 0], [0, 0.018181818181818184, 0.8, 0.018181818181818184, 0.018181818181818184, 0.018181818181818184, 0.018181818181818184, 0.018181818181818184, 0.018181818181818184, 0.018181818181818184, 0.018181818181818184, 0.018181818181818184, 0.018181818181818184], [0, 0, 0.02, 0.8, 0.02, 0.02, 0.02, 0.02, 0.02, 0.02, 0.02, 0.02, 0.02], [0, 0, 0, 0.022222222222222223, 0.8, 0.022222222222222223, 0.022222222222222223, 0.022222222222222223, 0.022222222222222223, 0.022222222222222223, 0.022222222222222223, 0.022222222222222223, 0.022222222222222223], [0, 0, 0, 0, 0.025, 0.8, 0.025, 0.025, 0.025, 0.025, 0.025, 0.025, 0.025], [0, 0, 0, 0, 0, 0.028571428571428574, 0.8, 0.028571428571428574, 0.028571428571428574, 0.028571428571428574, 0.028571428571428574, 0.028571428571428574, 0.028571428571428574], [0, 0, 0, 0, 0, 0, 0.03333333333333333, 0.8, 0.03333333333333333, 0.03333333333333333, 0.03333333333333333, 0.03333333333333333, 0.03333333333333333], [0, 0, 0, 0, 0, 0, 0, 0.04, 0.8, 0.04, 0.04, 0.04, 0.04], [0, 0, 0, 0, 0, 0, 0, 0, 0.05, 0.8, 0.05, 0.05, 0.05], [0, 0, 0, 0, 0, 0, 0, 0, 0, 0.06666666666666667, 0.8, 0.06666666666666667, 0.06666666666666667], [0, 0, 0, 0, 0, 0, 0, 0, 0, 0, 0.1, 0.8, 0.1], [0, 0, 0, 0, 0, 0, 0, 0, 0, 0, 0, 0.2, 0.8], [1, 0, 0, 0, 0, 0, 0, 0, 0, 0, 0, 0, 0]], [[1, 0, 0, 0, 0, 0, 0, 0, 0, 0, 0], [0, 0.7696664246294533, 0.016122875135037146, 0.017129327730054888, 0.11205394667726233, 0.04268300264144323, 0.012353009102377056, 0.009897465970654228, 0.0001491714286800016, 0.019944776685037705, 0], [0, 0.6175026213466588, 0.018750373896730944, 0.006878367449305719, 0.18321306926602993, 0.11443435500343875, 0.020205278299570733, 0.013512377718981875, 0.002173046984252145, 0.023330510035031112, 0], [0, 0.39227456794157795, 0.017003680552864952, 0.004521261752263077, 0.08553650094940787, 0.44687010627889856, 0.007065563694379626, 0.02304452641771444, 0.0014549451709457528, 0.02222884724194784, 0], [0, 0.1671278545254732, 0.0455789014425662, 0.011381609582700278, 0.02044252654732835, 0.731237385951323, 2.3006535540897713e-05, 0.000660109658073312, 0.015212660766384115, 0.008335944990610732, 0], [0, 0.01595195733843758, 0.027781300468597815, 0.008882885702256446, 0.014933159173912879, 0.8883932514357183, 0.018169251059284703, 0.003615198576188637, 0.000295889993077392, 0.021977106252526205, 0], [0, 0.001795261134404122, 0.013779420828556883, 0.016987712483325913, 0.04346902555642182, 0.876194347601852, 0.01927077781785277, 0.011458615886870128, 0.008692803439565293, 0.00835203525115127, 0], [0, 0.17669736182233786, 0.03254015682514951, 0.015466364854570801, 0.043004511384338445, 0.679365625693943, 0.0239026846745267, 0.0036969110091652187, 0.021893440912741598, 0.0034329428232269593, 0], [0, 0.42504566565181856, 0.05387842622037418, 0.049282436692902915, 0.011893569361062206, 0.3940503952354138, 0.007825021486369786, 0.02599388386102292, 0.015794951791226565, 0.01623564969980901, 0], [0, 0.6525192627465257, 0.09732130605408382, 0.0008885924759253823, 0.011429996172650076, 0.17266278035864327, 0.022710513197081346, 0.0002411570401288492, 0.03461969957429879, 0.007606692380662889, 0], [0, 0.7966277834000887, 0.12217736872242746, 0.012607444424901689, 0.0025114523058820913, 0.008857216674868542, 0.025413835295246365, 0.004439484139255205, 0.025695271195684686, 0.0016701438416453823, 0], [0, 0.8489507149196409, 0.06233369682722782, 0.0336036946488679, 0.0030368175558638747, 0.008041439491159779, 0.018491063623940422, 0.001199516678184852, 0.007283115874877816, 0.017059940380236564, 0], [0, 0, 0, 0, 0, 0, 0, 0, 0, 0, 1]], [\'@\', \'a\', \'b\', \'c\', \'d\', \'e\', \'f\', \'g\', \'h\', \'i\', \'$\'])", "([1, 0, 0, 0, 0, 0, 0, 0, 0, 0, 0, 0, 0], [[0, 1, 0, 0, 0, 0, 0, 0, 0, 0, 0, 0, 0], [0, 0.018181818181818184, 0.8, 0.018181818181818184, 0.018181818181818184, 0.018181818181818184, 0.018181818181818184, 0.018181818181818184, 0.018181818181818184, 0.018181818181818184, 0.018181818181818184, 0.018181818181818184, 0.018181818181818184], [0, 0, 0.02, 0.8, 0.02, 0.02, 0.02, 0.02, 0.02, 0.02, 0.02, 0.02, 0.02], [0, 0, 0, 0.022222222222222223, 0.8, 0.022222222222222223, 0.022222222222222223, 0.022222222222222223, 0.022222222222222223, 0.022222222222222223, 0.022222222222222223, 0.022222222222222223, 0.022222222222222223], [0, 0, 0, 0, 0.025, 0.8, 0.025, 0.025, 0.025, 0.025, 0.025, 0.025, 0.025], [0, 0, 0, 0, 0, 0.028571428571428574, 0.8, 0.028571428571428574, 0.028571428571428574, 0.028571428571428574, 0.028571428571428574, 0.028571428571428574, 0.028571428571428574], [0, 0, 0, 0, 0, 0, 0.03333333333333333, 0.8, 0.03333333333333333, 0.03333333333333333, 0.03333333333333333, 0.03333333333333333, 0.03333333333333333], [0, 0, 0, 0, 0, 0, 0, 0.04, 0.8, 0.04, 0.04, 0.04, 0.04], [0, 0, 0, 0, 0, 0, 0, 0, 0.05, 0.8, 0.05, 0.05, 0.05], [0, 0, 0, 0, 0, 0, 0, 0, 0, 0.06666666666666667, 0.8, 0.06666666666666667, 0.06666666666666667], [0, 0, 0, 0, 0, 0, 0, 0, 0, 0, 0.1, 0.8, 0.1], [0, 0, 0, 0, 0, 0, 0, 0, 0, 0, 0, 0.2, 0.8], [1, 0, 0, 0, 0, 0, 0, 0, 0, 0, 0, 0, 0]], [[1, 0, 0, 0, 0, 0, 0, 0, 0, 0, 0], [0, 0.5814169102598361, 0.004123060540296674, 0.03085179566571188, 0.07054844958997057, 0.26360276707473795, 0.016875319479665113, 0.009033325304463066, 0.006499286736989111, 0.01704908534832933, 0], [0, 0.47099994311463844, 0.0010251407549054078, 0.008343596343831697, 0.34033055005747226, 0.1378372839217156, 0.018310095588376138, 0.00016586638652796334, 0.017925483971216842, 0.005062039861315816, 0], [0, 0.2676843397316107, 0.022272871495533437, 0.00887211758925585, 0.6033453017718368, 0.057781690394220465, 0.008243975447101011, 0.013861268767438763, 0.00997603747338988, 0.007962397329613341, 0], [0, 0.15993474609482605, 0.023850121710567995, 0.0013882736945238917, 0.7541100873204235, 0.03423684022257423, 0.002174314453525983, 0.0032607303348683395, 0.018012558707563787, 0.003032327461126325, 0], [0, 0.058190894538867985, 0.08626722820725352, 0.0015141730074742913, 0.7005739947949423, 0.08046628532549727, 0.005698330787256953, 0.03752739105435063, 0.020020388560012488, 0.00974131372434455, 0], [0, 0.0905862785028095, 0.40244719562891335, 0.0018149815130503043, 0.24595470975142467, 0.18120281857841114, 0.03105776488905882, 0.02383507920456557, 0.013006905071015951, 0.01009426686075064, 0], [0, 0.05568303606578645, 0.7507446247343118, 0.023215108368388117, 0.04075569729413452, 0.06226546545200207, 0.021220530496688386, 0.01315289759694471, 0.03230180481267022, 0.0006608351790737596, 0], [0, 0.08725435912686497, 0.7598772572726584, 0.016322945525574947, 0.02502949834556234, 0.06684702792675368, 0.014955264108436322, 0.00964540254294637, 0.015579559603432146, 0.0044886855477707325, 0], [0, 0.19310084059079802, 0.6120515042339553, 0.011156360304841401, 0.0003127331154421042, 0.14051194373413453, 0.0156231874058318, 0.006375839152629531, 0.0038594758371473083, 0.01700811562522004, 0], [0, 0.34738402988359685, 0.31966956385050604, 0.011321530628895909, 0.002877446153658218, 0.26452759959761135, 0.020368242884932098, 0.007457236503469843, 0.010941620409076125, 0.015452730088253513, 0], [0, 0.35741264139798384, 0.19830143719454157, 0.023785605098729314, 0.02326894962009751, 0.3257980244991211, 0.009737248597167396, 0.036420508666863104, 0.012829274516259096, 0.012446310409236914, 0], [0, 0, 0, 0, 0, 0, 0, 0, 0, 0, 1]], [\'@\', \'a\', \'b\', \'c\', \'d\', \'e\', \'f\', \'g\', \'h\', \'i\', \'$\'])", "([1, 0, 0, 0, 0, 0, 0, 0, 0, 0, 0, 0, 0], [[0, 1, 0, 0, 0, 0, 0, 0, 0, 0, 0, 0, 0], [0, 0.018181818181818184, 0.8, 0.018181818181818184, 0.018181818181818184, 0.018181818181818184, 0.018181818181818184, 0.018181818181818184, 0.018181818181818184, 0.018181818181818184, 0.018181818181818184, 0.018181818181818184, 0.018181818181818184], [0, 0, 0.02, 0.8, 0.02, 0.02, 0.02, 0.02, 0.02, 0.02, 0.02, 0.02, 0.02], [0, 0, 0, 0.022222222222222223, 0.8, 0.022222222222222223, 0.022222222222222223, 0.022222222222222223, 0.022222222222222223, 0.022222222222222223, 0.022222222222222223, 0.022222222222222223, 0.022222222222222223], [0, 0, 0, 0, 0.025, 0.8, 0.025, 0.025, 0.025, 0.025, 0.025, 0.025, 0.025], [0, 0, 0, 0, 0, 0.028571428571428574, 0.8, 0.028571428571428574, 0.028571428571428574, 0.028571428571428574, 0.028571428571428574, 0.028571428571428574, 0.028571428571428574], [0, 0, 0, 0, 0, 0, 0.03333333333333333, 0.8, 0.03333333333333333, 0.03333333333333333, 0.03333333333333333, 0.03333333333333333, 0.03333333333333333], [0, 0, 0, 0, 0, 0, 0, 0.04, 0.8, 0.04, 0.04, 0.04, 0.04], [0, 0, 0, 0, 0, 0, 0, 0, 0.05, 0.8, 0.05, 0.05, 0.05], [0, 0, 0, 0, 0, 0, 0, 0, 0, 0.06666666666666667, 0.8, 0.06666666666666667, 0.06666666666666667], [0, 0, 0, 0, 0, 0, 0, 0, 0, 0, 0.1, 0.8, 0.1], [0, 0, 0, 0, 0, 0, 0, 0, 0, 0, 0, 0.2, 0.8], [1, 0, 0, 0, 0, 0, 0, 0, 0, 0, 0, 0, 0]], [[1, 0, 0, 0, 0, 0, 0, 0, 0, 0, 0], [0, 0.8218280971198849, 0.03314144497662464, 0.01526807333787645, 0.021564216589729825, 0.034067188626841584, 0.012182846118706467, 0.02523253037975732, 0.03669448853528953, 2.111431528927221e-05, 0], [0, 0.8745564884978438, 0.016409159742701615, 0.018472619135362148, 0.011400844777663729, 0.009627784507183774, 0.004913121714178701, 0.029679409255244458, 0.0038573483345936744, 0.031083224035228094, 0], [0, 0.6370814157049897, 0.1551674828937428, 0.10153929592016947, 0.029453469196885046, 0.048143932551713155, 0.003922795190375622, 0.0002866833720065196, 0.004861898494011368, 0.019543026676106346, 0], [0, 0.3561530478869099, 0.2628973583557658, 0.21430786162951374, 0.02606826787929975, 0.05010996818440141, 0.06156357434106652, 0.004271589674321428, 0.005536598510706021, 0.01909173353801565, 0], [0, 0.18959809886951856, 0.20397012749915389, 0.25231739281685583, 0.09130347033479079, 0.088079066353968, 0.1314636917718373, 0.012338735633226754, 0.012362037294445235, 0.018567379426203578, 0], [0, 0.05825421453543025, 0.0688368399340378, 0.0835373594861313, 0.29926204931634676, 0.1369030798112814, 0.2896774331269466, 0.013987138961786105, 0.023979678173657232, 0.025562206654382556, 0], [0, 0.01354774718424324, 0.032058694818966206, 0.028762187885533554, 0.2684593955164017, 0.3380644173679656, 0.28804921071319795, 0.013551621145162429, 0.012211263535613788, 0.0052954618329154775, 0], [0, 0.028734299286149408, 0.01710242870732285, 0.011230626561804588, 0.07207685222985248, 0.7826129870900508, 0.051342069999238134, 0.01821003671047287, 0.008116283722267977, 0.010574415692840938, 0], [0, 0.007760797543424532, 0.016011579832316807, 0.014864373562601632, 0.014893127897028898, 0.8733018650844722, 0.0165668529761171, 0.026175460685387692, 0.020477914422612518, 0.00994802799603865, 0], [0, 0.06448508435835125, 0.012887760668089008, 0.007202588442235552, 0.05905945597742322, 0.7726708811640437, 0.0023337256626406585, 0.027416375191571522, 0.04172716457516908, 0.01221696396047592, 0], [0, 0.04819460096760912, 0.04435912670092949, 0.012734773109966359, 0.051609992702989306, 0.6886141582442236, 0.03395601439089572, 0.05102080813228288, 0.0273424303642822, 0.042168095386821355, 0], [0, 0, 0, 0, 0, 0, 0, 0, 0, 0, 1]], [\'@\', \'a\', \'b\', \'c\', \'d\', \'e\', \'f\', \'g\', \'h\', \'i\', \'$\'])", "([1, 0, 0, 0, 0, 0, 0, 0, 0, 0, 0, 0, 0], [[0, 1, 0, 0, 0, 0, 0, 0, 0, 0, 0, 0, 0], [0, 0.018181818181818184, 0.8, 0.018181818181818184, 0.018181818181818184, 0.018181818181818184, 0.018181818181818184, 0.018181818181818184, 0.018181818181818184, 0.018181818181818184, 0.018181818181818184, 0.018181818181818184, 0.018181818181818184], [0, 0, 0.02, 0.8, 0.02, 0.02, 0.02, 0.02, 0.02, 0.02, 0.02, 0.02, 0.02], [0, 0, 0, 0.022222222222222223, 0.8, 0.022222222222222223, 0.022222222222222223, 0.022222222222222223, 0.022222222222222223, 0.022222222222222223, 0.022222222222222223, 0.022222222222222223, 0.022222222222222223], [0, 0, 0, 0, 0.025, 0.8, 0.025, 0.025, 0.025, 0.025, 0.025, 0.025, 0.025], [0, 0, 0, 0, 0, 0.028571428571428574, 0.8, 0.028571428571428574, 0.028571428571428574, 0.028571428571428574, 0.028571428571428574, 0.028571428571428574, 0.028571428571428574], [0, 0, 0, 0, 0, 0, 0.03333333333333333, 0.8, 0.03333333333333333, 0.03333333333333333, 0.03333333333333333, 0.03333333333333333, 0.03333333333333333], [0, 0, 0, 0, 0, 0, 0, 0.04, 0.8, 0.04, 0.04, 0.04, 0.04], [0, 0, 0, 0, 0, 0, 0, 0, 0.05, 0.8, 0.05, 0.05, 0.05], [0, 0, 0, 0, 0, 0, 0, 0, 0, 0.06666666666666667, 0.8, 0.06666666666666667, 0.06666666666666667], [0, 0, 0, 0, 0, 0, 0, 0, 0, 0, 0.1, 0.8, 0.1], [0, 0, 0, 0, 0, 0, 0, 0, 0, 0, 0, 0.2, 0.8], [1, 0, 0, 0, 0, 0, 0, 0, 0, 0, 0, 0, 0]], [[1, 0, 0, 0, 0, 0, 0, 0, 0, 0, 0], [0, 0.022987897918575907, 0.004055105031238635, 0.007319738323862963, 0.036061633055951565, 0.8736372204305172, 0.02547349804327572, 0.002779519448122708, 0.016375453759037942, 0.011309933989417383, 0], [0, 0.029692340093994442, 0.01801951940131142, 0.012597733839642388, 0.14094593047692566, 0.744457880210279, 0.024252274899376088, 0.0011723474583432089, 0.005085307687864053, 0.023776665932263782, 0], [0, 0.042202415612651804, 0.013531489364418357, 0.010062228700963039, 0.28985737179992005, 0.40051187976688163, 0.1205454959369132, 0.008723081005585708, 0.020205920886180073, 0.09436011692648613, 0], [0, 0.1281088551269553, 0.04271132242141846, 0.013163590918317859, 0.3773849256942874, 0.07671449247877893, 0.04567758444204598, 0.056417983468352785, 0.0245896775536611, 0.2352315678961822, 0], [0, 0.1882827768497796, 0.07302908524781569, 0.005088639343533802, 0.10556388155363979, 0.11318915455789301, 0.032060417385372665, 0.014702048562521249, 0.014242295537247514, 0.4538417009621967, 0], [0, 0.11673314024560477, 0.23434276040559512, 0.03395923736194326, 0.018252834963900632, 0.11863886326589825, 0.010994530208023911, 0.01177548641992795, 0.01610089065546972, 0.43920225647363637, 0], [0, 0.22574065285901912, 0.3429781143422461, 0.05465176100373121, 0.008244639038543604, 0.08437302186926265, 0.017239078953566883, 0.012395916484541619, 0.041546218409743194, 0.21283059703934556, 0], [0, 0.5418850108666059, 0.2550701133893383, 0.02550344242970204, 0.004643829376420879, 0.023004664676702216, 0.016567771886505316, 0.007889484492963826, 0.04770612774272048, 0.07772955513904123, 0], [0, 0.8181114746439381, 0.0804726056569094, 0.023855788454925152, 0.0025566992582991784, 0.004310676354944651, 0.009348373534098849, 0.010917257958383797, 0.011336753196120644, 0.03909037094238027, 0], [0, 0.7727976441976435, 0.0738933992466591, 0.008034590160689126, 0.09918702344238128, 0.0028288085940269487, 0.016553287915631584, 0.006188202459024438, 0.016630012328906613, 0.0038870316550374136, 0], [0, 0.6272529944192106, 0.021132432656615293, 0.033228689009074656, 0.21877401259376236, 0.00984659788826754, 0.02758598472176083, 0.030941326604016082, 0.004357991384507071, 0.02687997072278556, 0], [0, 0, 0, 0, 0, 0, 0, 0, 0, 0, 1]], [\'@\', \'a\', \'b\', \'c\', \'d\', \'e\', \'f\', \'g\', \'h\', \'i\', \'$\'])", "([1, 0, 0, 0, 0, 0, 0, 0, 0, 0, 0, 0, 0], [[0, 1, 0, 0, 0, 0, 0, 0, 0, 0, 0, 0, 0], [0, 0.018181818181818184, 0.8, 0.018181818181818184, 0.018181818181818184, 0.018181818181818184, 0.018181818181818184, 0.018181818181818184, 0.018181818181818184, 0.018181818181818184, 0.018181818181818184, 0.018181818181818184, 0.018181818181818184], [0, 0, 0.02, 0.8, 0.02, 0.02, 0.02, 0.02, 0.02, 0.02, 0.02, 0.02, 0.02], [0, 0, 0, 0.022222222222222223, 0.8, 0.022222222222222223, 0.022222222222222223, 0.022222222222222223, 0.022222222222222223, 0.022222222222222223, 0.022222222222222223, 0.022222222222222223, 0.022222222222222223], [0, 0, 0, 0, 0.025, 0.8, 0.025, 0.025, 0.025, 0.025, 0.025, 0.025, 0.025], [0, 0, 0, 0, 0, 0.028571428571428574, 0.8, 0.028571428571428574, 0.028571428571428574, 0.028571428571428574, 0.028571428571428574, 0.028571428571428574, 0.028571428571428574], [0, 0, 0, 0, 0, 0, 0.03333333333333333, 0.8, 0.03333333333333333, 0.03333333333333333, 0.03333333333333333, 0.03333333333333333, 0.03333333333333333], [0, 0, 0, 0, 0, 0, 0, 0.04, 0.8, 0.04, 0.04, 0.04, 0.04], [0, 0, 0, 0, 0, 0, 0, 0, 0.05, 0.8, 0.05, 0.05, 0.05], [0, 0, 0, 0, 0, 0, 0, 0, 0, 0.06666666666666667, 0.8, 0.06666666666666667, 0.06666666666666667], [0, 0, 0, 0, 0, 0, 0, 0, 0, 0, 0.1, 0.8, 0.1], [0, 0, 0, 0, 0, 0, 0, 0, 0, 0, 0, 0.2, 0.8], [1, 0, 0, 0, 0, 0, 0, 0, 0, 0, 0, 0, 0]], [[1, 0, 0, 0, 0, 0, 0, 0, 0, 0, 0], [0, 0.147711054834193, 0.4027237258390604, 0.051481152976792566, 0.03318447914864457, 0.1532246758759232, 0.02630274943898091, 0.07969652207174271, 0.08116284246238843, 0.024512797352274348, 0], [0, 0.21338045811335146, 0.19514622998786044, 0.09492611273054567, 0.21107022629731917, 0.056774015370912444, 0.03256971332608479, 0.061818723957073184, 0.0919469579127196, 0.042367562304133244, 0], [0, 0.1526208979171428, 0.13009630763465416, 0.06697863831623452, 0.1765356961829187, 0.08957985496834976, 0.06942669502903195, 0.13650218844503892, 0.12470196097899072, 0.053557760527638436, 0], [0, 0.13861887561469857, 0.01627434006866381, 0.030784543961314907, 0.2796646982696211, 0.10567881578680884, 0.0921568924055245, 0.20371974581388755, 0.09225850528152377, 0.04084358279795685, 0], [0, 0.054285363163472225, 0.016092584983010742, 0.027193978767158636, 0.40724155415560437, 0.10312083767386628, 0.15328725544804853, 0.14976803077375972, 0.043159318535852455, 0.04585107649922704, 0], [0, 0.020505701399966395, 0.013797530247661546, 0.037960874606123456, 0.5983438074476283, 0.1255797193637064, 0.10725462550401757, 0.05242136986537113, 0.013169456483235892, 0.030966915082289326, 0], [0, 0.0031398953776154473, 0.0016152580540077259, 0.02098351117918492, 0.7689741651975176, 0.04248546476606601, 0.0917314559431942, 0.040624095121636866, 0.0019011453196847551, 0.02854500904109234, 0], [0, 0.010361020941813702, 0.0029665674109099877, 0.01652556182620623, 0.8288411326241204, 0.06336621712142483, 0.04673333927104718, 0.012269879932438608, 0.01718701618562895, 0.001749264686410191, 0], [0, 0.015942740929848688, 0.009172942531244859, 0.0028147724411805124, 0.8812316317023555, 0.030171269089756567, 0.025929278574707622, 0.014678546541339873, 0.017301193588984843, 0.0027576246005813917, 0], [0, 0.006536655752652386, 0.013147076244785087, 0.006109830888356695, 0.9215719578170706, 0.015016319387826818, 0.0060363895031688266, 0.012864287620106305, 0.01145079839041524, 0.00726668439561806, 0], [0, 0.019196549598794917, 0.005158709942319475, 0.003369953469491138, 0.9099353231592552, 0.012923408652103646, 0.005771909108102855, 0.021557165514880898, 0.010772797551251379, 0.011314183003800451, 0], [0, 0, 0, 0, 0, 0, 0, 0, 0, 0, 1]], [\'@\', \'a\', \'b\', \'c\', \'d\', \'e\', \'f\', \'g\', \'h\', \'i\', \'$\'])", "([1, 0, 0, 0, 0, 0, 0, 0, 0, 0, 0, 0, 0], [[0, 1, 0, 0, 0, 0, 0, 0, 0, 0, 0, 0, 0], [0, 0.018181818181818184, 0.8, 0.018181818181818184, 0.018181818181818184, 0.018181818181818184, 0.018181818181818184, 0.018181818181818184, 0.018181818181818184, 0.018181818181818184, 0.018181818181818184, 0.018181818181818184, 0.018181818181818184], [0, 0, 0.02, 0.8, 0.02, 0.02, 0.02, 0.02, 0.02, 0.02, 0.02, 0.02, 0.02], [0, 0, 0, 0.022222222222222223, 0.8, 0.022222222222222223, 0.022222222222222223, 0.022222222222222223, 0.022222222222222223, 0.022222222222222223, 0.022222222222222223, 0.022222222222222223, 0.022222222222222223], [0, 0, 0, 0, 0.025, 0.8, 0.025, 0.025, 0.025, 0.025, 0.025, 0.025, 0.025], [0, 0, 0, 0, 0, 0.028571428571428574, 0.8, 0.028571428571428574, 0.028571428571428574, 0.028571428571428574, 0.028571428571428574, 0.028571428571428574, 0.028571428571428574], [0, 0, 0, 0, 0, 0, 0.03333333333333333, 0.8, 0.03333333333333333, 0.03333333333333333, 0.03333333333333333, 0.03333333333333333, 0.03333333333333333], [0, 0, 0, 0, 0, 0, 0, 0.04, 0.8, 0.04, 0.04, 0.04, 0.04], [0, 0, 0, 0, 0, 0, 0, 0, 0.05, 0.8, 0.05, 0.05, 0.05], [0, 0, 0, 0, 0, 0, 0, 0, 0, 0.06666666666666667, 0.8, 0.06666666666666667, 0.06666666666666667], [0, 0, 0, 0, 0, 0, 0, 0, 0, 0, 0.1, 0.8, 0.1], [0, 0, 0, 0, 0, 0, 0, 0, 0, 0, 0, 0.2, 0.8], [1, 0, 0, 0, 0, 0, 0, 0, 0, 0, 0, 0, 0]], [[1, 0, 0, 0, 0, 0, 0, 0, 0, 0, 0], [0, 0.12942142999253253, 0.4220607275048339, 0.05069285882783002, 0.02506926425730952, 0.21996143880289665, 0.022348785460232733, 0.016679556830628, 0.09271887783810927, 0.021047060485627343, 0], [0, 0.0954568889005035, 0.2756824341387795, 0.032783036702391403, 0.08859819102958437, 0.1545925085128327, 0.05938696685221785, 0.038132299193307954, 0.17825968046391702, 0.07710799420646565, 0], [0, 0.11429391543370844, 0.12937468980635075, 0.06877846676689522, 0.07055776306096177, 0.15113651863291994, 0.06664550606005086, 0.08319609475552726, 0.19286221698540193, 0.12315482849818386, 0], [0, 0.08290530581962838, 0.06374712090175812, 0.06814115871108799, 0.10388837187455234, 0.10062473143291209, 0.10555252068006617, 0.14017775614192204, 0.1838687755825424, 0.15109425885553063, 0], [0, 0.061750451771918874, 0.05798145138167036, 0.057022454311907805, 0.1143869522649662, 0.04589089419251922, 0.18445093104197344, 0.18325554377764405, 0.16319278882937158, 0.1320685324280285, 0], [0, 0.04471593295954801, 0.033967069136088296, 0.06131442664962093, 0.10777599711043004, 0.09096873682737801, 0.14441499071039918, 0.1629982133940397, 0.181731902483884, 0.1721127307286118, 0], [0, 0.048951754074723276, 0.009169051005639767, 0.050130745942140155, 0.1385396211583111, 0.15517423277551307, 0.13197728830384445, 0.12172933681739687, 0.15426452189928935, 0.19006344802314198, 0], [0, 0.0180366624442983, 0.032725117684259, 0.05317526996437789, 0.18350016739302027, 0.1481853364796276, 0.15350417718345327, 0.18511166163507703, 0.13542421346457492, 0.09033739375131176, 0], [0, 0.021600962336415373, 0.03569500305621072, 0.04314425016125035, 0.16985386466832392, 0.17316261213115114, 0.1840787004489597, 0.2025415565371854, 0.07798725857615968, 0.09193579208434373, 0], [0, 0.08486941197967234, 0.05864345862816814, 0.07646199498586503, 0.232920030338485, 0.17476762601224063, 0.14737312677361325, 0.08496532246189195, 0.05487887214146841, 0.08512015667859525, 0], [0, 0.050939112233658955, 0.046192652358100134, 0.06584108929951972, 0.14805491639345658, 0.22267106500750544, 0.13275323141417186, 0.08136031578405875, 0.05168649228093822, 0.20050112522859032, 0], [0, 0, 0, 0, 0, 0, 0, 0, 0, 0, 1]], [\'@\', \'a\', \'b\', \'c\', \'d\', \'e\', \'f\', \'g\', \'h\', \'i\', \'$\'])", "([1, 0, 0, 0, 0, 0, 0, 0, 0, 0, 0, 0, 0], [[0, 1, 0, 0, 0, 0, 0, 0, 0, 0, 0, 0, 0], [0, 0.018181818181818184, 0.8, 0.018181818181818184, 0.018181818181818184, 0.018181818181818184, 0.018181818181818184, 0.018181818181818184, 0.018181818181818184, 0.018181818181818184, 0.018181818181818184, 0.018181818181818184, 0.018181818181818184], [0, 0, 0.02, 0.8, 0.02, 0.02, 0.02, 0.02, 0.02, 0.02, 0.02, 0.02, 0.02], [0, 0, 0, 0.022222222222222223, 0.8, 0.022222222222222223, 0.022222222222222223, 0.022222222222222223, 0.022222222222222223, 0.022222222222222223, 0.022222222222222223, 0.022222222222222223, 0.022222222222222223], [0, 0, 0, 0, 0.025, 0.8, 0.025, 0.025, 0.025, 0.025, 0.025, 0.025, 0.025], [0, 0, 0, 0, 0, 0.028571428571428574, 0.8, 0.028571428571428574, 0.028571428571428574, 0.028571428571428574, 0.028571428571428574, 0.028571428571428574, 0.028571428571428574], [0, 0, 0, 0, 0, 0, 0.03333333333333333, 0.8, 0.03333333333333333, 0.03333333333333333, 0.03333333333333333, 0.03333333333333333, 0.03333333333333333], [0, 0, 0, 0, 0, 0, 0, 0.04, 0.8, 0.04, 0.04, 0.04, 0.04], [0, 0, 0, 0, 0, 0, 0, 0, 0.05, 0.8, 0.05, 0.05, 0.05], [0, 0, 0, 0, 0, 0, 0, 0, 0, 0.06666666666666667, 0.8, 0.06666666666666667, 0.06666666666666667], [0, 0, 0, 0, 0, 0, 0, 0, 0, 0, 0.1, 0.8, 0.1], [0, 0, 0, 0, 0, 0, 0, 0, 0, 0, 0, 0.2, 0.8], [1, 0, 0, 0, 0, 0, 0, 0, 0, 0, 0, 0, 0]], [[1, 0, 0, 0, 0, 0, 0, 0, 0, 0, 0], [0, 0.01692988530733461, 0.20183741303571034, 0.013958731880052616, 0.010010781221502662, 0.6987434955887033, 0.011603571979022577, 0.023232493704967203, 0.01238916990879989, 0.011294457373906856, 0], [0, 0.0338746114210619, 0.31321809226508757, 0.02136746281001602, 0.04737672632798811, 0.4953739100431486, 0.03589162828456005, 0.014095857775307674, 0.01124298918017159, 0.02755872189265845, 0], [0, 0.14899955686570204, 0.29626192357063613, 0.013132422704616512, 0.06156024144206115, 0.2987601041427208, 0.07307367421031911, 0.03458751171293183, 0.03371571823759975, 0.03990884711341266, 0], [0, 0.2858389138777822, 0.3650776450350835, 0.059457094581380696, 0.028941979779693646, 0.12555252001880268, 0.04562135303847996, 0.017221905644908442, 0.04481091879989417, 0.027477669223974596, 0], [0, 0.2781255946589184, 0.379333610483564, 0.07466029602619