((11, 0.5, 'COMPONENT', 4.6, 0.5), '([\'VVVVVVVVVVV\', \'JJJJJJJJJJJ\', \'QQQQQQQQQQQ\', \'KKKKKKKKKKK\', \'NNNNNNNNNNN\', \'XXXXXXXXXXX\', \'AAAAAAAAAAA\', \'UUUUUUUUUUU\', \'DDDDDDDDDDD\', \'EEEEEEEEEEE\', \'SSSSSSSSSSS\', \'OOOOOOOOOOO\', \'IIIIIIIIIII\', \'YYYYYYYYYYY\', \'CCCCCCCCCCC\', \'GGGGGGGGGGG\', \'BBBBBBBBBBB\', \'PPPPPPPPPPP\', \'HHHHHHHHHHH\', \'ZZZZZZZZZZZ\', \'LLLLLLLLLLL\', \'TTTTTTTTTTT\', \'WWWWWWWWWWW\', \'RRRRRRRRRRR\', \'MMMMMMMMMMM\', \'FFFFFFFFFFF\'], ["([1, 0, 0, 0, 0, 0, 0, 0, 0, 0, 0, 0, 0], [[0, 1, 0, 0, 0, 0, 0, 0, 0, 0, 0, 0, 0], [0, 0.018181818181818184, 0.8, 0.018181818181818184, 0.018181818181818184, 0.018181818181818184, 0.018181818181818184, 0.018181818181818184, 0.018181818181818184, 0.018181818181818184, 0.018181818181818184, 0.018181818181818184, 0.018181818181818184], [0, 0, 0.02, 0.8, 0.02, 0.02, 0.02, 0.02, 0.02, 0.02, 0.02, 0.02, 0.02], [0, 0, 0, 0.022222222222222223, 0.8, 0.022222222222222223, 0.022222222222222223, 0.022222222222222223, 0.022222222222222223, 0.022222222222222223, 0.022222222222222223, 0.022222222222222223, 0.022222222222222223], [0, 0, 0, 0, 0.025, 0.8, 0.025, 0.025, 0.025, 0.025, 0.025, 0.025, 0.025], [0, 0, 0, 0, 0, 0.028571428571428574, 0.8, 0.028571428571428574, 0.028571428571428574, 0.028571428571428574, 0.028571428571428574, 0.028571428571428574, 0.028571428571428574], [0, 0, 0, 0, 0, 0, 0.03333333333333333, 0.8, 0.03333333333333333, 0.03333333333333333, 0.03333333333333333, 0.03333333333333333, 0.03333333333333333], [0, 0, 0, 0, 0, 0, 0, 0.04, 0.8, 0.04, 0.04, 0.04, 0.04], [0, 0, 0, 0, 0, 0, 0, 0, 0.05, 0.8, 0.05, 0.05, 0.05], [0, 0, 0, 0, 0, 0, 0, 0, 0, 0.06666666666666667, 0.8, 0.06666666666666667, 0.06666666666666667], [0, 0, 0, 0, 0, 0, 0, 0, 0, 0, 0.1, 0.8, 0.1], [0, 0, 0, 0, 0, 0, 0, 0, 0, 0, 0, 0.2, 0.8], [1, 0, 0, 0, 0, 0, 0, 0, 0, 0, 0, 0, 0]], [[1, 0, 0, 0, 0, 0, 0, 0, 0, 0, 0, 0], [0, 0.005465356760437739, 0.016894813897899475, 0.015421971186357531, 0.006306582918204704, 0.0003682516308513836, 0.010857926283394166, 0.8562948633952076, 0.04459107071970249, 0.03881939267230304, 0.00497977053564198, 0], [0, 0.021098312357882412, 0.00039206159862298747, 0.0014882111202581317, 0.008691721886624655, 0.0008127161945976623, 0.01174156166476106, 0.9004458379069452, 0.020933219331329554, 0.01681528851453561, 0.017581069424442614, 0], [0, 0.0015751244897622089, 0.006388370068924733, 0.013063905634781192, 0.01924063027818218, 0.003845912433024215, 0.0018058776850433836, 0.8576223525739693, 0.06432976418413038, 0.0318869249659127, 0.00024113768626955813, 0], [0, 0.003655849648178012, 0.009878693004714887, 0.013290865695976508, 0.007733976395913653, 0.019040108802138644, 0.009258185262547493, 0.8334705020379671, 0.08372038273118668, 0.012216790008499274, 0.007734646412877775, 0], [0, 0.014779453076993146, 0.0032541341312496805, 0.012581116668037783, 0.0010189449937075563, 0.009611636486546503, 0.012553956774860962, 0.8251430564962138, 0.09388998698215462, 0.021652759077294706, 0.005514955312941126, 0], [0, 0.016791827632353182, 0.015817754987202483, 0.007451759496214625, 0.014136628148745023, 0.014047931348376955, 0.0008871356736245565, 0.812167906144815, 0.07142815975884903, 0.03373634773247657, 0.013534549077342594, 0], [0, 0.010499375989445177, 0.00867740636636289, 0.007196580834670395, 0.010255265003412962, 0.013129724024259987, 0.0015418121154798276, 0.8416795954314936, 0.06837112592478035, 0.03106934221475331, 0.007579772095341502, 0], [0, 0.01779398787501251, 0.009223733941887214, 0.017439004526924536, 0.008170170773245772, 0.002065581402741383, 0.0003006361833946323, 0.8319377653083386, 0.08510352083570887, 0.01697161050418294, 0.010993988648563489, 0], [0, 0.009900741696022989, 0.014995785907364249, 0.009658943702800545, 0.009116805409398708, 0.0045525242085943385, 0.011757134576309423, 0.8598240074849751, 0.03473405176587898, 0.03480642634953707, 0.010653578899118589, 0], [0, 0.00407456886197436, 0.008876376166050137, 0.0006775915191938761, 0.012926477292390146, 0.01644848652781013, 0.003358213944627457, 0.8455867266864874, 0.06682014444970258, 0.03872183979950503, 0.002509574752258931, 0], [0, 0.01659005739174651, 0.008232796958133245, 0.007241559124601889, 0.0034785643497162633, 0.0055889094642786255, 0.01370488840298014, 0.6512842909474014, 0.20536345538391435, 0.08022427451162537, 0.008291203465602165, 0], [0, 0, 0, 0, 0, 0, 0, 0, 0, 0, 0, 1]], [\'@\', \'a\', \'b\', \'c\', \'d\', \'e\', \'f\', \'g\', \'h\', \'i\', \'j\', \'$\'])", "([1, 0, 0, 0, 0, 0, 0, 0, 0, 0, 0, 0, 0], [[0, 1, 0, 0, 0, 0, 0, 0, 0, 0, 0, 0, 0], [0, 0.018181818181818184, 0.8, 0.018181818181818184, 0.018181818181818184, 0.018181818181818184, 0.018181818181818184, 0.018181818181818184, 0.018181818181818184, 0.018181818181818184, 0.018181818181818184, 0.018181818181818184, 0.018181818181818184], [0, 0, 0.02, 0.8, 0.02, 0.02, 0.02, 0.02, 0.02, 0.02, 0.02, 0.02, 0.02], [0, 0, 0, 0.022222222222222223, 0.8, 0.022222222222222223, 0.022222222222222223, 0.022222222222222223, 0.022222222222222223, 0.022222222222222223, 0.022222222222222223, 0.022222222222222223, 0.022222222222222223], [0, 0, 0, 0, 0.025, 0.8, 0.025, 0.025, 0.025, 0.025, 0.025, 0.025, 0.025], [0, 0, 0, 0, 0, 0.028571428571428574, 0.8, 0.028571428571428574, 0.028571428571428574, 0.028571428571428574, 0.028571428571428574, 0.028571428571428574, 0.028571428571428574], [0, 0, 0, 0, 0, 0, 0.03333333333333333, 0.8, 0.03333333333333333, 0.03333333333333333, 0.03333333333333333, 0.03333333333333333, 0.03333333333333333], [0, 0, 0, 0, 0, 0, 0, 0.04, 0.8, 0.04, 0.04, 0.04, 0.04], [0, 0, 0, 0, 0, 0, 0, 0, 0.05, 0.8, 0.05, 0.05, 0.05], [0, 0, 0, 0, 0, 0, 0, 0, 0, 0.06666666666666667, 0.8, 0.06666666666666667, 0.06666666666666667], [0, 0, 0, 0, 0, 0, 0, 0, 0, 0, 0.1, 0.8, 0.1], [0, 0, 0, 0, 0, 0, 0, 0, 0, 0, 0, 0.2, 0.8], [1, 0, 0, 0, 0, 0, 0, 0, 0, 0, 0, 0, 0]], [[1, 0, 0, 0, 0, 0, 0, 0, 0, 0, 0, 0], [0, 0.0017498462441461367, 0.004647003591496809, 0.01807838128264483, 0.009860132930931591, 0.007028459267942044, 0.001537790738807602, 0.7617470430876631, 0.11106440340393253, 0.0705267422524372, 0.01376019719999835, 0], [0, 0.011700287901141507, 0.01495359793817306, 0.01137632824269255, 0.0007566199549268307, 0.01345875937608643, 0.007378423744035703, 0.8109320280504724, 0.08391347046671029, 0.03658214242932438, 0.008948341896437005, 0], [0, 0.007473475449376534, 0.012187218311744378, 0.0024706836062759648, 0.009622319911698473, 0.015381336770064247, 0.003134695329381928, 0.5166634843226072, 0.20117305168799354, 0.17792041070495862, 0.053973323905899095, 0], [0, 0.0020033416340597848, 0.0006432630671129382, 0.011855886820958632, 0.010671880452158134, 0.007253663913668118, 0.01027357126810819, 0.42645797546552716, 0.19783658837452078, 0.23957234447402506, 0.09343148452986129, 0], [0, 0.005501315136303233, 0.006015750192967958, 0.012977670289766648, 0.01242395194140694, 0.006837810835651353, 0.014260734622090234, 0.45332284882550333, 0.17036325920489442, 0.19252768929706793, 0.12576896965434795, 0], [0, 0.016409782273281007, 0.0008898502357573127, 0.011108094769234415, 0.004583880348129191, 0.014490069439717623, 0.005713436086077337, 0.4917275753218613, 0.18437705832512466, 0.17882100762352082, 0.09187924557729638, 0], [0, 0.007523154359132771, 0.01870818630239603, 0.012706653043559972, 0.0013684865025272268, 0.005420777750526916, 0.005741858473664915, 0.6915560680182535, 0.13642587138370182, 0.07926810501948531, 0.04128083914675145, 0], [0, 0.011252779953563613, 0.0033468412602399122, 0.0015991143709387558, 0.021224582199975087, 0.016596669392503094, 0.0064006475102440265, 0.8398877678610428, 0.06664937362003337, 0.02234936704168804, 0.010692856789771228, 0], [0, 0.015717423164640924, 0.007402490065190491, 0.003306287894047225, 0.013303664496770687, 0.015285008367151541, 0.009368359523380684, 0.9188340006041887, 0.0004792664407500325, 0.002616097661265457, 0.013687401782614194, 0], [0, 0.0176532068186291, 0.0034649520549869892, 0.028298955708738898, 0.012526077190697477, 0.0007361137700065114, 0.0036683381332981166, 0.8815958638745753, 0.02999334083287391, 0.009416598495073623, 0.012646553121119904, 0], [0, 0.005557548604883607, 0.008427537115645792, 0.020947840188237626, 0.003928415745025429, 0.009486579415144683, 0.02282563341296099, 0.8695854836120412, 0.03369994290853684, 0.021742040696616775, 0.0037989783009071596, 0], [0, 0, 0, 0, 0, 0, 0, 0, 0, 0, 0, 1]], [\'@\', \'a\', \'b\', \'c\', \'d\', \'e\', \'f\', \'g\', \'h\', \'i\', \'j\', \'$\'])", "([1, 0, 0, 0, 0, 0, 0, 0, 0, 0, 0, 0, 0], [[0, 1, 0, 0, 0, 0, 0, 0, 0, 0, 0, 0, 0], [0, 0.018181818181818184, 0.8, 0.018181818181818184, 0.018181818181818184, 0.018181818181818184, 0.018181818181818184, 0.018181818181818184, 0.018181818181818184, 0.018181818181818184, 0.018181818181818184, 0.018181818181818184, 0.018181818181818184], [0, 0, 0.02, 0.8, 0.02, 0.02, 0.02, 0.02, 0.02, 0.02, 0.02, 0.02, 0.02], [0, 0, 0, 0.022222222222222223, 0.8, 0.022222222222222223, 0.022222222222222223, 0.022222222222222223, 0.022222222222222223, 0.022222222222222223, 0.022222222222222223, 0.022222222222222223, 0.022222222222222223], [0, 0, 0, 0, 0.025, 0.8, 0.025, 0.025, 0.025, 0.025, 0.025, 0.025, 0.025], [0, 0, 0, 0, 0, 0.028571428571428574, 0.8, 0.028571428571428574, 0.028571428571428574, 0.028571428571428574, 0.028571428571428574, 0.028571428571428574, 0.028571428571428574], [0, 0, 0, 0, 0, 0, 0.03333333333333333, 0.8, 0.03333333333333333, 0.03333333333333333, 0.03333333333333333, 0.03333333333333333, 0.03333333333333333], [0, 0, 0, 0, 0, 0, 0, 0.04, 0.8, 0.04, 0.04, 0.04, 0.04], [0, 0, 0, 0, 0, 0, 0, 0, 0.05, 0.8, 0.05, 0.05, 0.05], [0, 0, 0, 0, 0, 0, 0, 0, 0, 0.06666666666666667, 0.8, 0.06666666666666667, 0.06666666666666667], [0, 0, 0, 0, 0, 0, 0, 0, 0, 0, 0.1, 0.8, 0.1], [0, 0, 0, 0, 0, 0, 0, 0, 0, 0, 0, 0.2, 0.8], [1, 0, 0, 0, 0, 0, 0, 0, 0, 0, 0, 0, 0]], [[1, 0, 0, 0, 0, 0, 0, 0, 0, 0, 0, 0], [0, 0.007449313332798136, 0.018757479563604334, 0.0007942115433440467, 0.0005322320003184205, 0.017641769455276665, 0.007616184022432604, 0.9150676728203609, 0.011896300144138972, 0.013140786801003808, 0.00710405031672191, 0], [0, 0.002832466848531365, 0.00042956930144464304, 0.006070510223521927, 0.0032399329557051162, 0.01543365274762361, 0.0008740098833720388, 0.9282668610035798, 0.014532772107898077, 0.00046481779950899386, 0.0278554071288146, 0], [0, 0.011845406007266135, 0.005923714781916128, 0.012016707805587003, 0.006506195600926205, 0.008246615561936392, 0.010202095018437163, 0.9014229701418935, 0.02609193271478023, 0.013044401734198548, 0.0046999606330586285, 0], [0, 0.00938476892425552, 0.0024175183389872597, 0.012435177513557378, 0.010355148793469155, 0.005367013983378872, 0.015194460080734959, 0.9033205243630048, 0.025167981820516043, 0.015255814681461389, 0.0011015915006346191, 0], [0, 0.010111117108772725, 0.002424107559936703, 0.0174101924688015, 0.0017328865745802598, 0.013604969022623536, 0.003950302833076016, 0.8808311503064357, 0.049200014717153115, 0.018122599337324772, 0.0026126600712957685, 0], [0, 0.013184927849196691, 0.0028260628863143226, 0.012788880013705236, 0.007032362551142895, 0.002411558315301263, 0.004231041712365462, 0.9213950877012219, 0.012880258742387726, 0.015786837724788807, 0.007462982503575689, 0], [0, 0.013983828987322682, 0.01116393994286545, 0.0050467875658409414, 0.00677077308336895, 0.011052765062360739, 0.01010204202477672, 0.913322994956519, 0.013864934076633143, 0.005191037959269182, 0.009500896341043208, 0], [0, 0.004734603796830363, 0.009949902340065249, 0.010422522233652438, 0.012623194646077519, 0.008023828293512909, 0.012208943468435887, 0.9209728175348426, 0.006117565963818095, 0.012947418987418672, 0.0019992027353460964, 0], [0, 0.015156810600307892, 0.007745591568450474, 0.0002921756156154542, 0.007754958887422472, 0.011685066576890042, 0.010967102167099698, 0.9102722495812464, 0.017504520392544628, 0.009024867310251239, 0.009596657300171544, 0], [0, 0.010172027565182979, 0.005043138211790376, 0.011737361780847097, 0.015781780607879405, 0.005870498555337679, 0.007153454536355129, 0.8930569925178241, 0.02513005558744012, 0.011340805315266841, 0.014713885322076148, 0], [0, 0.005144484328173213, 0.008372657589359967, 0.006617746720527309, 0.0033920790230174773, 0.007317484781805141, 0.005754203141722932, 0.7507882028769596, 0.12486190816355398, 0.07632291655868902, 0.01142831681619135, 0], [0, 0, 0, 0, 0, 0, 0, 0, 0, 0, 0, 1]], [\'@\', \'a\', \'b\', \'c\', \'d\', \'e\', \'f\', \'g\', \'h\', \'i\', \'j\', \'$\'])", "([1, 0, 0, 0, 0, 0, 0, 0, 0, 0, 0, 0, 0], [[0, 1, 0, 0, 0, 0, 0, 0, 0, 0, 0, 0, 0], [0, 0.018181818181818184, 0.8, 0.018181818181818184, 0.018181818181818184, 0.018181818181818184, 0.018181818181818184, 0.018181818181818184, 0.018181818181818184, 0.018181818181818184, 0.018181818181818184, 0.018181818181818184, 0.018181818181818184], [0, 0, 0.02, 0.8, 0.02, 0.02, 0.02, 0.02, 0.02, 0.02, 0.02, 0.02, 0.02], [0, 0, 0, 0.022222222222222223, 0.8, 0.022222222222222223, 0.022222222222222223, 0.022222222222222223, 0.022222222222222223, 0.022222222222222223, 0.022222222222222223, 0.022222222222222223, 0.022222222222222223], [0, 0, 0, 0, 0.025, 0.8, 0.025, 0.025, 0.025, 0.025, 0.025, 0.025, 0.025], [0, 0, 0, 0, 0, 0.028571428571428574, 0.8, 0.028571428571428574, 0.028571428571428574, 0.028571428571428574, 0.028571428571428574, 0.028571428571428574, 0.028571428571428574], [0, 0, 0, 0, 0, 0, 0.03333333333333333, 0.8, 0.03333333333333333, 0.03333333333333333, 0.03333333333333333, 0.03333333333333333, 0.03333333333333333], [0, 0, 0, 0, 0, 0, 0, 0.04, 0.8, 0.04, 0.04, 0.04, 0.04], [0, 0, 0, 0, 0, 0, 0, 0, 0.05, 0.8, 0.05, 0.05, 0.05], [0, 0, 0, 0, 0, 0, 0, 0, 0, 0.06666666666666667, 0.8, 0.06666666666666667, 0.06666666666666667], [0, 0, 0, 0, 0, 0, 0, 0, 0, 0, 0.1, 0.8, 0.1], [0, 0, 0, 0, 0, 0, 0, 0, 0, 0, 0, 0.2, 0.8], [1, 0, 0, 0, 0, 0, 0, 0, 0, 0, 0, 0, 0]], [[1, 0, 0, 0, 0, 0, 0, 0, 0, 0, 0, 0], [0, 0.015536481503645148, 0.009826531212613253, 0.3546957368621091, 0.02059119737243027, 0.015075312345488237, 0.0071462268387187606, 0.4648013451732579, 0.055809122469177144, 0.052996077042907284, 0.0035219691796529247, 0], [0, 0.01707716478651608, 0.010427711460266793, 0.09242783427713774, 0.014393662100525504, 0.008651761030114783, 0.003238833623951332, 0.7900100059475451, 0.03641876933896861, 0.010827478608453952, 0.016526778826520195, 0], [0, 0.002872477320804461, 0.005415018338331275, 0.00845850718039969, 0.003730258365001866, 0.020612378690027935, 0.0016869785305068804, 0.9124801219740343, 0.020906797108322432, 0.022082307305714408, 0.0017551551868566786, 0], [0, 0.003684610223094149, 0.014175081776222098, 0.002391484357742775, 0.007786719690674897, 0.0172110295232563, 0.015092738623778943, 0.9029397689929023, 0.010833137920095628, 0.023408179103662108, 0.0024772497885710196, 0], [0, 0.01337599697242996, 0.011799520697278876, 0.003726623134707711, 0.01149444162333128, 0.012353142004937399, 0.002405299519249904, 0.9145886157842793, 0.014614289326282729, 0.015516561729637808, 0.0001255092078649537, 0], [0, 0.014950055354536711, 0.006607459910818298, 0.0067886905919283215, 0.008432048878235279, 0.004781174765508334, 0.014305723874509893, 0.8923146357201782, 0.03431479879504355, 0.003268692256538239, 0.014236719852703188, 0], [0, 0.01796281674316032, 0.00314104838292563, 0.008276178628696637, 0.0004643715923996806, 0.011156480380845626, 0.015588033397042032, 0.9225768285195666, 0.001078696377252173, 0.01055531550070155, 0.009200230477409789, 0], [0, 0.008940296221438174, 0.006944724665304716, 0.0032989316845105656, 0.013584317220796966, 0.011950439721832498, 0.012890534619691882, 0.8931191045559723, 0.032898074406544645, 0.013066908831550459, 0.0033066680723577396, 0], [0, 0.0022921084561303307, 0.011821395619036503, 0.004690338062476657, 0.016921403963643233, 0.0026113878226233732, 0.012532495287088321, 0.9072741480511097, 0.022328619855850038, 0.011424223676091477, 0.008103879205950418, 0], [0, 0.016245722152895603, 0.0046712186960297195, 0.0136899448017079, 0.0057891480306092365, 0.016071356407356442, 0.010751577281493261, 0.8444237197450766, 0.05084718226809427, 0.02882794886409667, 0.00868218175264037, 0], [0, 0.012545943404743562, 0.01609034509848588, 0.006719341090809439, 0.00014277807746521166, 0.012220422728616148, 0.008811954100450974, 0.5413449687087813, 0.23443695673032047, 0.1650539276315745, 0.0026333624287524816, 0], [0, 0, 0, 0, 0, 0, 0, 0, 0, 0, 0, 1]], [\'@\', \'a\', \'b\', \'c\', \'d\', \'e\', \'f\', \'g\', \'h\', \'i\', \'j\', \'$\'])", "([1, 0, 0, 0, 0, 0, 0, 0, 0, 0, 0, 0, 0], [[0, 1, 0, 0, 0, 0, 0, 0, 0, 0, 0, 0, 0], [0, 0.018181818181818184, 0.8, 0.018181818181818184, 0.018181818181818184, 0.018181818181818184, 0.018181818181818184, 0.018181818181818184, 0.018181818181818184, 0.018181818181818184, 0.018181818181818184, 0.018181818181818184, 0.018181818181818184], [0, 0, 0.02, 0.8, 0.02, 0.02, 0.02, 0.02, 0.02, 0.02, 0.02, 0.02, 0.02], [0, 0, 0, 0.022222222222222223, 0.8, 0.022222222222222223, 0.022222222222222223, 0.022222222222222223, 0.022222222222222223, 0.022222222222222223, 0.022222222222222223, 0.022222222222222223, 0.022222222222222223], [0, 0, 0, 0, 0.025, 0.8, 0.025, 0.025, 0.025, 0.025, 0.025, 0.025, 0.025], [0, 0, 0, 0, 0, 0.028571428571428574, 0.8, 0.028571428571428574, 0.028571428571428574, 0.028571428571428574, 0.028571428571428574, 0.028571428571428574, 0.028571428571428574], [0, 0, 0, 0, 0, 0, 0.03333333333333333, 0.8, 0.03333333333333333, 0.03333333333333333, 0.03333333333333333, 0.03333333333333333, 0.03333333333333333], [0, 0, 0, 0, 0, 0, 0, 0.04, 0.8, 0.04, 0.04, 0.04, 0.04], [0, 0, 0, 0, 0, 0, 0, 0, 0.05, 0.8, 0.05, 0.05, 0.05], [0, 0, 0, 0, 0, 0, 0, 0, 0, 0.06666666666666667, 0.8, 0.06666666666666667, 0.06666666666666667], [0, 0, 0, 0, 0, 0, 0, 0, 0, 0, 0.1, 0.8, 0.1], [0, 0, 0, 0, 0, 0, 0, 0, 0, 0, 0, 0.2, 0.8], [1, 0, 0, 0, 0, 0, 0, 0, 0, 0, 0, 0, 0]], [[1, 0, 0, 0, 0, 0, 0, 0, 0, 0, 0, 0], [0, 0.011327325306717368, 0.012297264121602682, 0.07769533272078774, 0.02273252152983012, 0.01070063311069251, 0.001044134568933821, 0.7098381750660278, 0.07687658104061153, 0.07597482458805478, 0.0015132079467415982, 0], [0, 0.017016121986633128, 0.01123334348019551, 0.011131212685066295, 0.004793546966896605, 0.010367257671839292, 0.018353648107383966, 0.8517001314427273, 0.04636496008744428, 0.02757062861551559, 0.0014691489562979458, 0], [0, 0.014720968720075764, 0.01107111578123898, 0.002143476994890003, 0.007016994134845776, 0.009175868330783097, 0.01045629410328644, 0.8450327544945629, 0.06264515624725428, 0.022738532908277088, 0.014998838284785493, 0], [0, 0.005047888917106706, 0.002050124309371627, 0.020618996272880708, 0.015975967824735097, 0.008897564792803542, 0.00905904836244851, 0.8629696739747953, 0.057608305992316304, 0.01748071141105482, 0.00029171814248754737, 0], [0, 0.011328101096000319, 0.005071831926495377, 0.007166323416687503, 0.02059086683038974, 0.004319319177325928, 0.001508389006549675, 0.8525581391830639, 0.06254511904971112, 0.024402683328699975, 0.01050922698507637, 0], [0, 0.0008067682251516781, 0.0015299722393555522, 0.015490477727225473, 0.009810597483364512, 0.01844107374667388, 0.004021629492100112, 0.8758285967480639, 0.053824614332994083, 0.007674714687007498, 0.012571555318063168, 0], [0, 0.018492166024155307, 0.0011867260724985665, 0.011778283250183843, 0.009314666304917531, 0.011627707790806506, 0.014717977749923339, 0.9036520512716989, 0.010678211322452644, 0.002059911576317955, 0.01649229863704537, 0], [0, 0.007258179925227536, 0.009078001561059848, 0.0028204440346703283, 0.006057638163669576, 0.010808272828602266, 0.010490616270200056, 0.8542087831634815, 0.07989887605352508, 0.012538459171118805, 0.006840728828444933, 0], [0, 0.005444223320806841, 0.00868491283746806, 0.003399535066709289, 0.010169710231031203, 0.01747184523998197, 0.003434520783360456, 0.8970499390537513, 0.014343597202627513, 0.020674423433627128, 0.019327292830636344, 0], [0, 0.005153901061041882, 0.0021709728856332453, 0.025007604262502824, 0.026372542683377964, 0.008019641970152785, 0.0008179393170644071, 0.841403067570304, 0.06118384637626973, 0.01452725401254253, 0.01534322986111061, 0], [0, 0.014257270517905483, 0.015492320240725884, 0.021081131386558653, 0.013856962790854176, 0.001877282272256721, 0.013969489411764681, 0.6869380158623651, 0.13896895929505584, 0.08278525589247178, 0.010773312330041558, 0], [0, 0, 0, 0, 0, 0, 0, 0, 0, 0, 0, 1]], [\'@\', \'a\', \'b\', \'c\', \'d\', \'e\', \'f\', \'g\', \'h\', \'i\', \'j\', \'$\'])", "([1, 0, 0, 0, 0, 0, 0, 0, 0, 0, 0, 0, 0], [[0, 1, 0, 0, 0, 0, 0, 0, 0, 0, 0, 0, 0], [0, 0.018181818181818184, 0.8, 0.018181818181818184, 0.018181818181818184, 0.018181818181818184, 0.018181818181818184, 0.018181818181818184, 0.018181818181818184, 0.018181818181818184, 0.018181818181818184, 0.018181818181818184, 0.018181818181818184], [0, 0, 0.02, 0.8, 0.02, 0.02, 0.02, 0.02, 0.02, 0.02, 0.02, 0.02, 0.02], [0, 0, 0, 0.022222222222222223, 0.8, 0.022222222222222223, 0.022222222222222223, 0.022222222222222223, 0.022222222222222223, 0.022222222222222223, 0.022222222222222223, 0.022222222222222223, 0.022222222222222223], [0, 0, 0, 0, 0.025, 0.8, 0.025, 0.025, 0.025, 0.025, 0.025, 0.025, 0.025], [0, 0, 0, 0, 0, 0.028571428571428574, 0.8, 0.028571428571428574, 0.028571428571428574, 0.028571428571428574, 0.028571428571428574, 0.028571428571428574, 0.028571428571428574], [0, 0, 0, 0, 0, 0, 0.03333333333333333, 0.8, 0.03333333333333333, 0.03333333333333333, 0.03333333333333333, 0.03333333333333333, 0.03333333333333333], [0, 0, 0, 0, 0, 0, 0, 0.04, 0.8, 0.04, 0.04, 0.04, 0.04], [0, 0, 0, 0, 0, 0, 0, 0, 0.05, 0.8, 0.05, 0.05, 0.05], [0, 0, 0, 0, 0, 0, 0, 0, 0, 0.06666666666666667, 0.8, 0.06666666666666667, 0.06666666666666667], [0, 0, 0, 0, 0, 0, 0, 0, 0, 0, 0.1, 0.8, 0.1], [0, 0, 0, 0, 0, 0, 0, 0, 0, 0, 0, 0.2, 0.8], [1, 0, 0, 0, 0, 0, 0, 0, 0, 0, 0, 0, 0]], [[1, 0, 0, 0, 0, 0, 0, 0, 0, 0, 0, 0], [0, 0.01147771256822302, 0.0014094442961193217, 0.0037153753852428545, 0.005442495007804359, 0.007883745560410401, 0.017076030937326483, 0.8683891657280428, 0.05374010986942993, 0.029706510549078077, 0.0011594100983227616, 0], [0, 0.021992292477553358, 0.00048820925073529345, 0.0015101464494140533, 0.006752970581347894, 0.0006385433592806818, 0.007202469643296823, 0.9083084998955586, 0.027502127839650756, 0.003903234667753458, 0.021701505835408984, 0], [0, 0.010487999547692237, 0.009238002264499435, 0.0007009899043450864, 0.0087716053429103, 0.007147883496944411, 0.01350191371933588, 0.9272162130560069, 0.0025144216619650966, 0.00026447338911244364, 0.02015649761718822, 0], [0, 0.01154449778053182, 0.008624056245407683, 0.0004929665569404913, 0.004050323922896823, 0.010067704635550363, 5.399044158676362e-05, 0.9073246339609105, 0.03308448945813937, 0.017549705175786644, 0.007207631822249536, 0], [0, 0.005791525885584422, 0.00634882237588264, 0.0070552674823933115, 0.016584136809160006, 0.006377193561953842, 0.003762146478390789, 0.9183029829757189, 0.01332294212508317, 0.019879390616106024, 0.0025755916897269365, 0], [0, 0.012858493146987494, 0.012003369737814953, 0.004030517623034084, 0.0020862922790652835, 0.004424928044511487, 0.01660532945925738, 0.8916154420906246, 0.027336780485082215, 0.018866438590743946, 0.010172408542878646, 0], [0, 0.01001006986980917, 0.01626358261678117, 0.0053829240594968795, 0.003624989277860353, 0.01028960142409687, 0.00950307473122076, 0.9098991115126064, 0.018451660611579088, 0.005636809435115231, 0.010938176461434076, 0], [0, 0.0016799073332387428, 0.012694131491501027, 0.007093318493528954, 0.008192052382157734, 0.01657721660464297, 0.01969732319560328, 0.9119868222273814, 0.0019487999384917387, 0.005362428585212409, 0.014767999748241778, 0], [0, 0.0002593484035922178, 0.00907202076435495, 0.00620226229363829, 0.015334875815278579, 0.00391055935578222, 0.008404974843490242, 0.9287760083030253, 0.0060619862818147175, 0.008905635719954168, 0.013072328219069345, 0], [0, 0.006871394006165363, 0.008662108615717933, 0.0027196000418912647, 0.0016691598463863565, 0.006832984237549971, 0.004631492014943226, 0.9152246548909848, 0.02410433705446389, 0.027662509140596283, 0.0016217601513008998, 0], [0, 0.015240118247505431, 0.0055477754420822705, 0.0025667547243915416, 0.00808482655142112, 0.012321898917053074, 0.010071560458478417, 0.73987586404734, 0.11796524991048121, 0.08391559243394606, 0.004410359267300929, 0], [0, 0, 0, 0, 0, 0, 0, 0, 0, 0, 0, 1]], [\'@\', \'a\', \'b\', \'c\', \'d\', \'e\', \'f\', \'g\', \'h\', \'i\', \'j\', \'$\'])", "([1, 0, 0, 0, 0, 0, 0, 0, 0, 0, 0, 0, 0], [[0, 1, 0, 0, 0, 0, 0, 0, 0, 0, 0, 0, 0], [0, 0.018181818181818184, 0.8, 0.018181818181818184, 0.018181818181818184, 0.018181818181818184, 0.018181818181818184, 0.018181818181818184, 0.018181818181818184, 0.018181818181818184, 0.018181818181818184, 0.018181818181818184, 0.018181818181818184], [0, 0, 0.02, 0.8, 0.02, 0.02, 0.02, 0.02, 0.02, 0.02, 0.02, 0.02, 0.02], [0, 0, 0, 0.022222222222222223, 0.8, 0.022222222222222223, 0.022222222222222223, 0.022222222222222223, 0.022222222222222223, 0.022222222222222223, 0.022222222222222223, 0.022222222222222223, 0.022222222222222223], [0, 0, 0, 0, 0.025, 0.8, 0.025, 0.025, 0.025, 0.025, 0.025, 0.025, 0.025], [0, 0, 0, 0, 0, 0.028571428571428574, 0.8, 0.028571428571428574, 0.028571428571428574, 0.028571428571428574, 0.028571428571428574, 0.028571428571428574, 0.028571428571428574], [0, 0, 0, 0, 0, 0, 0.03333333333333333, 0.8, 0.03333333333333333, 0.03333333333333333, 0.03333333333333333, 0.03333333333333333, 0.03333333333333333], [0, 0, 0, 0, 0, 0, 0, 0.04, 0.8, 0.04, 0.04, 0.04, 0.04], [0, 0, 0, 0, 0, 0, 0, 0, 0.05, 0.8, 0.05, 0.05, 0.05], [0, 0, 0, 0, 0, 0, 0, 0, 0, 0.06666666666666667, 0.8, 0.06666666666666667, 0.06666666666666667], [0, 0, 0, 0, 0, 0, 0, 0, 0, 0, 0.1, 0.8, 0.1], [0, 0, 0, 0, 0, 0, 0, 0, 0, 0, 0, 0.2, 0.8], [1, 0, 0, 0, 0, 0, 0, 0, 0, 0, 0, 0, 0]], [[1, 0, 0, 0, 0, 0, 0, 0, 0, 0, 0, 0], [0, 0.010758730552539139, 0.0062764465516734255, 0.017341104793610704, 0.008958776920794026, 0.0017066651557602285, 0.011087682451941876, 0.780157957380981, 0.09413187353345932, 0.05672575654631817, 0.01285500611292196, 0], [0, 0.01429160018871927, 0.0061685954392040115, 0.011683017058962915, 0.012092568177364631, 0.0006307440354597559, 0.009976237558103814, 0.7915790430187352, 0.1377756777704866, 0.014484309493796038, 0.0013182072591678552, 0], [0, 0.009480671166015218, 0.01221868752725726, 0.00867747578726076, 0.010933453681106306, 0.009010979131283611, 0.009786432128211595, 0.8191138438442566, 0.07780416268658662, 0.03705661226801773, 0.005917681780004341, 0], [0, 0.0033026208294451415, 0.015255824840776155, 0.009843111996933447, 0.013976638281758354, 0.006451080349100997, 0.010794959804603297, 0.8752077765259881, 0.04985925070726175, 0.014765003573641225, 0.0005437330904915174, 0], [0, 0.013790842934396618, 0.002333594560459018, 0.01393736321425278, 0.007781477695657371, 0.001570956441356402, 0.007240370955411076, 0.8769483967661692, 0.0565564149445362, 0.011999347383704817, 0.00784123510405643, 0], [0, 0.006502467551804219, 0.002048728682254751, 0.007797646190116788, 0.0025028974459000253, 0.009374925787569188, 0.015022062543515837, 0.8879893297755728, 0.04434667483324463, 0.009076398445841904, 0.015338868744179838, 0], [0, 0.0022789758026587003, 0.007178443723438327, 0.01792998041459793, 0.013385218255712787, 0.007465955824781136, 0.0009096314834413441, 0.8820784004672952, 0.04927699494851092, 0.014955083977276745, 0.004541315102286853, 0], [0, 0.0007215029494565949, 0.0009534079587538224, 0.0065201974424442845, 0.007457086650438277, 0.018922894705706555, 0.009871481171075171, 0.8498518557258006, 0.08365619328713954, 0.014763820288454431, 0.007281559820730743, 0], [0, 0.005744016205673424, 0.012758682298743827, 0.0042585878580075264, 0.01297960524250712, 0.012120702616843629, 0.0051733497989838555, 0.8104388488447938, 0.09935258979055035, 0.037165202357895485, 8.414986001171082e-06, 0], [0, 0.002143783424442629, 0.019035185967863168, 0.011861396925041344, 0.002227152337411697, 0.008115662673370118, 0.0006872031428914164, 0.7623472546729742, 0.10960828120992029, 0.06156658271317422, 0.022407496932911063, 0], [0, 0.0015934417018833018, 0.010932069522938131, 0.01567646410304468, 0.009567002770873708, 0.007849736533853041, 0.011458195194098745, 0.637322636895866, 0.15843909793487407, 0.13291972037236688, 0.014241634970201492, 0], [0, 0, 0, 0, 0, 0, 0, 0, 0, 0, 0, 1]], [\'@\', \'a\', \'b\', \'c\', \'d\', \'e\', \'f\', \'g\', \'h\', \'i\', \'j\', \'$\'])", "([1, 0, 0, 0, 0, 0, 0, 0, 0, 0, 0, 0, 0], [[0, 1, 0, 0, 0, 0, 0, 0, 0, 0, 0, 0, 0], [0, 0.018181818181818184, 0.8, 0.018181818181818184, 0.018181818181818184, 0.018181818181818184, 0.018181818181818184, 0.018181818181818184, 0.018181818181818184, 0.018181818181818184, 0.018181818181818184, 0.018181818181818184, 0.018181818181818184], [0, 0, 0.02, 0.8, 0.02, 0.02, 0.02, 0.02, 0.02, 0.02, 0.02, 0.02, 0.02], [0, 0, 0, 0.022222222222222223, 0.8, 0.022222222222222223, 0.022222222222222223, 0.022222222222222223, 0.022222222222222223, 0.022222222222222223, 0.022222222222222223, 0.022222222222222223, 0.022222222222222223], [0, 0, 0, 0, 0.025, 0.8, 0.025, 0.025, 0.025, 0.025, 0.025, 0.025, 0.025], [0, 0, 0, 0, 0, 0.028571428571428574, 0.8, 0.028571428571428574, 0.028571428571428574, 0.028571428571428574, 0.028571428571428574, 0.028571428571428574, 0.028571428571428574], [0, 0, 0, 0, 0, 0, 0.03333333333333333, 0.8, 0.03333333333333333, 0.03333333333333333, 0.03333333333333333, 0.03333333333333333, 0.03333333333333333], [0, 0, 0, 0, 0, 0, 0, 0.04, 0.8, 0.04, 0.04, 0.04, 0.04], [0, 0, 0, 0, 0, 0, 0, 0, 0.05, 0.8, 0.05, 0.05, 0.05], [0, 0, 0, 0, 0, 0, 0, 0, 0, 0.06666666666666667, 0.8, 0.06666666666666667, 0.06666666666666667], [0, 0, 0, 0, 0, 0, 0, 0, 0, 0, 0.1, 0.8, 0.1], [0, 0, 0, 0, 0, 0, 0, 0, 0, 0, 0, 0.2, 0.8], [1, 0, 0, 0, 0, 0, 0, 0, 0, 0, 0, 0, 0]], [[1, 0, 0, 0, 0, 0, 0, 0, 0, 0, 0, 0], [0, 0.014381684700895014, 0.009934492169169949, 0.26484673086782756, 0.045362614653128325, 0.01249110486197512, 0.010410090939888386, 0.5878830690878072, 0.027426390174935523, 0.026924530753675385, 0.0003392917906975543, 0], [0, 0.01749130449111806, 0.009006722332838763, 0.006267159918068316, 0.00012094933465825346, 0.0011853974924535603, 0.018484334350613467, 0.7946670345410977, 0.12386440088245347, 0.010450637060671326, 0.018462059596027074, 0], [0, 0.007001480261480831, 0.004006000747821089, 0.011130941188136395, 0.002315188185607714, 0.018988546164211213, 0.008591290646457736, 0.6195554236449248, 0.11735814833739112, 0.15024974346307016, 0.06080323736089902, 0], [0, 0.02172102457547544, 0.013229659204432677, 0.003044294863353352, 0.011010231165569975, 0.0165890258253484, 0.0011380239856937336, 0.2740935743931696, 0.21259411677301138, 0.21823290670424886, 0.22834714250969657, 0], [0, 0.013430477612717245, 0.010122209252166328, 0.0023529215430508127, 0.004830503541004659, 0.007529959904955051, 0.0057999915228174196, 0.11443201221775331, 0.17239331593486393, 0.27503189121891103, 0.39407671725176024, 0], [0, 0.01806553322334413, 0.0011771123265565673, 0.006590263509751287, 0.004784990886416662, 0.007650176059676317, 0.003807528471874866, 0.21115671320289708, 0.158137652518604, 0.17160355205730288, 0.41702647774357615, 0], [0, 0.011843368056371434, 0.008158604803045944, 0.012362046790340713, 0.009834559509797015, 0.011826274510118284, 0.0042435839982310035, 0.4357782440794844, 0.16727985309834598, 0.15755982095766968, 0.18111364419659554, 0], [0, 0.00874063114814588, 0.009170956846561074, 0.014116231182968375, 0.014041883556376894, 0.007981245647527021, 0.005965704877863543, 0.7302833500045223, 0.09391694486505031, 0.046935230420272686, 0.06884782145071215, 0], [0, 0.011448661555808476, 0.0012590518496523203, 0.0010537020058855432, 0.01930710598243851, 0.009639702143321176, 0.0015121111670269804, 0.8848596986070666, 0.019179194955399954, 0.02602905414553862, 0.025711717587861834, 0], [0, 0.008942603398898663, 0.010617684074657751, 0.012047665150793474, 0.014128785391345402, 0.008840081708463812, 0.005842450994127069, 0.9020650833399613, 0.020701476872104718, 0.014183830274553551, 0.0026303387950944437, 0], [0, 0.005324604358789877, 0.007270086782123947, 0.016310314060096323, 0.0026584997795782985, 0.005376801522221494, 0.01630822234270117, 0.8298766607371894, 0.08276792853898328, 0.015104456183259176, 0.01900242569505696, 0], [0, 0, 0, 0, 0, 0, 0, 0, 0, 0, 0, 1]], [\'@\', \'a\', \'b\', \'c\', \'d\', \'e\', \'f\', \'g\', \'h\', \'i\', \'j\', \'$\'])", "([1, 0, 0, 0, 0, 0, 0, 0, 0, 0, 0, 0, 0], [[0, 1, 0, 0, 0, 0, 0, 0, 0, 0, 0, 0, 0], [0, 0.018181818181818184, 0.8, 0.018181818181818184, 0.018181818181818184, 0.018181818181818184, 0.018181818181818184, 0.018181818181818184, 0.018181818181818184, 0.018181818181818184, 0.018181818181818184, 0.018181818181818184, 0.018181818181818184], [0, 0, 0.02, 0.8, 0.02, 0.02, 0.02, 0.02, 0.02, 0.02, 0.02, 0.02, 0.02], [0, 0, 0, 0.022222222222222223, 0.8, 0.022222222222222223, 0.022222222222222223, 0.022222222222222223, 0.022222222222222223, 0.022222222222222223, 0.022222222222222223, 0.022222222222222223, 0.022222222222222223], [0, 0, 0, 0, 0.025, 0.8, 0.025, 0.025, 0.025, 0.025, 0.025, 0.025, 0.025], [0, 0, 0, 0, 0, 0.028571428571428574, 0.8, 0.028571428571428574, 0.028571428571428574, 0.028571428571428574, 0.028571428571428574, 0.028571428571428574, 0.028571428571428574], [0, 0, 0, 0, 0, 0, 0.03333333333333333, 0.8, 0.03333333333333333, 0.03333333333333333, 0.03333333333333333, 0.03333333333333333, 0.03333333333333333], [0, 0, 0, 0, 0, 0, 0, 0.04, 0.8, 0.04, 0.04, 0.04, 0.04], [0, 0, 0, 0, 0, 0, 0, 0, 0.05, 0.8, 0.05, 0.05, 0.05], [0, 0, 0, 0, 0, 0, 0, 0, 0, 0.06666666666666667, 0.8, 0.06666666666666667, 0.06666666666666667], [0, 0, 0, 0, 0, 0, 0, 0, 0, 0, 0.1, 0.8, 0.1], [0, 0, 0, 0, 0, 0, 0, 0, 0, 0, 0, 0.2, 0.8], [1, 0, 0, 0, 0, 0, 0, 0, 0, 0, 0, 0, 0]], [[1, 0, 0, 0, 0, 0, 0, 0, 0, 0, 0, 0], [0, 0.01214204711087637, 0.015134459481821752, 0.21651936963365973, 0.045626492147989174, 0.014764767729208246, 0.02803308997199217, 0.5365001504658355, 0.08345549629646126, 0.03759237778347361, 0.010231749378682136, 0], [0, 0.016183097638625264, 0.001072915658338096, 0.13057587762873485, 0.04450216961986333, 0.008620487236410545, 0.015631026536616455, 0.7528772606219096, 0.012610364829536515, 0.012727271678180767, 0.005199528551784655, 0], [0, 0.015840578681016695, 0.0030664023263735807, 0.061000540147041184, 0.027460396445531506, 0.008323759259372183, 0.0008306735522876754, 0.7671778582475434, 0.07779367820197919, 0.028596824565928942, 0.009909288572925681, 0], [0, 0.010714506640994409, 0.01284544249458492, 0.009917288242324636, 0.005362820724344404, 0.015588941278949048, 0.0010088239354114814, 0.8322464505417521, 0.07616640166554585, 0.029055922139330642, 0.007093402336762455, 0], [0, 0.015992068897806265, 0.008015953245701063, 0.01113110013912298, 0.0066531397943354305, 0.0026884242480329206, 0.0030073086370398703, 0.8730451820838669, 0.038036897809888164, 0.02419615244435268, 0.017233772699853572, 0], [0, 0.010233277145911037, 0.007302619982588563, 0.0011353694168108007, 0.004564012491942283, 0.014552022630905574, 0.010688386544892568, 0.89535382946471, 0.03500449798830283, 0.015925294218524188, 0.005240690115412126, 0], [0, 0.020886924273320052, 0.0006671972991140096, 0.0041921257493450674, 0.0010165309775309493, 0.0061799393154838966, 0.007755572526752377, 0.9271549811134057, 0.00807463600964139, 0.0037342616179999264, 0.02033783111740669, 0], [0, 0.014757307974222065, 0.01354167058947692, 0.015059512065837357, 0.00919579792577784, 0.002890411444888581, 0.003278951960572772, 0.921662407337763, 0.0044950852393088065, 0.004628915147681817, 0.01048994031447097, 0], [0, 0.0018294389522485492, 0.01634801225828605, 0.011930599391234815, 0.0027095717415687856, 0.007844975909882401, 0.011575673112138743, 0.9265077044222753, 0.0021520881813378735, 0.015106260348374305, 0.0039956756826531594, 0], [0, 0.015014103142475732, 0.004040960087646996, 0.002906374283183576, 0.007211506157686838, 0.0025688448080048213, 0.011313406416361839, 0.9277835216929403, 0.00918173917120275, 0.0007338821029339802, 0.019245662137563048, 0], [0, 0.01562240943930214, 0.0028949960567693583, 0.0112559874444749, 0.014835393349848718, 0.00020925637571417166, 0.014489811951932705, 0.9110568800742032, 0.012795811919336472, 0.011153538117019697, 0.005685915271398751, 0], [0, 0, 0, 0, 0, 0, 0, 0, 0, 0, 0, 1]], [\'@\', \'a\', \'b\', \'c\', \'d\', \'e\', \'f\', \'g\', \'h\', \'i\', \'j\', \'$\'])", "([1, 0, 0, 0, 0, 0, 0, 0, 0, 0, 0, 0, 0], [[0, 1, 0, 0, 0, 0, 0, 0, 0, 0, 0, 0, 0], [0, 0.018181818181818184, 0.8, 0.018181818181818184, 0.018181818181818184, 0.018181818181818184, 0.018181818181818184, 0.018181818181818184, 0.018181818181818184, 0.018181818181818184, 0.018181818181818184, 0.018181818181818184, 0.018181818181818184], [0, 0, 0.02, 0.8, 0.02, 0.02, 0.02, 0.02, 0.02, 0.02, 0.02, 0.02, 0.02], [0, 0, 0, 0.022222222222222223, 0.8, 0.022222222222222223, 0.022222222222222223, 0.022222222222222223, 0.022222222222222223, 0.022222222222222223, 0.022222222222222223, 0.022222222222222223, 0.022222222222222223], [0, 0, 0, 0, 0.025, 0.8, 0.025, 0.025, 0.025, 0.025, 0.025, 0.025, 0.025], [0, 0, 0, 0, 0, 0.028571428571428574, 0.8, 0.028571428571428574, 0.028571428571428574, 0.028571428571428574, 0.028571428571428574, 0.028571428571428574, 0.028571428571428574], [0, 0, 0, 0, 0, 0, 0.03333333333333333, 0.8, 0.03333333333333333, 0.03333333333333333, 0.03333333333333333, 0.03333333333333333, 0.03333333333333333], [0, 0, 0, 0, 0, 0, 0, 0.04, 0.8, 0.04, 0.04, 0.04, 0.04], [0, 0, 0, 0, 0, 0, 0, 0, 0.05, 0.8, 0.05, 0.05, 0.05], [0, 0, 0, 0, 0, 0, 0, 0, 0, 0.06666666666666667, 0.8, 0.06666666666666667, 0.06666666666666667], [0, 0, 0, 0, 0, 0, 0, 0, 0, 0, 0.1, 0.8, 0.1], [0, 0, 0, 0, 0, 0, 0, 0, 0, 0, 0, 0.2, 0.8], [1, 0, 0, 0, 0, 0, 0, 0, 0, 0, 0, 0, 0]], [[1, 0, 0, 0, 0, 0, 0, 0, 0, 0, 0, 0], [0, 0.0066057944640313376, 0.011320599122302056, 0.3155061173931945, 0.01701497802025432, 0.016044559252745904, 0.013393379032497125, 0.5716599230879365, 0.032217844504345845, 0.015838364573404064, 0.00039844054928838237, 0], [0, 0.0016668488166515468, 0.007678511360039199, 0.03902486836078572, 0.02072471188598194, 0.0017011530858693383, 0.016072064581336486, 0.8779599810007147, 0.002203353679355793, 0.027932222749350238, 0.00503628447991489, 0], [0, 0.017919256397429882, 0.003886602282374655, 0.017414338586177684, 0.003203541069716855, 0.0074200755381009665, 0.0036454984614640207, 0.9057204587229788, 0.022467939958553437, 0.008099102600792498, 0.010223186382411247, 0], [0, 0.01573566706196916, 0.013328342405870873, 0.00821746694158358, 0.0025817961397688856, 0.0027567991281762876, 0.008142959848291914, 0.9056846947816828, 0.02217858081265689, 0.01526940201404489, 0.006104290865954668, 0], [0, 0.0016899958911942286, 0.01000800335814644, 0.009600116690183678, 0.017314423365973806, 0.003085088120951427, 0.0033095536079611166, 0.8750086936965594, 0.059652144904845335, 0.01685783697523319, 0.003474143388951462, 0], [0, 0.018481409216314335, 0.01732383228299926, 0.004345232987064626, 0.00031190663538293515, 0.000814028927041892, 0.0014592155913808961, 0.8715339913358855, 0.06185244148797159, 0.020384495220015085, 0.0034934463159437415, 0], [0, 0.010354017804398475, 0.011762206385012143, 5.377999510756334e-05, 0.009543274180690179, 0.010934043220841334, 0.012069802241033383, 0.8795470065825001, 0.04914611511524754, 0.009792064412785717, 0.006797690062383549, 0], [0, 0.0016778952310653825, 0.017320857727116317, 0.006504508155358929, 0.004313431431628159, 0.015923536557669753, 0.007282149683489947, 0.8645429583683546, 0.043301737539146325, 0.011110644936050709, 0.028022280370119997, 0], [0, 0.0002698691439681102, 0.0005458169277460313, 0.0016700918333228082, 0.023598296051875727, 0.0011906952808365104, 0.003016198014775594, 0.7742054411432767, 0.13525689587480835, 0.