((11, 4.6, 'ORIENTATION'), '([\'AAAAAAAAAAA\', \'BBBBBBBBBBB\', \'CCCCCCCCCCC\', \'DDDDDDDDDDD\', \'EEEEEEEEEEE\', \'FFFFFFFFFFF\', \'GGGGGGGGGGG\', \'HHHHHHHHHHH\', \'IIIIIIIIIII\', \'JJJJJJJJJJJ\', \'KKKKKKKKKKK\', \'LLLLLLLLLLL\', \'MMMMMMMMMMM\', \'NNNNNNNNNNN\', \'OOOOOOOOOOO\', \'PPPPPPPPPPP\', \'QQQQQQQQQQQ\', \'RRRRRRRRRRR\', \'SSSSSSSSSSS\', \'TTTTTTTTTTT\', \'UUUUUUUUUUU\', \'VVVVVVVVVVV\', \'WWWWWWWWWWW\', \'XXXXXXXXXXX\', \'YYYYYYYYYYY\', \'ZZZZZZZZZZZ\'], ["([1, 0, 0, 0, 0, 0, 0, 0, 0, 0, 0, 0, 0], [[0, 1, 0, 0, 0, 0, 0, 0, 0, 0, 0, 0, 0], [0, 0.018181818181818184, 0.8, 0.018181818181818184, 0.018181818181818184, 0.018181818181818184, 0.018181818181818184, 0.018181818181818184, 0.018181818181818184, 0.018181818181818184, 0.018181818181818184, 0.018181818181818184, 0.018181818181818184], [0, 0, 0.02, 0.8, 0.02, 0.02, 0.02, 0.02, 0.02, 0.02, 0.02, 0.02, 0.02], [0, 0, 0, 0.022222222222222223, 0.8, 0.022222222222222223, 0.022222222222222223, 0.022222222222222223, 0.022222222222222223, 0.022222222222222223, 0.022222222222222223, 0.022222222222222223, 0.022222222222222223], [0, 0, 0, 0, 0.025, 0.8, 0.025, 0.025, 0.025, 0.025, 0.025, 0.025, 0.025], [0, 0, 0, 0, 0, 0.028571428571428574, 0.8, 0.028571428571428574, 0.028571428571428574, 0.028571428571428574, 0.028571428571428574, 0.028571428571428574, 0.028571428571428574], [0, 0, 0, 0, 0, 0, 0.03333333333333333, 0.8, 0.03333333333333333, 0.03333333333333333, 0.03333333333333333, 0.03333333333333333, 0.03333333333333333], [0, 0, 0, 0, 0, 0, 0, 0.04, 0.8, 0.04, 0.04, 0.04, 0.04], [0, 0, 0, 0, 0, 0, 0, 0, 0.05, 0.8, 0.05, 0.05, 0.05], [0, 0, 0, 0, 0, 0, 0, 0, 0, 0.06666666666666667, 0.8, 0.06666666666666667, 0.06666666666666667], [0, 0, 0, 0, 0, 0, 0, 0, 0, 0, 0.1, 0.8, 0.1], [0, 0, 0, 0, 0, 0, 0, 0, 0, 0, 0, 0.2, 0.8], [1, 0, 0, 0, 0, 0, 0, 0, 0, 0, 0, 0, 0]], [[1, 0, 0, 0, 0], [0, 0.8589952533182673, 0.06748866954138491, 0.07351607714034779, 0], [0, 0.8779870125429916, 0.022760843629338754, 0.09925214382766948, 0], [0, 0.9337881014025821, 0.04121256999171303, 0.024999328605704804, 0], [0, 0.8907991055885331, 0.08821921319310065, 0.020981681218366174, 0], [0, 0.6747188209064684, 0.28027417582305425, 0.04500700327047739, 0], [0, 0.31565087984056456, 0.5916866085661892, 0.09266251159324629, 0], [0, 0.12166358062084438, 0.8167065366272136, 0.06162988275194203, 0], [0, 0.03265218235995329, 0.9411548647132395, 0.026192952926807157, 0], [0, 0.036688060016084094, 0.9023816321981118, 0.060930307785804036, 0], [0, 0.0585983555440271, 0.8035586680643757, 0.13784297639159723, 0], [0, 0.12800506770356568, 0.7546724255943298, 0.11732250670210445, 0], [0, 0, 0, 0, 1]], [\'@\', \'L\', \'S\', \'N\', \'$\'])", "([1, 0, 0, 0, 0, 0, 0, 0, 0, 0, 0, 0, 0], [[0, 1, 0, 0, 0, 0, 0, 0, 0, 0, 0, 0, 0], [0, 0.018181818181818184, 0.8, 0.018181818181818184, 0.018181818181818184, 0.018181818181818184, 0.018181818181818184, 0.018181818181818184, 0.018181818181818184, 0.018181818181818184, 0.018181818181818184, 0.018181818181818184, 0.018181818181818184], [0, 0, 0.02, 0.8, 0.02, 0.02, 0.02, 0.02, 0.02, 0.02, 0.02, 0.02, 0.02], [0, 0, 0, 0.022222222222222223, 0.8, 0.022222222222222223, 0.022222222222222223, 0.022222222222222223, 0.022222222222222223, 0.022222222222222223, 0.022222222222222223, 0.022222222222222223, 0.022222222222222223], [0, 0, 0, 0, 0.025, 0.8, 0.025, 0.025, 0.025, 0.025, 0.025, 0.025, 0.025], [0, 0, 0, 0, 0, 0.028571428571428574, 0.8, 0.028571428571428574, 0.028571428571428574, 0.028571428571428574, 0.028571428571428574, 0.028571428571428574, 0.028571428571428574], [0, 0, 0, 0, 0, 0, 0.03333333333333333, 0.8, 0.03333333333333333, 0.03333333333333333, 0.03333333333333333, 0.03333333333333333, 0.03333333333333333], [0, 0, 0, 0, 0, 0, 0, 0.04, 0.8, 0.04, 0.04, 0.04, 0.04], [0, 0, 0, 0, 0, 0, 0, 0, 0.05, 0.8, 0.05, 0.05, 0.05], [0, 0, 0, 0, 0, 0, 0, 0, 0, 0.06666666666666667, 0.8, 0.06666666666666667, 0.06666666666666667], [0, 0, 0, 0, 0, 0, 0, 0, 0, 0, 0.1, 0.8, 0.1], [0, 0, 0, 0, 0, 0, 0, 0, 0, 0, 0, 0.2, 0.8], [1, 0, 0, 0, 0, 0, 0, 0, 0, 0, 0, 0, 0]], [[1, 0, 0, 0, 0], [0, 0.5761450081065651, 0.2903494527418634, 0.13350553915157148, 0], [0, 0.594564983560493, 0.12489105548453644, 0.28054396095497053, 0], [0, 0.5600503249645812, 0.25564621427882467, 0.1843034607565942, 0], [0, 0.4177163452973908, 0.25845980207142033, 0.32382385263118885, 0], [0, 0.27001789916131513, 0.3648266003573878, 0.3651555004812971, 0], [0, 0.18011942571439368, 0.3909935756171774, 0.4288869986684289, 0], [0, 0.13790619865742867, 0.5506666392407911, 0.31142716210178023, 0], [0, 0.04185041087575736, 0.6585248891738107, 0.29962469995043195, 0], [0, 0.043945762032523955, 0.6749638888156229, 0.28109034915185316, 0], [0, 0.04578590912556556, 0.8569128588525183, 0.09730123202191603, 0], [0, 0.04238243925163371, 0.9158233785426502, 0.04179418220571621, 0], [0, 0, 0, 0, 1]], [\'@\', \'L\', \'S\', \'N\', \'$\'])", "([1, 0, 0, 0, 0, 0, 0, 0, 0, 0, 0, 0, 0], [[0, 1, 0, 0, 0, 0, 0, 0, 0, 0, 0, 0, 0], [0, 0.018181818181818184, 0.8, 0.018181818181818184, 0.018181818181818184, 0.018181818181818184, 0.018181818181818184, 0.018181818181818184, 0.018181818181818184, 0.018181818181818184, 0.018181818181818184, 0.018181818181818184, 0.018181818181818184], [0, 0, 0.02, 0.8, 0.02, 0.02, 0.02, 0.02, 0.02, 0.02, 0.02, 0.02, 0.02], [0, 0, 0, 0.022222222222222223, 0.8, 0.022222222222222223, 0.022222222222222223, 0.022222222222222223, 0.022222222222222223, 0.022222222222222223, 0.022222222222222223, 0.022222222222222223, 0.022222222222222223], [0, 0, 0, 0, 0.025, 0.8, 0.025, 0.025, 0.025, 0.025, 0.025, 0.025, 0.025], [0, 0, 0, 0, 0, 0.028571428571428574, 0.8, 0.028571428571428574, 0.028571428571428574, 0.028571428571428574, 0.028571428571428574, 0.028571428571428574, 0.028571428571428574], [0, 0, 0, 0, 0, 0, 0.03333333333333333, 0.8, 0.03333333333333333, 0.03333333333333333, 0.03333333333333333, 0.03333333333333333, 0.03333333333333333], [0, 0, 0, 0, 0, 0, 0, 0.04, 0.8, 0.04, 0.04, 0.04, 0.04], [0, 0, 0, 0, 0, 0, 0, 0, 0.05, 0.8, 0.05, 0.05, 0.05], [0, 0, 0, 0, 0, 0, 0, 0, 0, 0.06666666666666667, 0.8, 0.06666666666666667, 0.06666666666666667], [0, 0, 0, 0, 0, 0, 0, 0, 0, 0, 0.1, 0.8, 0.1], [0, 0, 0, 0, 0, 0, 0, 0, 0, 0, 0, 0.2, 0.8], [1, 0, 0, 0, 0, 0, 0, 0, 0, 0, 0, 0, 0]], [[1, 0, 0, 0, 0], [0, 0.9171874690109003, 0.01763250870352108, 0.06518002228557859, 0], [0, 0.9465905371796731, 0.0021758011396022245, 0.05123366168072458, 0], [0, 0.8288840984559379, 0.06924462233755493, 0.10187127920650708, 0], [0, 0.80652345931348, 0.06918776837847705, 0.12428877230804286, 0], [0, 0.5523475217759021, 0.12164776756580273, 0.3260047106582952, 0], [0, 0.3886094310774646, 0.05227687623407958, 0.5591136926884558, 0], [0, 0.32580718275335663, 0.18104366211524345, 0.49314915513139995, 0], [0, 0.19399069330478433, 0.37372182945753435, 0.4322874772376813, 0], [0, 0.22207334862986441, 0.3940743487473175, 0.38385230262281816, 0], [0, 0.23403147097646484, 0.33727487916827814, 0.428693649855257, 0], [0, 0.2773527299630643, 0.47059244955985724, 0.25205482047707833, 0], [0, 0, 0, 0, 1]], [\'@\', \'L\', \'S\', \'N\', \'$\'])", "([1, 0, 0, 0, 0, 0, 0, 0, 0, 0, 0, 0, 0], [[0, 1, 0, 0, 0, 0, 0, 0, 0, 0, 0, 0, 0], [0, 0.018181818181818184, 0.8, 0.018181818181818184, 0.018181818181818184, 0.018181818181818184, 0.018181818181818184, 0.018181818181818184, 0.018181818181818184, 0.018181818181818184, 0.018181818181818184, 0.018181818181818184, 0.018181818181818184], [0, 0, 0.02, 0.8, 0.02, 0.02, 0.02, 0.02, 0.02, 0.02, 0.02, 0.02, 0.02], [0, 0, 0, 0.022222222222222223, 0.8, 0.022222222222222223, 0.022222222222222223, 0.022222222222222223, 0.022222222222222223, 0.022222222222222223, 0.022222222222222223, 0.022222222222222223, 0.022222222222222223], [0, 0, 0, 0, 0.025, 0.8, 0.025, 0.025, 0.025, 0.025, 0.025, 0.025, 0.025], [0, 0, 0, 0, 0, 0.028571428571428574, 0.8, 0.028571428571428574, 0.028571428571428574, 0.028571428571428574, 0.028571428571428574, 0.028571428571428574, 0.028571428571428574], [0, 0, 0, 0, 0, 0, 0.03333333333333333, 0.8, 0.03333333333333333, 0.03333333333333333, 0.03333333333333333, 0.03333333333333333, 0.03333333333333333], [0, 0, 0, 0, 0, 0, 0, 0.04, 0.8, 0.04, 0.04, 0.04, 0.04], [0, 0, 0, 0, 0, 0, 0, 0, 0.05, 0.8, 0.05, 0.05, 0.05], [0, 0, 0, 0, 0, 0, 0, 0, 0, 0.06666666666666667, 0.8, 0.06666666666666667, 0.06666666666666667], [0, 0, 0, 0, 0, 0, 0, 0, 0, 0, 0.1, 0.8, 0.1], [0, 0, 0, 0, 0, 0, 0, 0, 0, 0, 0, 0.2, 0.8], [1, 0, 0, 0, 0, 0, 0, 0, 0, 0, 0, 0, 0]], [[1, 0, 0, 0, 0], [0, 0.4662640083811855, 0.2858608222022182, 0.24787516941659635, 0], [0, 0.4489651276218024, 0.25826991834307556, 0.2927649540351219, 0], [0, 0.36233748940963173, 0.26253599577280307, 0.3751265148175652, 0], [0, 0.19100676088949475, 0.35129519069727905, 0.45769804841322614, 0], [0, 0.11312690688635733, 0.4777985500337222, 0.4090745430799205, 0], [0, 0.14099378040613678, 0.6066699343704949, 0.25233628522336843, 0], [0, 0.031539691092617554, 0.8233303452429667, 0.14512996366441586, 0], [0, 0.04325223096693054, 0.9185218019316961, 0.03822596710137333, 0], [0, 0.028972376091821097, 0.9249184215316644, 0.046109202376514564, 0], [0, 0.007527478660070904, 0.9165928615046487, 0.07587965983528033, 0], [0, 0.023458763181104385, 0.9612479328573466, 0.015293303961549161, 0], [0, 0, 0, 0, 1]], [\'@\', \'L\', \'S\', \'N\', \'$\'])", "([1, 0, 0, 0, 0, 0, 0, 0, 0, 0, 0, 0, 0], [[0, 1, 0, 0, 0, 0, 0, 0, 0, 0, 0, 0, 0], [0, 0.018181818181818184, 0.8, 0.018181818181818184, 0.018181818181818184, 0.018181818181818184, 0.018181818181818184, 0.018181818181818184, 0.018181818181818184, 0.018181818181818184, 0.018181818181818184, 0.018181818181818184, 0.018181818181818184], [0, 0, 0.02, 0.8, 0.02, 0.02, 0.02, 0.02, 0.02, 0.02, 0.02, 0.02, 0.02], [0, 0, 0, 0.022222222222222223, 0.8, 0.022222222222222223, 0.022222222222222223, 0.022222222222222223, 0.022222222222222223, 0.022222222222222223, 0.022222222222222223, 0.022222222222222223, 0.022222222222222223], [0, 0, 0, 0, 0.025, 0.8, 0.025, 0.025, 0.025, 0.025, 0.025, 0.025, 0.025], [0, 0, 0, 0, 0, 0.028571428571428574, 0.8, 0.028571428571428574, 0.028571428571428574, 0.028571428571428574, 0.028571428571428574, 0.028571428571428574, 0.028571428571428574], [0, 0, 0, 0, 0, 0, 0.03333333333333333, 0.8, 0.03333333333333333, 0.03333333333333333, 0.03333333333333333, 0.03333333333333333, 0.03333333333333333], [0, 0, 0, 0, 0, 0, 0, 0.04, 0.8, 0.04, 0.04, 0.04, 0.04], [0, 0, 0, 0, 0, 0, 0, 0, 0.05, 0.8, 0.05, 0.05, 0.05], [0, 0, 0, 0, 0, 0, 0, 0, 0, 0.06666666666666667, 0.8, 0.06666666666666667, 0.06666666666666667], [0, 0, 0, 0, 0, 0, 0, 0, 0, 0, 0.1, 0.8, 0.1], [0, 0, 0, 0, 0, 0, 0, 0, 0, 0, 0, 0.2, 0.8], [1, 0, 0, 0, 0, 0, 0, 0, 0, 0, 0, 0, 0]], [[1, 0, 0, 0, 0], [0, 0.5419883257368489, 0.21985871353026587, 0.23815296073288528, 0], [0, 0.36649318945081266, 0.3272402398876222, 0.30626657066156515, 0], [0, 0.2681233892490243, 0.3069704599601557, 0.42490615079082, 0], [0, 0.20751343008961753, 0.2410918847570088, 0.5513946851533736, 0], [0, 0.10405107172759742, 0.2862025368615524, 0.6097463914108502, 0], [0, 0.11933804590923189, 0.2219560897835093, 0.6587058643072587, 0], [0, 0.13458548788454552, 0.21796150384020146, 0.647453008275253, 0], [0, 0.052287341281326324, 0.34892753525546133, 0.5987851234632122, 0], [0, 0.17387666694107579, 0.35380290677325993, 0.4723204262856642, 0], [0, 0.16644822235265805, 0.3845359155547572, 0.44901586209258476, 0], [0, 0.12169867164690422, 0.5035522626883056, 0.37474906566479016, 0], [0, 0, 0, 0, 1]], [\'@\', \'L\', \'S\', \'N\', \'$\'])", "([1, 0, 0, 0, 0, 0, 0, 0, 0, 0, 0, 0, 0], [[0, 1, 0, 0, 0, 0, 0, 0, 0, 0, 0, 0, 0], [0, 0.018181818181818184, 0.8, 0.018181818181818184, 0.018181818181818184, 0.018181818181818184, 0.018181818181818184, 0.018181818181818184, 0.018181818181818184, 0.018181818181818184, 0.018181818181818184, 0.018181818181818184, 0.018181818181818184], [0, 0, 0.02, 0.8, 0.02, 0.02, 0.02, 0.02, 0.02, 0.02, 0.02, 0.02, 0.02], [0, 0, 0, 0.022222222222222223, 0.8, 0.022222222222222223, 0.022222222222222223, 0.022222222222222223, 0.022222222222222223, 0.022222222222222223, 0.022222222222222223, 0.022222222222222223, 0.022222222222222223], [0, 0, 0, 0, 0.025, 0.8, 0.025, 0.025, 0.025, 0.025, 0.025, 0.025, 0.025], [0, 0, 0, 0, 0, 0.028571428571428574, 0.8, 0.028571428571428574, 0.028571428571428574, 0.028571428571428574, 0.028571428571428574, 0.028571428571428574, 0.028571428571428574], [0, 0, 0, 0, 0, 0, 0.03333333333333333, 0.8, 0.03333333333333333, 0.03333333333333333, 0.03333333333333333, 0.03333333333333333, 0.03333333333333333], [0, 0, 0, 0, 0, 0, 0, 0.04, 0.8, 0.04, 0.04, 0.04, 0.04], [0, 0, 0, 0, 0, 0, 0, 0, 0.05, 0.8, 0.05, 0.05, 0.05], [0, 0, 0, 0, 0, 0, 0, 0, 0, 0.06666666666666667, 0.8, 0.06666666666666667, 0.06666666666666667], [0, 0, 0, 0, 0, 0, 0, 0, 0, 0, 0.1, 0.8, 0.1], [0, 0, 0, 0, 0, 0, 0, 0, 0, 0, 0, 0.2, 0.8], [1, 0, 0, 0, 0, 0, 0, 0, 0, 0, 0, 0, 0]], [[1, 0, 0, 0, 0], [0, 0.5065868742564472, 0.2766231285129667, 0.21678999723058603, 0], [0, 0.38091095925834706, 0.36322636748645754, 0.25586267325519546, 0], [0, 0.2756814593504478, 0.16258412504631697, 0.5617344156032352, 0], [0, 0.2110353721428446, 0.1332489434663799, 0.6557156843907754, 0], [0, 0.21328886261804875, 0.12260679199827822, 0.6641043453836731, 0], [0, 0.09738786602977588, 0.14894062108563122, 0.7536715128845928, 0], [0, 0.11077331324822977, 0.20999930182358137, 0.6792273849281889, 0], [0, 0.10390345542017318, 0.2871814386876994, 0.6089151058921275, 0], [0, 0.1521037474870755, 0.3162801126216663, 0.5316161398912582, 0], [0, 0.20306523130485796, 0.38590239362445694, 0.411032375070685, 0], [0, 0.1531518469997878, 0.4746768623234353, 0.3721712906767769, 0], [0, 0, 0, 0, 1]], [\'@\', \'L\', \'S\', \'N\', \'$\'])", "([1, 0, 0, 0, 0, 0, 0, 0, 0, 0, 0, 0, 0], [[0, 1, 0, 0, 0, 0, 0, 0, 0, 0, 0, 0, 0], [0, 0.018181818181818184, 0.8, 0.018181818181818184, 0.018181818181818184, 0.018181818181818184, 0.018181818181818184, 0.018181818181818184, 0.018181818181818184, 0.018181818181818184, 0.018181818181818184, 0.018181818181818184, 0.018181818181818184], [0, 0, 0.02, 0.8, 0.02, 0.02, 0.02, 0.02, 0.02, 0.02, 0.02, 0.02, 0.02], [0, 0, 0, 0.022222222222222223, 0.8, 0.022222222222222223, 0.022222222222222223, 0.022222222222222223, 0.022222222222222223, 0.022222222222222223, 0.022222222222222223, 0.022222222222222223, 0.022222222222222223], [0, 0, 0, 0, 0.025, 0.8, 0.025, 0.025, 0.025, 0.025, 0.025, 0.025, 0.025], [0, 0, 0, 0, 0, 0.028571428571428574, 0.8, 0.028571428571428574, 0.028571428571428574, 0.028571428571428574, 0.028571428571428574, 0.028571428571428574, 0.028571428571428574], [0, 0, 0, 0, 0, 0, 0.03333333333333333, 0.8, 0.03333333333333333, 0.03333333333333333, 0.03333333333333333, 0.03333333333333333, 0.03333333333333333], [0, 0, 0, 0, 0, 0, 0, 0.04, 0.8, 0.04, 0.04, 0.04, 0.04], [0, 0, 0, 0, 0, 0, 0, 0, 0.05, 0.8, 0.05, 0.05, 0.05], [0, 0, 0, 0, 0, 0, 0, 0, 0, 0.06666666666666667, 0.8, 0.06666666666666667, 0.06666666666666667], [0, 0, 0, 0, 0, 0, 0, 0, 0, 0, 0.1, 0.8, 0.1], [0, 0, 0, 0, 0, 0, 0, 0, 0, 0, 0, 0.2, 0.8], [1, 0, 0, 0, 0, 0, 0, 0, 0, 0, 0, 0, 0]], [[1, 0, 0, 0, 0], [0, 0.9535949273876159, 0.03363983767102448, 0.012765234941359588, 0], [0, 0.9294202781218167, 0.031634130528361004, 0.03894559134982229, 0], [0, 0.8326017618330442, 0.027163815536678567, 0.1402344226302772, 0], [0, 0.850514895137672, 0.09216065658536293, 0.0573244482769651, 0], [0, 0.7010115900612398, 0.0479295732967521, 0.2510588366420082, 0], [0, 0.5887215133183094, 0.06439359163441649, 0.34688489504727416, 0], [0, 0.35715749068626523, 0.1946021460864391, 0.44824036322729566, 0], [0, 0.2507859887874427, 0.2922620924095796, 0.4569519188029777, 0], [0, 0.17963174345122673, 0.39397232718495184, 0.4263959293638214, 0], [0, 0.13627148049136883, 0.5552655622941185, 0.3084629572145126, 0], [0, 0.13402151501130277, 0.6140859705141263, 0.2518925144745709, 0], [0, 0, 0, 0, 1]], [\'@\', \'L\', \'S\', \'N\', \'$\'])", "([1, 0, 0, 0, 0, 0, 0, 0, 0, 0, 0, 0, 0], [[0, 1, 0, 0, 0, 0, 0, 0, 0, 0, 0, 0, 0], [0, 0.018181818181818184, 0.8, 0.018181818181818184, 0.018181818181818184, 0.018181818181818184, 0.018181818181818184, 0.018181818181818184, 0.018181818181818184, 0.018181818181818184, 0.018181818181818184, 0.018181818181818184, 0.018181818181818184], [0, 0, 0.02, 0.8, 0.02, 0.02, 0.02, 0.02, 0.02, 0.02, 0.02, 0.02, 0.02], [0, 0, 0, 0.022222222222222223, 0.8, 0.022222222222222223, 0.022222222222222223, 0.022222222222222223, 0.022222222222222223, 0.022222222222222223, 0.022222222222222223, 0.022222222222222223, 0.022222222222222223], [0, 0, 0, 0, 0.025, 0.8, 0.025, 0.025, 0.025, 0.025, 0.025, 0.025, 0.025], [0, 0, 0, 0, 0, 0.028571428571428574, 0.8, 0.028571428571428574, 0.028571428571428574, 0.028571428571428574, 0.028571428571428574, 0.028571428571428574, 0.028571428571428574], [0, 0, 0, 0, 0, 0, 0.03333333333333333, 0.8, 0.03333333333333333, 0.03333333333333333, 0.03333333333333333, 0.03333333333333333, 0.03333333333333333], [0, 0, 0, 0, 0, 0, 0, 0.04, 0.8, 0.04, 0.04, 0.04, 0.04], [0, 0, 0, 0, 0, 0, 0, 0, 0.05, 0.8, 0.05, 0.05, 0.05], [0, 0, 0, 0, 0, 0, 0, 0, 0, 0.06666666666666667, 0.8, 0.06666666666666667, 0.06666666666666667], [0, 0, 0, 0, 0, 0, 0, 0, 0, 0, 0.1, 0.8, 0.1], [0, 0, 0, 0, 0, 0, 0, 0, 0, 0, 0, 0.2, 0.8], [1, 0, 0, 0, 0, 0, 0, 0, 0, 0, 0, 0, 0]], [[1, 0, 0, 0, 0], [0, 0.38123991688263464, 0.49500791124632376, 0.12375217187104161, 0], [0, 0.11317014860013601, 0.7416359913129372, 0.14519386008692675, 0], [0, 0.1447659426841969, 0.4460830752516924, 0.4091509820641107, 0], [0, 0.17119914085835455, 0.3660871462793205, 0.46271371286232493, 0], [0, 0.1312209204706341, 0.2185706473321313, 0.6502084321972347, 0], [0, 0.09571330020148237, 0.27393779196386203, 0.6303489078346556, 0], [0, 0.1643818371097744, 0.24750902974840247, 0.5881091331418231, 0], [0, 0.37223130976051716, 0.29629378473447104, 0.33147490550501174, 0], [0, 0.20380733101586007, 0.5356184954174151, 0.2605741735667248, 0], [0, 0.29506573249032625, 0.5891138523839158, 0.11582041512575796, 0], [0, 0.20216805716748806, 0.6478967759635007, 0.1499351668690112, 0], [0, 0, 0, 0, 1]], [\'@\', \'L\', \'S\', \'N\', \'$\'])", "([1, 0, 0, 0, 0, 0, 0, 0, 0, 0, 0, 0, 0], [[0, 1, 0, 0, 0, 0, 0, 0, 0, 0, 0, 0, 0], [0, 0.018181818181818184, 0.8, 0.018181818181818184, 0.018181818181818184, 0.018181818181818184, 0.018181818181818184, 0.018181818181818184, 0.018181818181818184, 0.018181818181818184, 0.018181818181818184, 0.018181818181818184, 0.018181818181818184], [0, 0, 0.02, 0.8, 0.02, 0.02, 0.02, 0.02, 0.02, 0.02, 0.02, 0.02, 0.02], [0, 0, 0, 0.022222222222222223, 0.8, 0.022222222222222223, 0.022222222222222223, 0.022222222222222223, 0.022222222222222223, 0.022222222222222223, 0.022222222222222223, 0.022222222222222223, 0.022222222222222223], [0, 0, 0, 0, 0.025, 0.8, 0.025, 0.025, 0.025, 0.025, 0.025, 0.025, 0.025], [0, 0, 0, 0, 0, 0.028571428571428574, 0.8, 0.028571428571428574, 0.028571428571428574, 0.028571428571428574, 0.028571428571428574, 0.028571428571428574, 0.028571428571428574], [0, 0, 0, 0, 0, 0, 0.03333333333333333, 0.8, 0.03333333333333333, 0.03333333333333333, 0.03333333333333333, 0.03333333333333333, 0.03333333333333333], [0, 0, 0, 0, 0, 0, 0, 0.04, 0.8, 0.04, 0.04, 0.04, 0.04], [0, 0, 0, 0, 0, 0, 0, 0, 0.05, 0.8, 0.05, 0.05, 0.05], [0, 0, 0, 0, 0, 0, 0, 0, 0, 0.06666666666666667, 0.8, 0.06666666666666667, 0.06666666666666667], [0, 0, 0, 0, 0, 0, 0, 0, 0, 0, 0.1, 0.8, 0.1], [0, 0, 0, 0, 0, 0, 0, 0, 0, 0, 0, 0.2, 0.8], [1, 0, 0, 0, 0, 0, 0, 0, 0, 0, 0, 0, 0]], [[1, 0, 0, 0, 0], [0, 0.16086047596716993, 0.03781148689219829, 0.8013280371406318, 0], [0, 0.22401432482015043, 0.16982829329211793, 0.6061573818877316, 0], [0, 0.24562799186104187, 0.16298829206395637, 0.5913837160750017, 0], [0, 0.22399324015661612, 0.20187683215863442, 0.5741299276847495, 0], [0, 0.12345360105885642, 0.22751332658180687, 0.6490330723593367, 0], [0, 0.19443128047280478, 0.2140910608830503, 0.5914776586441449, 0], [0, 0.15210957646876333, 0.23729772767390786, 0.6105926958573288, 0], [0, 0.1480016707821332, 0.19985045292337855, 0.6521478762944883, 0], [0, 0.18425716153977867, 0.20526095150482465, 0.6104818869553967, 0], [0, 0.15411016281189766, 0.3050377425911174, 0.5408520945969849, 0], [0, 0.1539255772781468, 0.193129310630823, 0.6529451120910302, 0], [0, 0, 0, 0, 1]], [\'@\', \'L\', \'S\', \'N\', \'$\'])", "([1, 0, 0, 0, 0, 0, 0, 0, 0, 0, 0, 0, 0], [[0, 1, 0, 0, 0, 0, 0, 0, 0, 0, 0, 0, 0], [0, 0.018181818181818184, 0.8, 0.018181818181818184, 0.018181818181818184, 0.018181818181818184, 0.018181818181818184, 0.018181818181818184, 0.018181818181818184, 0.018181818181818184, 0.018181818181818184, 0.018181818181818184, 0.018181818181818184], [0, 0, 0.02, 0.8, 0.02, 0.02, 0.02, 0.02, 0.02, 0.02, 0.02, 0.02, 0.02], [0, 0, 0, 0.022222222222222223, 0.8, 0.022222222222222223, 0.022222222222222223, 0.022222222222222223, 0.022222222222222223, 0.022222222222222223, 0.022222222222222223, 0.022222222222222223, 0.022222222222222223], [0, 0, 0, 0, 0.025, 0.8, 0.025, 0.025, 0.025, 0.025, 0.025, 0.025, 0.025], [0, 0, 0, 0, 0, 0.028571428571428574, 0.8, 0.028571428571428574, 0.028571428571428574, 0.028571428571428574, 0.028571428571428574, 0.028571428571428574, 0.028571428571428574], [0, 0, 0, 0, 0, 0, 0.03333333333333333, 0.8, 0.03333333333333333, 0.03333333333333333, 0.03333333333333333, 0.03333333333333333, 0.03333333333333333], [0, 0, 0, 0, 0, 0, 0, 0.04, 0.8, 0.04, 0.04, 0.04, 0.04], [0, 0, 0, 0, 0, 0, 0, 0, 0.05, 0.8, 0.05, 0.05, 0.05], [0, 0, 0, 0, 0, 0, 0, 0, 0, 0.06666666666666667, 0.8, 0.06666666666666667, 0.06666666666666667], [0, 0, 0, 0, 0, 0, 0, 0, 0, 0, 0.1, 0.8, 0.1], [0, 0, 0, 0, 0, 0, 0, 0, 0, 0, 0, 0.2, 0.8], [1, 0, 0, 0, 0, 0, 0, 0, 0, 0, 0, 0, 0]], [[1, 0, 0, 0, 0], [0, 0.2841687632641572, 0.4823987064881089, 0.23343253024773383, 0], [0, 0.053064293165289524, 0.8474443517471466, 0.09949135508756378, 0], [0, 0.09250602744065133, 0.6625895694849279, 0.24490440307442085, 0], [0, 0.23630575301583412, 0.42351786032785244, 0.3401763866563134, 0], [0, 0.32196491755554985, 0.3378896091524038, 0.34014547329204636, 0], [0, 0.32629782711466954, 0.2175446715875051, 0.4561575012978253, 0], [0, 0.5170787964099836, 0.17455153487577615, 0.3083696687142403, 0], [0, 0.6751755725832984, 0.18579649508462504, 0.13902793233207647, 0], [0, 0.7326930058476236, 0.1831029556939525, 0.08420403845842384, 0], [0, 0.44636782956321425, 0.4709691559408627, 0.08266301449592313, 0], [0, 0.15453017889282952, 0.7666689653216826, 0.0788008557854879, 0], [0, 0, 0, 0, 1]], [\'@\', \'L\', \'S\', \'N\', \'$\'])", "([1, 0, 0, 0, 0, 0, 0, 0, 0, 0, 0, 0, 0], [[0, 1, 0, 0, 0, 0, 0, 0, 0, 0, 0, 0, 0], [0, 0.018181818181818184, 0.8, 0.018181818181818184, 0.018181818181818184, 0.018181818181818184, 0.018181818181818184, 0.018181818181818184, 0.018181818181818184, 0.018181818181818184, 0.018181818181818184, 0.018181818181818184, 0.018181818181818184], [0, 0, 0.02, 0.8, 0.02, 0.02, 0.02, 0.02, 0.02, 0.02, 0.02, 0.02, 0.02], [0, 0, 0, 0.022222222222222223, 0.8, 0.022222222222222223, 0.022222222222222223, 0.022222222222222223, 0.022222222222222223, 0.022222222222222223, 0.022222222222222223, 0.022222222222222223, 0.022222222222222223], [0, 0, 0, 0, 0.025, 0.8, 0.025, 0.025, 0.025, 0.025, 0.025, 0.025, 0.025], [0, 0, 0, 0, 0, 0.028571428571428574, 0.8, 0.028571428571428574, 0.028571428571428574, 0.028571428571428574, 0.028571428571428574, 0.028571428571428574, 0.028571428571428574], [0, 0, 0, 0, 0, 0, 0.03333333333333333, 0.8, 0.03333333333333333, 0.03333333333333333, 0.03333333333333333, 0.03333333333333333, 0.03333333333333333], [0, 0, 0, 0, 0, 0, 0, 0.04, 0.8, 0.04, 0.04, 0.04, 0.04], [0, 0, 0, 0, 0, 0, 0, 0, 0.05, 0.8, 0.05, 0.05, 0.05], [0, 0, 0, 0, 0, 0, 0, 0, 0, 0.06666666666666667, 0.8, 0.06666666666666667, 0.06666666666666667], [0, 0, 0, 0, 0, 0, 0, 0, 0, 0, 0.1, 0.8, 0.1], [0, 0, 0, 0, 0, 0, 0, 0, 0, 0, 0, 0.2, 0.8], [1, 0, 0, 0, 0, 0, 0, 0, 0, 0, 0, 0, 0]], [[1, 0, 0, 0, 0], [0, 0.49575558456032237, 0.4632403765896132, 0.04100403885006443, 0], [0, 0.3648693339790124, 0.6139745890227766, 0.021156076998210958, 0], [0, 0.7340950605177728, 0.2244204997008001, 0.041484439781427136, 0], [0, 0.8861149982901763, 0.06433926016562366, 0.049545741544200134, 0], [0, 0.91306284566412, 0.02958797740290437, 0.057349176932975705, 0], [0, 0.8738522080996765, 0.011405462701672716, 0.11474232919865075, 0], [0, 0.8662588668109894, 0.06897921139724483, 0.06476192179176571, 0], [0, 0.7999995056356396, 0.1650026284518061, 0.03499786591255425, 0], [0, 0.6236384424044776, 0.2889980967342834, 0.08736346086123897, 0], [0, 0.5907931361001564, 0.3592812949949124, 0.049925568904931224, 0], [0, 0.3827521853461402, 0.5568648975633306, 0.06038291709052928, 0], [0, 0, 0, 0, 1]], [\'@\', \'L\', \'S\', \'N\', \'$\'])", "([1, 0, 0, 0, 0, 0, 0, 0, 0, 0, 0, 0, 0], [[0, 1, 0, 0, 0, 0, 0, 0, 0, 0, 0, 0, 0], [0, 0.018181818181818184, 0.8, 0.018181818181818184, 0.018181818181818184, 0.018181818181818184, 0.018181818181818184, 0.018181818181818184, 0.018181818181818184, 0.018181818181818184, 0.018181818181818184, 0.018181818181818184, 0.018181818181818184], [0, 0, 0.02, 0.8, 0.02, 0.02, 0.02, 0.02, 0.02, 0.02, 0.02, 0.02, 0.02], [0, 0, 0, 0.022222222222222223, 0.8, 0.022222222222222223, 0.022222222222222223, 0.022222222222222223, 0.022222222222222223, 0.022222222222222223, 0.022222222222222223, 0.022222222222222223, 0.022222222222222223], [0, 0, 0, 0, 0.025, 0.8, 0.025, 0.025, 0.025, 0.025, 0.025, 0.025, 0.025], [0, 0, 0, 0, 0, 0.028571428571428574, 0.8, 0.028571428571428574, 0.028571428571428574, 0.028571428571428574, 0.028571428571428574, 0.028571428571428574, 0.028571428571428574], [0, 0, 0, 0, 0, 0, 0.03333333333333333, 0.8, 0.03333333333333333, 0.03333333333333333, 0.03333333333333333, 0.03333333333333333, 0.03333333333333333], [0, 0, 0, 0, 0, 0, 0, 0.04, 0.8, 0.04, 0.04, 0.04, 0.04], [0, 0, 0, 0, 0, 0, 0, 0, 0.05, 0.8, 0.05, 0.05, 0.05], [0, 0, 0, 0, 0, 0, 0, 0, 0, 0.06666666666666667, 0.8, 0.06666666666666667, 0.06666666666666667], [0, 0, 0, 0, 0, 0, 0, 0, 0, 0, 0.1, 0.8, 0.1], [0, 0, 0, 0, 0, 0, 0, 0, 0, 0, 0, 0.2, 0.8], [1, 0, 0, 0, 0, 0, 0, 0, 0, 0, 0, 0, 0]], [[1, 0, 0, 0, 0], [0, 0.327004587947766, 0.6098793026040991, 0.06311610944813502, 0], [0, 0.16323450273557685, 0.7879522165523689, 0.04881328071205425, 0], [0, 0.13743459538126232, 0.48509722569188035, 0.37746817892685736, 0], [0, 0.18200205358337176, 0.3312827789748326, 0.48671516744179566, 0], [0, 0.19204999267785694, 0.23335665872447084, 0.5745933485976722, 0], [0, 0.24172548634447785, 0.24097281502776247, 0.5173016986277597, 0], [0, 0.25647581852991874, 0.18768382882329776, 0.5558403526467834, 0], [0, 0.19125733446696694, 0.20121182655551548, 0.6075308389775176, 0], [0, 0.1504203709645612, 0.40499870190816945, 0.4445809271272694, 0], [0, 0.1547458133363245, 0.30671116978251767, 0.5385430168811578, 0], [0, 0.28210585755441403, 0.3416224523364225, 0.37627169010916345, 0], [0, 0, 0, 0, 1]], [\'@\', \'L\', \'S\', \'N\', \'$\'])", "([1, 0, 0, 0, 0, 0, 0, 0, 0, 0, 0, 0, 0], [[0, 1, 0, 0, 0, 0, 0, 0, 0, 0, 0, 0, 0], [0, 0.018181818181818184, 0.8, 0.018181818181818184, 0.018181818181818184, 0.018181818181818184, 0.018181818181818184, 0.018181818181818184, 0.018181818181818184, 0.018181818181818184, 0.018181818181818184, 0.018181818181818184, 0.018181818181818184], [0, 0, 0.02, 0.8, 0.02, 0.02, 0.02, 0.02, 0.02, 0.02, 0.02, 0.02, 0.02], [0, 0, 0, 0.022222222222222223, 0.8, 0.022222222222222223, 0.022222222222222223, 0.022222222222222223, 0.022222222222222223, 0.022222222222222223, 0.022222222222222223, 0.022222222222222223, 0.022222222222222223], [0, 0, 0, 0, 0.025, 0.8, 0.025, 0.025, 0.025, 0.025, 0.025, 0.025, 0.025], [0, 0, 0, 0, 0, 0.028571428571428574, 0.8, 0.028571428571428574, 0.028571428571428574, 0.028571428571428574, 0.028571428571428574, 0.028571428571428574, 0.028571428571428574], [0, 0, 0, 0, 0, 0, 0.03333333333333333, 0.8, 0.03333333333333333, 0.03333333333333333, 0.03333333333333333, 0.03333333333333333, 0.03333333333333333], [0, 0, 0, 0, 0, 0, 0, 0.04, 0.8, 0.04, 0.04, 0.04, 0.04], [0, 0, 0, 0, 0, 0, 0, 0, 0.05, 0.8, 0.05, 0.05, 0.05], [0, 0, 0, 0, 0, 0, 0, 0, 0, 0.06666666666666667, 0.8, 0.06666666666666667, 0.06666666666666667], [0, 0, 0, 0, 0, 0, 0, 0, 0, 0, 0.1, 0.8, 0.1], [0, 0, 0, 0, 0, 0, 0, 0, 0, 0, 0, 0.2, 0.8], [1, 0, 0, 0, 0, 0, 0, 0, 0, 0, 0, 0, 0]], [[1, 0, 0, 0, 0], [0, 0.8588421313286906, 0.10539444290458173, 0.03576342576672764, 0], [0, 0.6567499435615839, 0.2767138370145432, 0.06653621942387299, 0], [0, 0.3336905556282689, 0.595924873908492, 0.07038457046323911, 0], [0, 0.14079904668374774, 0.8136753913341607, 0.04552556198209163, 0], [0, 0.08736617675146069, 0.8894112876647409, 0.023222535583798467, 0], [0, 0.39725128141504, 0.5140659264385821, 0.08868279214637786, 0], [0, 0.8007531973224472, 0.1556172326714023, 0.04362957000615052, 0], [0, 0.8592821323010459, 0.11872434741653516, 0.02199352028241898, 0], [0, 0.8314405015877518, 0.11479171662219606, 0.053767781790052045, 0], [0, 0.42488645768141764, 0.4610189516402331, 0.1140945906783492, 0], [0, 0.184655717848624, 0.766827953848886, 0.04851632830248993, 0], [0, 0, 0, 0, 1]], [\'@\', \'L\', \'S\', \'N\', \'$\'])", "([1, 0, 0, 0, 0, 0, 0, 0, 0, 0, 0, 0, 0], [[0, 1, 0, 0, 0, 0, 0, 0, 0, 0, 0, 0, 0], [0, 0.018181818181818184, 0.8, 0.018181818181818184, 0.018181818181818184, 0.018181818181818184, 0.018181818181818184, 0.018181818181818184, 0.018181818181818184, 0.018181818181818184, 0.018181818181818184, 0.018181818181818184, 0.018181818181818184], [0, 0, 0.02, 0.8, 0.02, 0.02, 0.02, 0.02, 0.02, 0.02, 0.02, 0.02, 0.02], [0, 0, 0, 0.022222222222222223, 0.8, 0.022222222222222223, 0.022222222222222223, 0.022222222222222223, 0.022222222222222223, 0.022222222222222223, 0.022222222222222223, 0.022222222222222223, 0.022222222222222223], [0, 0, 0, 0, 0.025, 0.8, 0.025, 0.025, 0.025, 0.025, 0.025, 0.025, 0.025], [0, 0, 0, 0, 0, 0.028571428571428574, 0.8, 0.028571428571428574, 0.028571428571428574, 0.028571428571428574, 0.028571428571428574, 0.028571428571428574, 0.028571428571428574], [0, 0, 0, 0, 0, 0, 0.03333333333333333, 0.8, 0.03333333333333333, 0.03333333333333333, 0.03333333333333333, 0.03333333333333333, 0.03333333333333333], [0, 0, 0, 0, 0, 0, 0, 0.04, 0.8, 0.04, 0.04, 0.04, 0.04], [0, 0, 0, 0, 0, 0, 0, 0, 0.05, 0.8, 0.05, 0.05, 0.05], [0, 0, 0, 0, 0, 0, 0, 0, 0, 0.06666666666666667, 0.8, 0.06666666666666667, 0.06666666666666667], [0, 0, 0, 0, 0, 0, 0, 0, 0, 0, 0.1, 0.8, 0.1], [0, 0, 0, 0, 0, 0, 0, 0, 0, 0, 0, 0.2, 0.8], [1, 0, 0, 0, 0, 0, 0, 0, 0, 0, 0, 0, 0]], [[1, 0, 0, 0, 0], [0, 0.8243133567828222, 0.12647066520064754, 0.049215978016530236, 0], [0, 0.6881425243041198, 0.2381321909300888, 0.07372528476579143, 0], [0, 0.4824534969699106, 0.39587310789979807, 0.12167339513029138, 0], [0, 0.2766615646614137, 0.678595061986164, 0.044743373352422296, 0], [0, 0.13955165503259134, 0.7999137919717602, 0.06053455299564853, 0], [0, 0.030241642088441593, 0.9432130291468453, 0.026545328764713088, 0], [0, 0.13750207727266844, 0.8226204091642519, 0.03987751356307968, 0], [0, 0.326944205811359, 0.626420664509288, 0.046635129679353, 0], [0, 0.6656383484230869, 0.29609681807530497, 0.03826483350160812, 0], [0, 0.8319608004145664, 0.1381005328579064, 0.029938666727527326, 0], [0, 0.9271820494132089, 0.061331146463146954, 0.011486804123644147, 0], [0, 0, 0, 0, 1]], [\'@\', \'L\', \'S\', \'N\', \'$\'])", "([1, 0, 0, 0, 0, 0, 0, 0, 0, 0, 0, 0, 0], [[0, 1, 0, 0, 0, 0, 0, 0, 0, 0, 0, 0, 0], [0, 0.018181818181818184, 0.8, 0.018181818181818184, 0.018181818181818184, 0.018181818181818184, 0.018181818181818184, 0.018181818181818184, 0.018181818181818184, 0.018181818181818184, 0.018181818181818184, 0.018181818181818184, 0.018181818181818184], [0, 0, 0.02, 0.8, 0.02, 0.02, 0.02, 0.02, 0.02, 0.02, 0.02, 0.02, 0.02], [0, 0, 0, 0.022222222222222223, 0.8, 0.022222222222222223, 0.022222222222222223, 0.022222222222222223, 0.022222222222222223, 0.022222222222222223, 0.022222222222222223, 0.022222222222222223, 0.022222222222222223], [0, 0, 0, 0, 0.025, 0.8, 0.025, 0.025, 0.025, 0.025, 0.025, 0.025, 0.025], [0, 0, 0, 0, 0, 0.028571428571428574, 0.8, 0.028571428571428574, 0.028571428571428574, 0.028571428571428574, 0.028571428571428574, 0.028571428571428574, 0.028571428571428574], [0, 0, 0, 0, 0, 0, 0.03333333333333333, 0.8, 0.03333333333333333, 0.03333333333333333, 0.03333333333333333, 0.03333333333333333, 0.03333333333333333], [0, 0, 0, 0, 0, 0, 0, 0.04, 0.8, 0.04, 0.04, 0.04, 0.04], [0, 0, 0, 0, 0, 0, 0, 0, 0.05, 0.8, 0.05, 0.05, 0.05], [0, 0, 0, 0, 0, 0, 0, 0, 0, 0.06666666666666667, 0.8, 0.06666666666666667, 0.06666666666666667], [0, 0, 0, 0, 0, 0, 0, 0, 0, 0, 0.1, 0.8, 0.1], [0, 0, 0, 0, 0, 0, 0, 0, 0, 0, 0, 0.2, 0.8], [1, 0, 0, 0, 0, 0, 0, 0, 0, 0, 0, 0, 0]], [[1, 0, 0, 0, 0], [0, 0.9150781155443672, 0.009799186081805777, 0.075122698373827, 0], [0, 0.9421583131532568, 0.023568980127016824, 0.03427270671972629, 0], [0, 0.8775252534021822, 0.03463410750013933, 0.08784063909767832, 0], [0, 0.6140003986922554, 0.11869899864036551, 0.26730060266737915, 0], [0, 0.46714476293167984, 0.1321437510562729, 0.4007114860120473, 0], [0, 0.23253703742958884, 0.36183658304508093, 0.40562637952533026, 0], [0, 0.14465314031882123, 0.4973994287333753, 0.3579474309478035, 0], [0, 0.08617290643386187, 0.712135157712002, 0.2016919358541362, 0], [0, 0.07759192661761698, 0.8076946086708009, 0.11471346471158218, 0], [0, 0.04301498257520028, 0.8683285229375789, 0.08865649448722095, 0], [0, 0.041187438618699834, 0.9191679563401141, 0.03964460504118609, 0], [0, 0, 0, 0, 1]], [\'@\', \'L\', \'S\', \'N\', \'$\'])", "([1, 0, 0, 0, 0, 0, 0, 0, 0, 0, 0, 0, 0], [[0, 1, 0, 0, 0, 0, 0, 0, 0, 0, 0, 0, 0], [0, 0.018181818181818184, 0.8, 0.018181818181818184, 0.018181818181818184, 0.018181818181818184, 0.018181818181818184, 0.018181818181818184, 0.018181818181818184, 0.018181818181818184, 0.018181818181818184, 0.018181818181818184, 0.018181818181818184], [0, 0, 0.02, 0.8, 0.02, 0.02, 0.02, 0.02, 0.02, 0.02, 0.02, 0.02, 0.02], [0, 0, 0, 0.022222222222222223, 0.8, 0.022222222222222223, 0.022222222222222223, 0.022222222222222223, 0.022222222222222223, 0.022222222222222223, 0.022222222222222223, 0.022222222222222223, 0.022222222222222223], [0, 0, 0, 0, 0.025, 0.8, 0.025, 0.025, 0.025, 0.025, 0.025, 0.025, 0.025], [0, 0, 0, 0, 0, 0.028571428571428574, 0.8, 0.028571428571428574, 0.028571428571428574, 0.028571428571428574, 0.028571428571428574, 0.028571428571428574, 0.028571428571428574], [0, 0, 0, 0, 0, 0, 0.03333333333333333, 0.8, 0.03333333333333333, 0.03333333333333333, 0.03333333333333333, 0.03333333333333333, 0.03333333333333333], [0, 0, 0, 0, 0, 0, 0, 0.04, 0.8, 0.04, 0.04, 0.04, 0.04], [0, 0, 0, 0, 0, 0, 0, 0, 0.05, 0.8, 0.05, 0.05, 0.05], [0, 0, 0, 0, 0, 0, 0, 0, 0, 0.06666666666666667, 0.8, 0.06666666666666667, 0.06666666666666667], [0, 0, 0, 0, 0, 0, 0, 0, 0, 0, 0.1, 0.8, 0.1], [0, 0, 0, 0, 0, 0, 0, 0, 0, 0, 0, 0.2, 0.8], [1, 0, 0, 0, 0, 0, 0, 0, 0, 0, 0, 0, 0]], [[1, 0, 0, 0, 0], [0, 0.4198194993007105, 0.23392541308882184, 0.3462550876104677, 0], [0, 0.5478630406812021, 0.14947999705781895, 0.302656962260979, 0], [0, 0.40891447541126136, 0.20648621088093846, 0.38459931370780015, 0], [0, 0.2540924858390877, 0.19524643998219182, 0.5506610741787205, 0], [0, 0.2254709904874404, 0.1199695677465904, 0.6545594417659691, 0], [0, 0.11475535885211867, 0.12547908485733, 0.7597655562905513, 0], [0, 0.09225173672276411, 0.27159066032325524, 0.6361576029539807, 0], [0, 0.08716243325923283, 0.41305383828888836, 0.49978372845187885, 0], [0, 0.10905185929501553, 0.5115471876621474, 0.3794009530428372, 0], [0, 0.07224775786571626, 0.6467301904055757, 0.28102205172870814, 0], [0, 0.017943061742959735, 0.8792759588057177, 0.10278097945132256, 0], [0, 0, 0, 0, 1]], [\'@\', \'L\', \'S\', \'N\', \'$\'])", "([1, 0, 0, 0, 0, 0, 0, 0, 0, 0, 0, 0, 0], [[0, 1, 0, 0, 0, 0, 0, 0, 0, 0, 0, 0, 0], [0, 0.018181818181818184, 0.8, 0.018181818181818184, 0.018181818181818184, 0.018181818181818184, 0.018181818181818184, 0.018181818181818184, 0.018181818181818184, 0.018181818181818184, 0.018181818181818184, 0.018181818181818184, 0.018181818181818184], [0, 0, 0.02, 0.8, 0.02, 0.02, 0.02, 0.02, 0.02, 0.02, 0.02, 0.02, 0.02], [0, 0, 0, 0.022222222222222223, 0.8, 0.022222222222222223, 0.022222222222222223, 0.022222222222222223, 0.022222222222222223, 0.022222222222222223, 0.022222222222222223, 0.022222222222222223, 0.022222222222222223], [0, 0, 0, 0, 0.025, 0.8, 0.025, 0.025, 0.025, 0.025, 0.025, 0.025, 0.025], [0, 0, 0, 0, 0, 0.028571428571428574, 0.8, 0.028571428571428574, 0.028571428571428574, 0.028571428571428574, 0.028571428571428574, 0.028571428571428574, 0.028571428571428574], [0, 0, 0, 0, 0, 0, 0.03333333333333333, 0.8, 0.03333333333333333, 0.03333333333333333, 0.03333333333333333, 0.03333333333333333, 0.03333333333333333], [0, 0, 0, 0, 0, 0, 0, 0.04, 0.8, 0.04, 0.04, 0.04, 0.04], [0, 0, 0, 0, 0, 0, 0, 0, 0.05, 0.8, 0.05, 0.05, 0.05], [0, 0, 0, 0, 0, 0, 0, 0, 0, 0.06666666666666667, 0.8, 0.06666666666666667, 0.06666666666666667], [0, 0, 0, 0, 0, 0, 0, 0, 0, 0, 0.1, 0.8, 0.1], [0, 0, 0, 0, 0, 0, 0, 0, 0, 0, 0, 0.2, 0.8], [1, 0, 0, 0, 0, 0, 0, 0, 0, 0, 0, 0, 0]], [[1, 0, 0, 0, 0], [0, 0.9446353004243898, 0.021125862727247403, 0.03423883684836275, 0], [0, 0.9309225591853185, 0.00710493505228135, 0.061972505762400036, 0], [0, 0.8823717683249678, 0.08412195528048462, 0.0335062763945475, 0], [0, 0.6784880878395653, 0.08198470326698759, 0.23952720889344717, 0], [0, 0.478918854446065, 0.1766846994141863, 0.34439644613974874, 0], [0, 0.1924475467530442, 0.4554637250742682, 0.3520887281726876, 0], [0, 0.1506818528597064, 0.6130798929375387, 0.23623825420275485, 0], [0, 0.09511516431802666, 0.8408309148543626, 0.06405392082761094, 0], [0, 0.05745673527838695, 0.8548218951369295, 0.08772136958468345, 0], [0, 0.04747931076582145, 0.9185674073863036, 0.03395328184787486, 0], [0, 0.02600090226144748, 0.9394327287172838, 0.034566369021268806, 0], [0, 0, 0, 0, 1]], [\'@\', \'L\', \'S\', \'N\', \'$\'])", "([1, 0, 0, 0, 0, 0, 0, 0, 0, 0, 0, 0, 0], [[0, 1, 0, 0, 0, 0, 0, 0, 0, 0, 0, 0, 0], [0, 0.018181818181818184, 0.8, 0.018181818181818184, 0.018181818181818184, 0.018181818181818184, 0.018181818181818184, 0.018181818181818184, 0.018181818181818184, 0.018181818181818184, 0.018181818181818184, 0.018181818181818184, 0.018181818181818184], [0, 0, 0.02, 0.8, 0.02, 0.02, 0.02, 0.02, 0.02, 0.02, 0.02, 0.02, 0.02], [0, 0, 0, 0.022222222222222223, 0.8, 0.022222222222222223, 0.022222222222222223, 0.022222222222222223, 0.022222222222222223, 0.022222222222222223, 0.022222222222222223, 0.022222222222222223, 0.022222222222222223], [0, 0, 0, 0, 0.025, 0.8, 0.025, 0.025, 0.025, 0.025, 0.025, 0.025, 0.025], [0, 0, 0, 0, 0, 0.028571428571428574, 0.8, 0.028571428571428574, 0.028571428571428574, 0.028571428571428574, 0.028571428571428574, 0.028571428571428574, 0.028571428571428574], [0, 0, 0, 0, 0, 0, 0.03333333333333333, 0.8, 0.03333333333333333, 0.03333333333333333, 0.03333333333333333, 0.03333333333333333, 0.03333333333333333], [0, 0, 0, 0, 0, 0, 0, 0.04, 0.8, 0.04, 0.04, 0.04, 0.04], [0, 0, 0, 0, 0, 0, 0, 0, 0.05, 0.8, 0.05, 0.05, 0.05], [0, 0, 0, 0, 0, 0, 0, 0, 0, 0.06666666666666667, 0.8, 0.06666666666666667, 0.06666666666666667], [0, 0, 0, 0, 0, 0, 0, 0, 0, 0, 0.1, 0.8, 0.1], [0, 0, 0, 0, 0, 0, 0, 0, 0, 0, 0, 0.2, 0.8], [1, 0, 0, 0, 0, 0, 0, 0, 0, 0, 0, 0, 0]], [[1, 0, 0, 0, 0], [0, 0.6213291901456066, 0.1540132849144494, 0.22465752493994404, 0], [0, 0.4574114270933883, 0.25603070240763276, 0.2865578704989789, 0], [0, 0.3062268766885069, 0.19689735450933077, 0.49687576880216233, 0], [0, 0.1671769028713415, 0.3562027889099018, 0.47662030821875667, 0], [0, 0.15188698552572288, 0.5031918856150485, 0.3449211288592287, 0], [0, 0.10602466868827973, 0.622223068516751, 0.2717522627949693, 0], [0, 0.04282321328459921, 0.8116342484726182, 0.14554253824278254, 0], [0, 0.05295215227712825, 0.8601965062965032, 0.08685134142636