((11, 0.5, 'ORIENTATION', 4.6, 0.5), '([\'VVVVVVVVVVV\', \'JJJJJJJJJJJ\', \'QQQQQQQQQQQ\', \'KKKKKKKKKKK\', \'NNNNNNNNNNN\', \'XXXXXXXXXXX\', \'AAAAAAAAAAA\', \'UUUUUUUUUUU\', \'DDDDDDDDDDD\', \'EEEEEEEEEEE\', \'SSSSSSSSSSS\', \'OOOOOOOOOOO\', \'IIIIIIIIIII\', \'YYYYYYYYYYY\', \'CCCCCCCCCCC\', \'GGGGGGGGGGG\', \'BBBBBBBBBBB\', \'PPPPPPPPPPP\', \'HHHHHHHHHHH\', \'ZZZZZZZZZZZ\', \'LLLLLLLLLLL\', \'TTTTTTTTTTT\', \'WWWWWWWWWWW\', \'RRRRRRRRRRR\', \'MMMMMMMMMMM\', \'FFFFFFFFFFF\'], ["([1, 0, 0, 0, 0, 0, 0, 0, 0, 0, 0, 0, 0], [[0, 1, 0, 0, 0, 0, 0, 0, 0, 0, 0, 0, 0], [0, 0.018181818181818184, 0.8, 0.018181818181818184, 0.018181818181818184, 0.018181818181818184, 0.018181818181818184, 0.018181818181818184, 0.018181818181818184, 0.018181818181818184, 0.018181818181818184, 0.018181818181818184, 0.018181818181818184], [0, 0, 0.02, 0.8, 0.02, 0.02, 0.02, 0.02, 0.02, 0.02, 0.02, 0.02, 0.02], [0, 0, 0, 0.022222222222222223, 0.8, 0.022222222222222223, 0.022222222222222223, 0.022222222222222223, 0.022222222222222223, 0.022222222222222223, 0.022222222222222223, 0.022222222222222223, 0.022222222222222223], [0, 0, 0, 0, 0.025, 0.8, 0.025, 0.025, 0.025, 0.025, 0.025, 0.025, 0.025], [0, 0, 0, 0, 0, 0.028571428571428574, 0.8, 0.028571428571428574, 0.028571428571428574, 0.028571428571428574, 0.028571428571428574, 0.028571428571428574, 0.028571428571428574], [0, 0, 0, 0, 0, 0, 0.03333333333333333, 0.8, 0.03333333333333333, 0.03333333333333333, 0.03333333333333333, 0.03333333333333333, 0.03333333333333333], [0, 0, 0, 0, 0, 0, 0, 0.04, 0.8, 0.04, 0.04, 0.04, 0.04], [0, 0, 0, 0, 0, 0, 0, 0, 0.05, 0.8, 0.05, 0.05, 0.05], [0, 0, 0, 0, 0, 0, 0, 0, 0, 0.06666666666666667, 0.8, 0.06666666666666667, 0.06666666666666667], [0, 0, 0, 0, 0, 0, 0, 0, 0, 0, 0.1, 0.8, 0.1], [0, 0, 0, 0, 0, 0, 0, 0, 0, 0, 0, 0.2, 0.8], [1, 0, 0, 0, 0, 0, 0, 0, 0, 0, 0, 0, 0]], [[1, 0, 0, 0, 0, 0, 0, 0, 0, 0, 0], [0, 0.02657652747911352, 0.01269428209154362, 0.005118907824650593, 0.01241161729487778, 0.884992146652896, 0.005148801870875356, 0.025813316566687554, 0.004040522127707536, 0.0232038780916481, 0], [0, 0.04493956901526669, 0.00964978225775158, 0.01574504628707592, 0.028240691156181275, 0.8594686626950959, 0.014339775973258776, 0.009385752926543027, 0.0014385354036684608, 0.016792184285158322, 0], [0, 0.09759784743236963, 0.009224855144525935, 0.006868647824165539, 0.0914742379928214, 0.7376018401971738, 0.00903056045133449, 0.024880387435061397, 0.012910253843253188, 0.01041136967929472, 0], [0, 0.27051809699138185, 0.029853409489316394, 0.04154458388376177, 0.06340276126482777, 0.5329529895794399, 0.02810917284589246, 0.001392525894675315, 0.001893087820609152, 0.03033337223009537, 0], [0, 0.6508956981537416, 0.020398992193693063, 0.02172429121166207, 0.04166863587977247, 0.20416018925450014, 0.02384146337485444, 0.017687649041150874, 0.01956323499198991, 5.984589863549431e-05, 0], [0, 0.876638487266428, 0.010644894575709652, 0.008112796395509048, 0.010781880289016882, 0.041539359667656636, 0.012473711012397741, 0.0136696448577039, 0.022607699684575412, 0.0035315262510027187, 0], [0, 0.8808252283074659, 0.00956156870012328, 0.010538021992623048, 0.003015891777359171, 0.04735412850765085, 0.011860740259580754, 0.014831457224749175, 0.021182301629758694, 0.0008306616006890851, 0], [0, 0.9000551878580301, 0.003170635698578551, 0.012497463553076252, 0.001045392688503835, 0.029499882450723283, 0.006398092522554767, 0.022889987798030826, 0.0050900170196724855, 0.0193533404108299, 0], [0, 0.903152251518924, 0.028417924605959002, 0.004750113198709608, 0.019477322087854586, 0.012836469444067963, 0.007642593312820684, 0.0009824622537809883, 0.0032102515387829357, 0.019530612039100358, 0], [0, 0.9138551619472048, 0.009246741519778213, 0.016484377560277933, 0.012641560965904484, 0.015350170445217595, 0.009711131229348647, 0.003890392684088423, 0.00804975734846306, 0.010770706299716874, 0], [0, 0.9042745946512505, 0.0012065008477412478, 0.010804634835705056, 0.001808209609419523, 0.016331234765377657, 0.025290120991218395, 0.015823449303483682, 0.004364610564296221, 0.020096644431507545, 0], [0, 0, 0, 0, 0, 0, 0, 0, 0, 0, 1]], [\'@\', \'a\', \'b\', \'c\', \'d\', \'e\', \'f\', \'g\', \'h\', \'i\', \'$\'])", "([1, 0, 0, 0, 0, 0, 0, 0, 0, 0, 0, 0, 0], [[0, 1, 0, 0, 0, 0, 0, 0, 0, 0, 0, 0, 0], [0, 0.018181818181818184, 0.8, 0.018181818181818184, 0.018181818181818184, 0.018181818181818184, 0.018181818181818184, 0.018181818181818184, 0.018181818181818184, 0.018181818181818184, 0.018181818181818184, 0.018181818181818184, 0.018181818181818184], [0, 0, 0.02, 0.8, 0.02, 0.02, 0.02, 0.02, 0.02, 0.02, 0.02, 0.02, 0.02], [0, 0, 0, 0.022222222222222223, 0.8, 0.022222222222222223, 0.022222222222222223, 0.022222222222222223, 0.022222222222222223, 0.022222222222222223, 0.022222222222222223, 0.022222222222222223, 0.022222222222222223], [0, 0, 0, 0, 0.025, 0.8, 0.025, 0.025, 0.025, 0.025, 0.025, 0.025, 0.025], [0, 0, 0, 0, 0, 0.028571428571428574, 0.8, 0.028571428571428574, 0.028571428571428574, 0.028571428571428574, 0.028571428571428574, 0.028571428571428574, 0.028571428571428574], [0, 0, 0, 0, 0, 0, 0.03333333333333333, 0.8, 0.03333333333333333, 0.03333333333333333, 0.03333333333333333, 0.03333333333333333, 0.03333333333333333], [0, 0, 0, 0, 0, 0, 0, 0.04, 0.8, 0.04, 0.04, 0.04, 0.04], [0, 0, 0, 0, 0, 0, 0, 0, 0.05, 0.8, 0.05, 0.05, 0.05], [0, 0, 0, 0, 0, 0, 0, 0, 0, 0.06666666666666667, 0.8, 0.06666666666666667, 0.06666666666666667], [0, 0, 0, 0, 0, 0, 0, 0, 0, 0, 0.1, 0.8, 0.1], [0, 0, 0, 0, 0, 0, 0, 0, 0, 0, 0, 0.2, 0.8], [1, 0, 0, 0, 0, 0, 0, 0, 0, 0, 0, 0, 0]], [[1, 0, 0, 0, 0, 0, 0, 0, 0, 0, 0], [0, 0.016603669392174673, 0.021862521102933696, 0.022190400559309417, 0.10723211078916939, 0.7442276391196613, 0.02093912815597685, 0.0008464685389523667, 0.061795794995935946, 0.00430226734588636, 0], [0, 0.020118393214977992, 0.020884765618105993, 0.0010717779864487982, 0.166809936551299, 0.5778225930399167, 0.16487693189071984, 0.00010196580974640589, 0.010446826560604095, 0.03786680932818128, 0], [0, 0.03219371413536511, 0.021590034107759944, 0.033807377652800855, 0.2475347265434731, 0.35628979518455306, 0.12790637805822838, 0.031754717883614905, 0.04741424210663951, 0.10150901432756512, 0], [0, 0.14754786283418866, 0.07588387424099181, 0.029503489284734025, 0.17118647749077995, 0.30538592041815904, 0.0725103769616056, 0.04784731890928639, 0.02842158482293522, 0.12171309503731928, 0], [0, 0.30488718388164987, 0.0810256546461312, 0.05815385672944117, 0.09888706863274661, 0.18637211986436844, 0.06603037308758192, 0.02421034481061832, 0.030863714306094078, 0.14956968404136853, 0], [0, 0.3852781619424176, 0.15040003900203106, 0.08350628341888006, 0.051760076058595755, 0.08359552827386665, 0.024316422062192526, 0.012567924803543955, 0.057871989597296974, 0.15070357484117525, 0], [0, 0.4760026262553896, 0.18868450244031088, 0.11156397080176024, 0.04137823219818095, 0.03173564073390867, 0.03196233833071424, 0.01355827006739525, 0.010715716609704537, 0.09439870256263544, 0], [0, 0.6184611953630558, 0.12401651805049321, 0.05861080002624467, 0.07520332962986666, 0.055386211076902024, 0.02168743838034227, 0.0036395938389783087, 0.013095667312314513, 0.02989924632180242, 0], [0, 0.6286172594895211, 0.06159643607902919, 0.02868945527405507, 0.18411281937796695, 0.04808540507858291, 0.018489978892911537, 0.01210155167386238, 0.011762518686697566, 0.006544575447373402, 0], [0, 0.43119818195231935, 0.009675782204403164, 0.017950353777132416, 0.4744343626816735, 0.027860489353420597, 0.009896508851330693, 0.010087827135400433, 0.002832428350308309, 0.01606406569401156, 0], [0, 0.1545691762412099, 0.01576864365896797, 0.00020113432581770496, 0.7143675420187828, 0.0022590069927342546, 0.03943042565767067, 0.03427902394344574, 0.019651557039428235, 0.019473490121942664, 0], [0, 0, 0, 0, 0, 0, 0, 0, 0, 0, 1]], [\'@\', \'a\', \'b\', \'c\', \'d\', \'e\', \'f\', \'g\', \'h\', \'i\', \'$\'])", "([1, 0, 0, 0, 0, 0, 0, 0, 0, 0, 0, 0, 0], [[0, 1, 0, 0, 0, 0, 0, 0, 0, 0, 0, 0, 0], [0, 0.018181818181818184, 0.8, 0.018181818181818184, 0.018181818181818184, 0.018181818181818184, 0.018181818181818184, 0.018181818181818184, 0.018181818181818184, 0.018181818181818184, 0.018181818181818184, 0.018181818181818184, 0.018181818181818184], [0, 0, 0.02, 0.8, 0.02, 0.02, 0.02, 0.02, 0.02, 0.02, 0.02, 0.02, 0.02], [0, 0, 0, 0.022222222222222223, 0.8, 0.022222222222222223, 0.022222222222222223, 0.022222222222222223, 0.022222222222222223, 0.022222222222222223, 0.022222222222222223, 0.022222222222222223, 0.022222222222222223], [0, 0, 0, 0, 0.025, 0.8, 0.025, 0.025, 0.025, 0.025, 0.025, 0.025, 0.025], [0, 0, 0, 0, 0, 0.028571428571428574, 0.8, 0.028571428571428574, 0.028571428571428574, 0.028571428571428574, 0.028571428571428574, 0.028571428571428574, 0.028571428571428574], [0, 0, 0, 0, 0, 0, 0.03333333333333333, 0.8, 0.03333333333333333, 0.03333333333333333, 0.03333333333333333, 0.03333333333333333, 0.03333333333333333], [0, 0, 0, 0, 0, 0, 0, 0.04, 0.8, 0.04, 0.04, 0.04, 0.04], [0, 0, 0, 0, 0, 0, 0, 0, 0.05, 0.8, 0.05, 0.05, 0.05], [0, 0, 0, 0, 0, 0, 0, 0, 0, 0.06666666666666667, 0.8, 0.06666666666666667, 0.06666666666666667], [0, 0, 0, 0, 0, 0, 0, 0, 0, 0, 0.1, 0.8, 0.1], [0, 0, 0, 0, 0, 0, 0, 0, 0, 0, 0, 0.2, 0.8], [1, 0, 0, 0, 0, 0, 0, 0, 0, 0, 0, 0, 0]], [[1, 0, 0, 0, 0, 0, 0, 0, 0, 0, 0], [0, 0.005656514114372656, 0.9312484659173795, 0.007497787480358609, 0.0001469878978097823, 0.0023661858083735623, 0.008008732351109401, 0.01958169976753592, 0.009142154384377536, 0.016351472278682992, 0], [0, 0.013672210101873907, 0.9127451886184611, 0.0034412627413234415, 0.01961648048988203, 0.004733196708808279, 0.010164882909249828, 0.0136148152080997, 0.0030646185010406325, 0.01894734472126109, 0], [0, 0.0767619364378644, 0.789196414568845, 0.06310584140358186, 0.010922731247709986, 0.01773162044853929, 0.010966009556255183, 0.011862522119843715, 0.013782158469905761, 0.005670765747454786, 0], [0, 0.15716323757291137, 0.43296429877661874, 0.12404418191477413, 0.03389227378144492, 0.040149273866661624, 0.024661252355892546, 0.018250617686337223, 0.1304949331967471, 0.03837993084861237, 0], [0, 0.19875318689213547, 0.12369511477676506, 0.12158509636471869, 0.09081209721763935, 0.1422917377310668, 0.13581164428277948, 0.08483646497131178, 0.07070887443993769, 0.03150578332364586, 0], [0, 0.11645479583177071, 0.04649450879336261, 0.051755110335382146, 0.4220951607869229, 0.12754703349359225, 0.0883464700990657, 0.1160510870686392, 0.015413144873199808, 0.01584268871806473, 0], [0, 0.0956539619070024, 0.01674578083063921, 0.006485179649720045, 0.6916344968911443, 0.03510076014860754, 0.04673161756076889, 0.06711653407925919, 0.03226030412694279, 0.008271364805915693, 0], [0, 0.025636055906719125, 0.004029628546200826, 0.02058023633955627, 0.5707498872031096, 0.2833065542722386, 0.04370173269200754, 0.0005308475199049411, 0.05037098712572319, 0.0010940703945399415, 0], [0, 0.01304130549824132, 0.02854102208376286, 0.005974209109130046, 0.11458284975385191, 0.7850680299430699, 0.013146719355414432, 0.0003563675579350898, 0.032936513602975274, 0.006352983095619233, 0], [0, 0.005270056503610667, 0.008503589718747442, 0.003287669675105046, 0.024638027614295784, 0.910326992807078, 0.005543039672472606, 0.018838449500405842, 0.012892087030643573, 0.010700087477641241, 0], [0, 0.001867716365958548, 0.004573887470620535, 0.010867786929644085, 0.09090848157679904, 0.7764365043707003, 0.08869224494029442, 0.0007999938017886074, 0.0030945569061093994, 0.022758827638085125, 0], [0, 0, 0, 0, 0, 0, 0, 0, 0, 0, 1]], [\'@\', \'a\', \'b\', \'c\', \'d\', \'e\', \'f\', \'g\', \'h\', \'i\', \'$\'])", "([1, 0, 0, 0, 0, 0, 0, 0, 0, 0, 0, 0, 0], [[0, 1, 0, 0, 0, 0, 0, 0, 0, 0, 0, 0, 0], [0, 0.018181818181818184, 0.8, 0.018181818181818184, 0.018181818181818184, 0.018181818181818184, 0.018181818181818184, 0.018181818181818184, 0.018181818181818184, 0.018181818181818184, 0.018181818181818184, 0.018181818181818184, 0.018181818181818184], [0, 0, 0.02, 0.8, 0.02, 0.02, 0.02, 0.02, 0.02, 0.02, 0.02, 0.02, 0.02], [0, 0, 0, 0.022222222222222223, 0.8, 0.022222222222222223, 0.022222222222222223, 0.022222222222222223, 0.022222222222222223, 0.022222222222222223, 0.022222222222222223, 0.022222222222222223, 0.022222222222222223], [0, 0, 0, 0, 0.025, 0.8, 0.025, 0.025, 0.025, 0.025, 0.025, 0.025, 0.025], [0, 0, 0, 0, 0, 0.028571428571428574, 0.8, 0.028571428571428574, 0.028571428571428574, 0.028571428571428574, 0.028571428571428574, 0.028571428571428574, 0.028571428571428574], [0, 0, 0, 0, 0, 0, 0.03333333333333333, 0.8, 0.03333333333333333, 0.03333333333333333, 0.03333333333333333, 0.03333333333333333, 0.03333333333333333], [0, 0, 0, 0, 0, 0, 0, 0.04, 0.8, 0.04, 0.04, 0.04, 0.04], [0, 0, 0, 0, 0, 0, 0, 0, 0.05, 0.8, 0.05, 0.05, 0.05], [0, 0, 0, 0, 0, 0, 0, 0, 0, 0.06666666666666667, 0.8, 0.06666666666666667, 0.06666666666666667], [0, 0, 0, 0, 0, 0, 0, 0, 0, 0, 0.1, 0.8, 0.1], [0, 0, 0, 0, 0, 0, 0, 0, 0, 0, 0, 0.2, 0.8], [1, 0, 0, 0, 0, 0, 0, 0, 0, 0, 0, 0, 0]], [[1, 0, 0, 0, 0, 0, 0, 0, 0, 0, 0], [0, 0.2607972797169666, 0.18294622589511836, 0.012367737138231026, 0.07327363089201315, 0.40150178788517443, 0.034582243250767884, 0.015460488808391216, 0.0009510899843615902, 0.018119516428975753, 0], [0, 0.24831096476416925, 0.09955836560920463, 0.011211972743093346, 0.3294993647520648, 0.239266427413348, 0.023566261696567465, 0.028237253109465666, 0.003895961698040043, 0.016453428214046793, 0], [0, 0.19548114023225155, 0.5680614155273621, 0.020017167212541077, 0.07792791414438084, 0.09474871824498582, 0.013229384972723536, 0.0019210975547667146, 0.025628199949485134, 0.00298496216150326, 0], [0, 0.08731114437308317, 0.7933149715388848, 0.028656799599319195, 0.0007919111500135739, 0.05672330844292687, 0.003125046085816024, 0.009707242792338183, 0.017610106491374802, 0.0027594695262434256, 0], [0, 0.02001193706869813, 0.8646517540235664, 0.008733294672540467, 0.006509378711302325, 0.05352128504999318, 0.01108247149247736, 0.00820955082786518, 0.021959291698826166, 0.0053210364547309034, 0], [0, 0.016905202998434947, 0.8624318466022048, 0.01483847037109268, 0.002285964205327981, 0.052895921824789666, 0.020867857832401138, 0.005000459331068213, 0.009619998698815828, 0.015154278135864736, 0], [0, 0.04050351735540739, 0.8034952251005426, 0.0028290483435202195, 0.009238241388207906, 0.09243108214057075, 0.014159586756028733, 0.01397731277875468, 0.013945818437645549, 0.00942016769932224, 0], [0, 0.08696951254934199, 0.6272962672858132, 0.0023725316793574225, 0.005593945149143727, 0.2384044980206363, 0.012472626602937936, 0.007739014829115878, 0.010440846142147632, 0.00871075774150585, 0], [0, 0.12665986220464517, 0.43906084178912935, 0.013792602490740808, 0.013509112431351823, 0.35857056100369483, 0.01445218739196618, 0.015161033899753904, 0.015422097828507293, 0.003371700960210499, 0], [0, 0.22143695350523837, 0.19162011290796843, 0.007556402509854056, 0.0029270246054910035, 0.48487078610008727, 0.03241966012460502, 0.02894795255366249, 0.02222861381555835, 0.007992493877535098, 0], [0, 0.2634950343711131, 0.08424349227615252, 0.03768302043469796, 0.08489824668688174, 0.3797139702018682, 0.08092754588217245, 0.019520872839047455, 0.012795228308628375, 0.03672258899943824, 0], [0, 0, 0, 0, 0, 0, 0, 0, 0, 0, 1]], [\'@\', \'a\', \'b\', \'c\', \'d\', \'e\', \'f\', \'g\', \'h\', \'i\', \'$\'])", "([1, 0, 0, 0, 0, 0, 0, 0, 0, 0, 0, 0, 0], [[0, 1, 0, 0, 0, 0, 0, 0, 0, 0, 0, 0, 0], [0, 0.018181818181818184, 0.8, 0.018181818181818184, 0.018181818181818184, 0.018181818181818184, 0.018181818181818184, 0.018181818181818184, 0.018181818181818184, 0.018181818181818184, 0.018181818181818184, 0.018181818181818184, 0.018181818181818184], [0, 0, 0.02, 0.8, 0.02, 0.02, 0.02, 0.02, 0.02, 0.02, 0.02, 0.02, 0.02], [0, 0, 0, 0.022222222222222223, 0.8, 0.022222222222222223, 0.022222222222222223, 0.022222222222222223, 0.022222222222222223, 0.022222222222222223, 0.022222222222222223, 0.022222222222222223, 0.022222222222222223], [0, 0, 0, 0, 0.025, 0.8, 0.025, 0.025, 0.025, 0.025, 0.025, 0.025, 0.025], [0, 0, 0, 0, 0, 0.028571428571428574, 0.8, 0.028571428571428574, 0.028571428571428574, 0.028571428571428574, 0.028571428571428574, 0.028571428571428574, 0.028571428571428574], [0, 0, 0, 0, 0, 0, 0.03333333333333333, 0.8, 0.03333333333333333, 0.03333333333333333, 0.03333333333333333, 0.03333333333333333, 0.03333333333333333], [0, 0, 0, 0, 0, 0, 0, 0.04, 0.8, 0.04, 0.04, 0.04, 0.04], [0, 0, 0, 0, 0, 0, 0, 0, 0.05, 0.8, 0.05, 0.05, 0.05], [0, 0, 0, 0, 0, 0, 0, 0, 0, 0.06666666666666667, 0.8, 0.06666666666666667, 0.06666666666666667], [0, 0, 0, 0, 0, 0, 0, 0, 0, 0, 0.1, 0.8, 0.1], [0, 0, 0, 0, 0, 0, 0, 0, 0, 0, 0, 0.2, 0.8], [1, 0, 0, 0, 0, 0, 0, 0, 0, 0, 0, 0, 0]], [[1, 0, 0, 0, 0, 0, 0, 0, 0, 0, 0], [0, 0.7710800556284992, 0.02707200304269695, 0.00852188020557134, 0.10286555538965968, 0.05109655279367182, 0.016202874000368787, 0.005954020679305809, 0.0017342226238389212, 0.015472835636387496, 0], [0, 0.6422745876663415, 0.024321022883305156, 0.011106903236348964, 0.1559654532466433, 0.10105165516506673, 0.016254051618947624, 0.029079015810483885, 0.014145080744806672, 0.005802229628056327, 0], [0, 0.3831901502388639, 0.00994525526881314, 0.005561685261444026, 0.09064950217921794, 0.45836755360204734, 0.0023066783323747687, 0.0287069060015588, 0.010227482882302427, 0.011044786233377627, 0], [0, 0.16766898978549083, 0.03612399029219075, 0.005967423262672177, 0.037356895540194966, 0.7170155298979648, 0.010197380411381043, 0.008292672163573378, 0.005273278212203407, 0.012103840434328586, 0], [0, 0.02068816917112614, 0.017134863843955267, 0.004751128889930021, 0.03319656599147167, 0.8811220020855964, 0.011142435514661084, 0.014152774442231487, 0.009661239218383398, 0.008150820842644473, 0], [0, 0.016298958227727926, 0.009475755861389181, 0.015583788454385263, 0.039827037121731225, 0.869536212545187, 0.020054092423713983, 0.01267564927629359, 0.012214742512252911, 0.004333763577319107, 0], [0, 0.18070928538422185, 0.038728249364154435, 0.018464646744853833, 0.03771191329762214, 0.6826801230321381, 0.009559100204266683, 0.013790226495298506, 0.010044181828819358, 0.0083122736486251, 0], [0, 0.42463522025672495, 0.04505900239121572, 0.04128123899945323, 0.005045927158491482, 0.41259357742978586, 0.02156794227317934, 0.015130125190925851, 0.007933274242656906, 0.02675369205756669, 0], [0, 0.6743856474059788, 0.06744758733244044, 0.004599232710501792, 0.015034356447926065, 0.17204000553966578, 0.0073349698367217745, 0.022463664191921813, 0.03536089888683612, 0.0013336376480075534, 0], [0, 0.7847655922324405, 0.13029193730128236, 0.011737287571921749, 0.02037860792768031, 0.011621245794828415, 0.014541589059200992, 0.005913077585167622, 0.008207773918814939, 0.012542888608663033, 0], [0, 0.8300758108270354, 0.06579423969388491, 0.024287535322229645, 0.01620505635939541, 0.021979222236357954, 0.011012856982023646, 0.014403778575937939, 0.0077071112406196665, 0.008534388762515489, 0], [0, 0, 0, 0, 0, 0, 0, 0, 0, 0, 1]], [\'@\', \'a\', \'b\', \'c\', \'d\', \'e\', \'f\', \'g\', \'h\', \'i\', \'$\'])", "([1, 0, 0, 0, 0, 0, 0, 0, 0, 0, 0, 0, 0], [[0, 1, 0, 0, 0, 0, 0, 0, 0, 0, 0, 0, 0], [0, 0.018181818181818184, 0.8, 0.018181818181818184, 0.018181818181818184, 0.018181818181818184, 0.018181818181818184, 0.018181818181818184, 0.018181818181818184, 0.018181818181818184, 0.018181818181818184, 0.018181818181818184, 0.018181818181818184], [0, 0, 0.02, 0.8, 0.02, 0.02, 0.02, 0.02, 0.02, 0.02, 0.02, 0.02, 0.02], [0, 0, 0, 0.022222222222222223, 0.8, 0.022222222222222223, 0.022222222222222223, 0.022222222222222223, 0.022222222222222223, 0.022222222222222223, 0.022222222222222223, 0.022222222222222223, 0.022222222222222223], [0, 0, 0, 0, 0.025, 0.8, 0.025, 0.025, 0.025, 0.025, 0.025, 0.025, 0.025], [0, 0, 0, 0, 0, 0.028571428571428574, 0.8, 0.028571428571428574, 0.028571428571428574, 0.028571428571428574, 0.028571428571428574, 0.028571428571428574, 0.028571428571428574], [0, 0, 0, 0, 0, 0, 0.03333333333333333, 0.8, 0.03333333333333333, 0.03333333333333333, 0.03333333333333333, 0.03333333333333333, 0.03333333333333333], [0, 0, 0, 0, 0, 0, 0, 0.04, 0.8, 0.04, 0.04, 0.04, 0.04], [0, 0, 0, 0, 0, 0, 0, 0, 0.05, 0.8, 0.05, 0.05, 0.05], [0, 0, 0, 0, 0, 0, 0, 0, 0, 0.06666666666666667, 0.8, 0.06666666666666667, 0.06666666666666667], [0, 0, 0, 0, 0, 0, 0, 0, 0, 0, 0.1, 0.8, 0.1], [0, 0, 0, 0, 0, 0, 0, 0, 0, 0, 0, 0.2, 0.8], [1, 0, 0, 0, 0, 0, 0, 0, 0, 0, 0, 0, 0]], [[1, 0, 0, 0, 0, 0, 0, 0, 0, 0, 0], [0, 0.5786407348080788, 0.0077341728266615405, 0.010528312624220798, 0.0897387985981723, 0.25761816584266745, 0.006419563497401581, 0.0008971118179464486, 0.041124124395997455, 0.007299015588853927, 0], [0, 0.4648128605656609, 0.0014251153628301084, 0.0028289240567598716, 0.35312238313268934, 0.12372894366334511, 0.013740500475485085, 0.01566104633171415, 0.01686994342107861, 0.0078102829904367, 0], [0, 0.26448785584710155, 0.022471937318093466, 0.007957722761005792, 0.6095596870559403, 0.05093688360042733, 0.008602602396800267, 0.013964279724069441, 0.012653721568115868, 0.00936530972844597, 0], [0, 0.1700160081341015, 0.01982303133622762, 0.005175667672538062, 0.7545670555747442, 0.010260617805931021, 0.0018379396019595963, 0.01910717323142722, 0.0049656419080277014, 0.014246864735042983, 0], [0, 0.0715511157931324, 0.08851634577216351, 0.0054496252901241726, 0.6896590018422464, 0.08720199164377933, 0.003167736248232321, 0.020332091833330533, 0.024639820581939923, 0.00948227099505157, 0], [0, 0.09166643225646882, 0.4239848754511164, 0.005271781077562525, 0.25063127148922104, 0.171082940828694, 0.02458211976769529, 0.010367596436638213, 0.0074822501667262085, 0.014930732525877642, 0], [0, 0.05912303780139395, 0.7377248068771609, 0.01631369130922054, 0.0587684571211108, 0.08181564882743281, 0.010561663066737115, 0.001744459660087941, 0.019186814228257916, 0.014761421108598056, 0], [0, 0.08154568585909183, 0.7353615659837218, 0.011524333707638609, 0.021307485136335073, 0.10542273875661909, 0.014217358455285862, 0.010905547301693913, 0.00036294686331370834, 0.019352337936300052, 0], [0, 0.1819696790304728, 0.5942159279137121, 0.009719979152432091, 0.0077340947046762535, 0.16300185813078064, 0.017544498711229144, 0.006183740223807327, 0.019004425704116413, 0.0006257964287731814, 0], [0, 0.3407094360216392, 0.32588367582096495, 0.02754081491008546, 0.0027591430288103967, 0.2646335817631045, 0.012861309682152568, 0.00657752527466489, 0.018755955693952255, 0.00027855780462587236, 0], [0, 0.34958734310006095, 0.19173714556886198, 0.02352003505884433, 0.0355626555970652, 0.33361772232517883, 0.011769063658587918, 0.023191612898703827, 0.029552367015127284, 0.0014620547775695669, 0], [0, 0, 0, 0, 0, 0, 0, 0, 0, 0, 1]], [\'@\', \'a\', \'b\', \'c\', \'d\', \'e\', \'f\', \'g\', \'h\', \'i\', \'$\'])", "([1, 0, 0, 0, 0, 0, 0, 0, 0, 0, 0, 0, 0], [[0, 1, 0, 0, 0, 0, 0, 0, 0, 0, 0, 0, 0], [0, 0.018181818181818184, 0.8, 0.018181818181818184, 0.018181818181818184, 0.018181818181818184, 0.018181818181818184, 0.018181818181818184, 0.018181818181818184, 0.018181818181818184, 0.018181818181818184, 0.018181818181818184, 0.018181818181818184], [0, 0, 0.02, 0.8, 0.02, 0.02, 0.02, 0.02, 0.02, 0.02, 0.02, 0.02, 0.02], [0, 0, 0, 0.022222222222222223, 0.8, 0.022222222222222223, 0.022222222222222223, 0.022222222222222223, 0.022222222222222223, 0.022222222222222223, 0.022222222222222223, 0.022222222222222223, 0.022222222222222223], [0, 0, 0, 0, 0.025, 0.8, 0.025, 0.025, 0.025, 0.025, 0.025, 0.025, 0.025], [0, 0, 0, 0, 0, 0.028571428571428574, 0.8, 0.028571428571428574, 0.028571428571428574, 0.028571428571428574, 0.028571428571428574, 0.028571428571428574, 0.028571428571428574], [0, 0, 0, 0, 0, 0, 0.03333333333333333, 0.8, 0.03333333333333333, 0.03333333333333333, 0.03333333333333333, 0.03333333333333333, 0.03333333333333333], [0, 0, 0, 0, 0, 0, 0, 0.04, 0.8, 0.04, 0.04, 0.04, 0.04], [0, 0, 0, 0, 0, 0, 0, 0, 0.05, 0.8, 0.05, 0.05, 0.05], [0, 0, 0, 0, 0, 0, 0, 0, 0, 0.06666666666666667, 0.8, 0.06666666666666667, 0.06666666666666667], [0, 0, 0, 0, 0, 0, 0, 0, 0, 0, 0.1, 0.8, 0.1], [0, 0, 0, 0, 0, 0, 0, 0, 0, 0, 0, 0.2, 0.8], [1, 0, 0, 0, 0, 0, 0, 0, 0, 0, 0, 0, 0]], [[1, 0, 0, 0, 0, 0, 0, 0, 0, 0, 0], [0, 0.8343730667318152, 0.032096504562395003, 0.011260241706108936, 0.015206208012415331, 0.02420232903051612, 0.025366946512638548, 0.021181246615587842, 0.031076636043737338, 0.005236820784785638, 0], [0, 0.8950928362507197, 0.025099202898013, 0.0049016557048426, 0.0008007765392708249, 0.00870600191134227, 0.022043712663163458, 0.019326275454766013, 0.022608301901789064, 0.0014212366760930717, 0], [0, 0.6116409018877214, 0.18486327009275016, 0.0932641223380177, 0.00034210278362212915, 0.051314917491341185, 0.01935718247482716, 0.018017284021458708, 0.01848806491140496, 0.002712153998856628, 0], [0, 0.35176599082963395, 0.25260224158198935, 0.21348034233631646, 0.02147721213399192, 0.053848895841491065, 0.0627552088452038, 0.007283899117354278, 0.01618986207267055, 0.020596347241348588, 0], [0, 0.1667005449665287, 0.1833091052621437, 0.2182354762888642, 0.10996530477886214, 0.10120252547088107, 0.17070619841006937, 0.01594302660922751, 0.01727029708554581, 0.01666752112787734, 0], [0, 0.05260371545960295, 0.07273156283533427, 0.107888457413872, 0.2979821502622843, 0.13271380083730647, 0.27661026515227083, 0.008747650508380878, 0.01502350517293459, 0.03569889235801375, 0], [0, 0.007949199941769755, 0.027990748162284435, 0.02980074966117471, 0.2670348752394548, 0.341085807510605, 0.26732211726377036, 0.03852606626727009, 0.010088903101110764, 0.01020153285256009, 0], [0, 0.02336396708870628, 0.0008525727750023851, 0.012451925219616621, 0.08137512173368582, 0.7858154597864777, 0.062157249863157335, 0.014362815132568225, 0.006921810265793339, 0.012699078134992155, 0], [0, 0.00592000036306209, 0.012212285356553892, 0.01397469410111756, 0.025467737950521974, 0.8789691686542084, 0.007039802462750549, 0.030586311594038018, 0.021577037004833093, 0.004252962512914392, 0], [0, 0.05310364806586712, 0.018466929862283522, 0.0014241080310235105, 0.043355810311501757, 0.7801714544687784, 0.0035839689790520004, 0.03949801717477037, 0.03446582052443875, 0.025930242582284435, 0], [0, 0.046487591347784754, 0.058608937488736884, 0.0038076591691492065, 0.042561812692968874, 0.7186512101378243, 0.03262622224435346, 0.03350928063435234, 0.019647680335918273, 0.04409960594891184, 0], [0, 0, 0, 0, 0, 0, 0, 0, 0, 0, 1]], [\'@\', \'a\', \'b\', \'c\', \'d\', \'e\', \'f\', \'g\', \'h\', \'i\', \'$\'])", "([1, 0, 0, 0, 0, 0, 0, 0, 0, 0, 0, 0, 0], [[0, 1, 0, 0, 0, 0, 0, 0, 0, 0, 0, 0, 0], [0, 0.018181818181818184, 0.8, 0.018181818181818184, 0.018181818181818184, 0.018181818181818184, 0.018181818181818184, 0.018181818181818184, 0.018181818181818184, 0.018181818181818184, 0.018181818181818184, 0.018181818181818184, 0.018181818181818184], [0, 0, 0.02, 0.8, 0.02, 0.02, 0.02, 0.02, 0.02, 0.02, 0.02, 0.02, 0.02], [0, 0, 0, 0.022222222222222223, 0.8, 0.022222222222222223, 0.022222222222222223, 0.022222222222222223, 0.022222222222222223, 0.022222222222222223, 0.022222222222222223, 0.022222222222222223, 0.022222222222222223], [0, 0, 0, 0, 0.025, 0.8, 0.025, 0.025, 0.025, 0.025, 0.025, 0.025, 0.025], [0, 0, 0, 0, 0, 0.028571428571428574, 0.8, 0.028571428571428574, 0.028571428571428574, 0.028571428571428574, 0.028571428571428574, 0.028571428571428574, 0.028571428571428574], [0, 0, 0, 0, 0, 0, 0.03333333333333333, 0.8, 0.03333333333333333, 0.03333333333333333, 0.03333333333333333, 0.03333333333333333, 0.03333333333333333], [0, 0, 0, 0, 0, 0, 0, 0.04, 0.8, 0.04, 0.04, 0.04, 0.04], [0, 0, 0, 0, 0, 0, 0, 0, 0.05, 0.8, 0.05, 0.05, 0.05], [0, 0, 0, 0, 0, 0, 0, 0, 0, 0.06666666666666667, 0.8, 0.06666666666666667, 0.06666666666666667], [0, 0, 0, 0, 0, 0, 0, 0, 0, 0, 0.1, 0.8, 0.1], [0, 0, 0, 0, 0, 0, 0, 0, 0, 0, 0, 0.2, 0.8], [1, 0, 0, 0, 0, 0, 0, 0, 0, 0, 0, 0, 0]], [[1, 0, 0, 0, 0, 0, 0, 0, 0, 0, 0], [0, 0.013245621039468851, 0.019737280105749464, 0.0064575539684245745, 0.012409855392443452, 0.8601165621485639, 0.02643093443327969, 0.014932863100112907, 0.036718578390612114, 0.009950751421345192, 0], [0, 0.017767611570324252, 0.021944256925507888, 0.009049896844940715, 0.13881024998946784, 0.7403962248772737, 0.02991488089361078, 0.012505180559311022, 0.00814367127866593, 0.021468027060897624, 0], [0, 0.04545779453578713, 0.008017660459638061, 0.012565098715646874, 0.2768210195994429, 0.43454118319292967, 0.11267489662647462, 0.010711532794881594, 0.006634064262232993, 0.09257674981296612, 0], [0, 0.13312554327880682, 0.03374980922652936, 0.0026195982615132046, 0.3913313358813241, 0.07421285280486777, 0.06592819237364507, 0.05742828396091479, 0.023919173671802213, 0.21768521054059664, 0], [0, 0.19229601290362577, 0.08501136607596656, 0.012836463032521988, 0.08516481070681745, 0.09979971120010628, 0.012803027237053682, 0.027593090606566336, 0.015848481252131022, 0.46864703698521093, 0], [0, 0.11248424018946546, 0.23509528451373496, 0.03899322716648119, 0.010515608488821979, 0.12096951823480433, 0.009173736490872997, 0.011050868933259196, 0.02827614845171486, 0.43344136753084506, 0], [0, 0.2050257195229899, 0.3496976561939414, 0.06504391224659059, 0.016304234206947373, 0.08131844821938936, 0.012311193498976853, 0.017519328730745992, 0.0634871870410714, 0.18929232033934726, 0], [0, 0.5443482035988817, 0.26541954045260774, 0.032211631222700335, 0.014752492682545098, 0.015715345483108756, 0.010022646964388683, 0.00889247138740589, 0.03992940761081515, 0.06870826059754666, 0], [0, 0.7999913497974571, 0.0835225352833337, 0.01737559566001872, 0.015704051243537517, 0.017234726268219185, 0.01095285557427458, 0.007138391583529287, 0.014966740736991672, 0.033113753852638234, 0], [0, 0.7836254947875486, 0.0675064549501732, 0.008226489016142067, 0.08498677858723748, 0.010855686325115504, 0.018215404199917323, 0.007418515606208765, 0.007149289385233871, 0.01201588714242318, 0], [0, 0.6378750577708242, 0.0417846038760341, 0.02800156060696895, 0.21485762692852903, 0.01173302708655257, 0.00474389415332485, 0.038289736183964126, 0.018105274448855426, 0.004609218944946635, 0], [0, 0, 0, 0, 0, 0, 0, 0, 0, 0, 1]], [\'@\', \'a\', \'b\', \'c\', \'d\', \'e\', \'f\', \'g\', \'h\', \'i\', \'$\'])", "([1, 0, 0, 0, 0, 0, 0, 0, 0, 0, 0, 0, 0], [[0, 1, 0, 0, 0, 0, 0, 0, 0, 0, 0, 0, 0], [0, 0.018181818181818184, 0.8, 0.018181818181818184, 0.018181818181818184, 0.018181818181818184, 0.018181818181818184, 0.018181818181818184, 0.018181818181818184, 0.018181818181818184, 0.018181818181818184, 0.018181818181818184, 0.018181818181818184], [0, 0, 0.02, 0.8, 0.02, 0.02, 0.02, 0.02, 0.02, 0.02, 0.02, 0.02, 0.02], [0, 0, 0, 0.022222222222222223, 0.8, 0.022222222222222223, 0.022222222222222223, 0.022222222222222223, 0.022222222222222223, 0.022222222222222223, 0.022222222222222223, 0.022222222222222223, 0.022222222222222223], [0, 0, 0, 0, 0.025, 0.8, 0.025, 0.025, 0.025, 0.025, 0.025, 0.025, 0.025], [0, 0, 0, 0, 0, 0.028571428571428574, 0.8, 0.028571428571428574, 0.028571428571428574, 0.028571428571428574, 0.028571428571428574, 0.028571428571428574, 0.028571428571428574], [0, 0, 0, 0, 0, 0, 0.03333333333333333, 0.8, 0.03333333333333333, 0.03333333333333333, 0.03333333333333333, 0.03333333333333333, 0.03333333333333333], [0, 0, 0, 0, 0, 0, 0, 0.04, 0.8, 0.04, 0.04, 0.04, 0.04], [0, 0, 0, 0, 0, 0, 0, 0, 0.05, 0.8, 0.05, 0.05, 0.05], [0, 0, 0, 0, 0, 0, 0, 0, 0, 0.06666666666666667, 0.8, 0.06666666666666667, 0.06666666666666667], [0, 0, 0, 0, 0, 0, 0, 0, 0, 0, 0.1, 0.8, 0.1], [0, 0, 0, 0, 0, 0, 0, 0, 0, 0, 0, 0.2, 0.8], [1, 0, 0, 0, 0, 0, 0, 0, 0, 0, 0, 0, 0]], [[1, 0, 0, 0, 0, 0, 0, 0, 0, 0, 0], [0, 0.13790444349983386, 0.4144876450983279, 0.0574642731332228, 0.03651665932125806, 0.1446400973889615, 0.020649297425693245, 0.08015932377885186, 0.09437789052760757, 0.01380036982624321, 0], [0, 0.20774948285585715, 0.18349754978163874, 0.09004083925745793, 0.21995144707516578, 0.07065871657464658, 0.024572524414041428, 0.0814561230933405, 0.09992741675125799, 0.0221459001965939, 0], [0, 0.14142538091693913, 0.12272303167812396, 0.060918226363436676, 0.18993676601152537, 0.08260785409773065, 0.06348371218488486, 0.14339988843880805, 0.13111977848360987, 0.06438536182494142, 0], [0, 0.1445407216649222, 0.002921100422606633, 0.010171680481664518, 0.29772384958985804, 0.1131724366700247, 0.07074507824525184, 0.21576889465404273, 0.11562791373941826, 0.029328324532211025, 0], [0, 0.08763310783784951, 0.012392326640751366, 0.033243952451753635, 0.4086937837442606, 0.11388854074466578, 0.1515422531984365, 0.11313080609288656, 0.03154435286357099, 0.047930876425825185, 0], [0, 0.03183636782084925, 0.013390501411843874, 0.01491017861345334, 0.6051356609910384, 0.13864008739651212, 0.10268545398538602, 0.06336931293844394, 0.0015150837208238578, 0.028517353121649124, 0], [0, 0.012010003210191699, 0.021751456980376786, 0.009467275561703003, 0.7896578898340062, 0.042056170051090636, 0.06830195269738085, 0.034905682148007745, 0.00998688593755269, 0.011862683579690338, 0], [0, 0.011300852163891262, 0.013972453656382965, 0.011820916638409713, 0.8393428696676302, 0.05126540127874901, 0.02835426001706411, 0.02597578373550169, 0.017344626309420207, 0.0006228365329511243, 0], [0, 0.0007391728331105779, 0.013709407699080323, 0.003184339004516405, 0.8889948871141828, 0.03636519836447222, 0.023741423831851023, 0.010797216312284648, 0.019055169619258853, 0.0034131852212432147, 0], [0, 0.0014161319137104833, 0.009077671724424937, 0.0024684073572521672, 0.9141287486837307, 0.01826943175008107, 0.019096298013648417, 0.00861682071565045, 0.015035523073578746, 0.01189096676792295, 0], [0, 0.015412942417223978, 0.0153108791922859, 0.005437392431147588, 0.9171710275762763, 0.012007388251054654, 0.01639290674937434, 0.001441940761652784, 0.016177376178222853, 0.0006481464427616453, 0], [0, 0, 0, 0, 0, 0, 0, 0, 0, 0, 1]], [\'@\', \'a\', \'b\', \'c\', \'d\', \'e\', \'f\', \'g\', \'h\', \'i\', \'$\'])", "([1, 0, 0, 0, 0, 0, 0, 0, 0, 0, 0, 0, 0], [[0, 1, 0, 0, 0, 0, 0, 0, 0, 0, 0, 0, 0], [0, 0.018181818181818184, 0.8, 0.018181818181818184, 0.018181818181818184, 0.018181818181818184, 0.018181818181818184, 0.018181818181818184, 0.018181818181818184, 0.018181818181818184, 0.018181818181818184, 0.018181818181818184, 0.018181818181818184], [0, 0, 0.02, 0.8, 0.02, 0.02, 0.02, 0.02, 0.02, 0.02, 0.02, 0.02, 0.02], [0, 0, 0, 0.022222222222222223, 0.8, 0.022222222222222223, 0.022222222222222223, 0.022222222222222223, 0.022222222222222223, 0.022222222222222223, 0.022222222222222223, 0.022222222222222223, 0.022222222222222223], [0, 0, 0, 0, 0.025, 0.8, 0.025, 0.025, 0.025, 0.025, 0.025, 0.025, 0.025], [0, 0, 0, 0, 0, 0.028571428571428574, 0.8, 0.028571428571428574, 0.028571428571428574, 0.028571428571428574, 0.028571428571428574, 0.028571428571428574, 0.028571428571428574], [0, 0, 0, 0, 0, 0, 0.03333333333333333, 0.8, 0.03333333333333333, 0.03333333333333333, 0.03333333333333333, 0.03333333333333333, 0.03333333333333333], [0, 0, 0, 0, 0, 0, 0, 0.04, 0.8, 0.04, 0.04, 0.04, 0.04], [0, 0, 0, 0, 0, 0, 0, 0, 0.05, 0.8, 0.05, 0.05, 0.05], [0, 0, 0, 0, 0, 0, 0, 0, 0, 0.06666666666666667, 0.8, 0.06666666666666667, 0.06666666666666667], [0, 0, 0, 0, 0, 0, 0, 0, 0, 0, 0.1, 0.8, 0.1], [0, 0, 0, 0, 0, 0, 0, 0, 0, 0, 0, 0.2, 0.8], [1, 0, 0, 0, 0, 0, 0, 0, 0, 0, 0, 0, 0]], [[1, 0, 0, 0, 0, 0, 0, 0, 0, 0, 0], [0, 0.11795191849136107, 0.4221118739111192, 0.05237935154105041, 0.015610419993812399, 0.22414238653524277, 0.008187332494375874, 0.02585708482802736, 0.11884595925937691, 0.014913672945634008, 0], [0, 0.08217038790648967, 0.2565637153049846, 0.029186179836710895, 0.09853292151157476, 0.16888490012224355, 0.07074004650467142, 0.03098734264623416, 0.19869318628431237, 0.0642413198827787, 0], [0, 0.1416989769855332, 0.10861570339095436, 0.0428751064661528, 0.07806555788510684, 0.1218883036351276, 0.06473257525809188, 0.08495084165966241, 0.2025251673948851, 0.15464776732448582, 0], [0, 0.081706928712434, 0.07246416515097377, 0.04329585904501812, 0.09621638304422558, 0.14110959659210917, 0.09168521453596608, 0.13469408081476694, 0.17014845758977848, 0.168679314514728, 0], [0, 0.0749644485253019, 0.054449426817090515, 0.04441157411890939, 0.11497447058705985, 0.05722693873888407, 0.17507612448722235, 0.18075688963246092, 0.15903298895649648, 0.13910713813657452, 0], [0, 0.032687810556290685, 0.04076504014668977, 0.06585309325230397, 0.10719239921745191, 0.10328331416057339, 0.14608883082634025, 0.15383789851530688, 0.17277605798744367, 0.17751555533759966, 0], [0, 0.04826489687776514, 0.014767829199149624, 0.033126674141718285, 0.14538849796107453, 0.17232137944892034, 0.12153666147714515, 0.12196129138729779, 0.18802287118878672, 0.15460989831814245, 0], [0, 0.026377353169005337, 0.02570142759306496, 0.04303634898411786, 0.18190419516318476, 0.17745363244972018, 0.17052772713091782, 0.14615393108183222, 0.1281440103357664, 0.10070137409239055, 0], [0, 0.03385961478289264, 0.01855714932779502, 0.045686461548031715, 0.13436861539505257, 0.197644934314935, 0.22404658195613156, 0.19795696486960165, 0.07845969749686832, 0.06941998030869151, 0], [0, 0.09384885133989304, 0.05949910237354587, 0.06896668263471721, 0.19733345927601537, 0.19610412639894867, 0.1712345138297565, 0.08175989319980788, 0.03835532299156338, 0.0928980479557521, 0], [0, 0.06378526471593067, 0.03540238482992092, 0.056763301497659284, 0.14781244206707422, 0.23661617875704352, 0.13034056238207145, 0.0906842198798958, 0.06397002365370888, 0.17462562221669511, 0], [0, 0, 0, 0, 0, 0, 0, 0, 0, 0, 1]], [\'@\', \'a\', \'b\', \'c\', \'d\', \'e\', \'f\', \'g\', \'h\', \'i\', \'$\'])", "([1, 0, 0, 0, 0, 0, 0, 0, 0, 0, 0, 0, 0], [[0, 1, 0, 0, 0, 0, 0, 0, 0, 0, 0, 0, 0], [0, 0.018181818181818184, 0.8, 0.018181818181818184, 0.018181818181818184, 0.018181818181818184, 0.018181818181818184, 0.018181818181818184, 0.018181818181818184, 0.018181818181818184, 0.018181818181818184, 0.018181818181818184, 0.018181818181818184], [0, 0, 0.02, 0.8, 0.02, 0.02, 0.02, 0.02, 0.02, 0.02, 0.02, 0.02, 0.02], [0, 0, 0, 0.022222222222222223, 0.8, 0.022222222222222223, 0.022222222222222223, 0.022222222222222223, 0.022222222222222223, 0.022222222222222223, 0.022222222222222223, 0.022222222222222223, 0.022222222222222223], [0, 0, 0, 0, 0.025, 0.8, 0.025, 0.025, 0.025, 0.025, 0.025, 0.025, 0.025], [0, 0, 0, 0, 0, 0.028571428571428574, 0.8, 0.028571428571428574, 0.028571428571428574, 0.028571428571428574, 0.028571428571428574, 0.028571428571428574, 0.028571428571428574], [0, 0, 0, 0, 0, 0, 0.03333333333333333, 0.8, 0.03333333333333333, 0.03333333333333333, 0.03333333333333333, 0.03333333333333333, 0.03333333333333333], [0, 0, 0, 0, 0, 0, 0, 0.04, 0.8, 0.04, 0.04, 0.04, 0.04], [0, 0, 0, 0, 0, 0, 0, 0, 0.05, 0.8, 0.05, 0.05, 0.05], [0, 0, 0, 0, 0, 0, 0, 0, 0, 0.06666666666666667, 0.8, 0.06666666666666667, 0.06666666666666667], [0, 0, 0, 0, 0, 0, 0, 0, 0, 0, 0.1, 0.8, 0.1], [0, 0, 0, 0, 0, 0, 0, 0, 0, 0, 0, 0.2, 0.8], [1, 0, 0, 0, 0, 0, 0, 0, 0, 0, 0, 0, 0]], [[1, 0, 0, 0, 0, 0, 0, 0, 0, 0, 0], [0, 0.010343891026167052, 0.1856658639206174, 0.0022470258952287836, 0.007039291888005553, 0.7178487371601183, 0.02561421061145461, 0.019294430851216505, 0.019948429566052545, 0.011998119081139418, 0], [0, 0.024638348245407653, 0.32259413335406173, 0.020307534890604318, 0.054577623500447286, 0.4970252686934894, 0.03770108570452072, 0.0033928889170059392, 0.02536486752152561, 0.014398249172937307, 0], [0, 0.14629447238971233, 0.330051867431067, 0.019722259248436416, 0.06590997590886115, 0.2736446938250251, 0.06105072548030798, 0.03659622151577561, 0.03103059399290701, 0.03569919020790753, 0], [0, 0.3232858205511462, 0.35106072889679585, 0.054249341184368034, 0.03407442275144126, 0.13262472707405143, 0.023021069151712013, 0.016138471404717542, 0.04014971481617327, 0.025395704169594326, 0], [0, 0.28116798287178957, 0.37985137412393827, 0.0774431940395