((11, 0.5, 'ORIENTATION', 4.6, 0.5), '([\'VVVVVVVVVVV\', \'JJJJJJJJJJJ\', \'QQQQQQQQQQQ\', \'KKKKKKKKKKK\', \'NNNNNNNNNNN\', \'XXXXXXXXXXX\', \'AAAAAAAAAAA\', \'UUUUUUUUUUU\', \'DDDDDDDDDDD\', \'EEEEEEEEEEE\', \'SSSSSSSSSSS\', \'OOOOOOOOOOO\', \'IIIIIIIIIII\', \'YYYYYYYYYYY\', \'CCCCCCCCCCC\', \'GGGGGGGGGGG\', \'BBBBBBBBBBB\', \'PPPPPPPPPPP\', \'HHHHHHHHHHH\', \'ZZZZZZZZZZZ\', \'LLLLLLLLLLL\', \'TTTTTTTTTTT\', \'WWWWWWWWWWW\', \'RRRRRRRRRRR\', \'MMMMMMMMMMM\', \'FFFFFFFFFFF\'], ["([1, 0, 0, 0, 0, 0, 0, 0, 0, 0, 0, 0, 0], [[0, 1, 0, 0, 0, 0, 0, 0, 0, 0, 0, 0, 0], [0, 0.018181818181818184, 0.8, 0.018181818181818184, 0.018181818181818184, 0.018181818181818184, 0.018181818181818184, 0.018181818181818184, 0.018181818181818184, 0.018181818181818184, 0.018181818181818184, 0.018181818181818184, 0.018181818181818184], [0, 0, 0.02, 0.8, 0.02, 0.02, 0.02, 0.02, 0.02, 0.02, 0.02, 0.02, 0.02], [0, 0, 0, 0.022222222222222223, 0.8, 0.022222222222222223, 0.022222222222222223, 0.022222222222222223, 0.022222222222222223, 0.022222222222222223, 0.022222222222222223, 0.022222222222222223, 0.022222222222222223], [0, 0, 0, 0, 0.025, 0.8, 0.025, 0.025, 0.025, 0.025, 0.025, 0.025, 0.025], [0, 0, 0, 0, 0, 0.028571428571428574, 0.8, 0.028571428571428574, 0.028571428571428574, 0.028571428571428574, 0.028571428571428574, 0.028571428571428574, 0.028571428571428574], [0, 0, 0, 0, 0, 0, 0.03333333333333333, 0.8, 0.03333333333333333, 0.03333333333333333, 0.03333333333333333, 0.03333333333333333, 0.03333333333333333], [0, 0, 0, 0, 0, 0, 0, 0.04, 0.8, 0.04, 0.04, 0.04, 0.04], [0, 0, 0, 0, 0, 0, 0, 0, 0.05, 0.8, 0.05, 0.05, 0.05], [0, 0, 0, 0, 0, 0, 0, 0, 0, 0.06666666666666667, 0.8, 0.06666666666666667, 0.06666666666666667], [0, 0, 0, 0, 0, 0, 0, 0, 0, 0, 0.1, 0.8, 0.1], [0, 0, 0, 0, 0, 0, 0, 0, 0, 0, 0, 0.2, 0.8], [1, 0, 0, 0, 0, 0, 0, 0, 0, 0, 0, 0, 0]], [[1, 0, 0, 0, 0, 0, 0, 0, 0, 0, 0], [0, 0.028699953007998037, 0.008003460703755367, 0.017122586918498307, 0.021018292887381603, 0.882881523123286, 0.009274630641689936, 0.014326963754815325, 0.010566188993265994, 0.008106399969309485, 0], [0, 0.04828301268424718, 0.0140931633387567, 0.004145285194135477, 0.03243025525369499, 0.8504393180206653, 0.009265537759543304, 0.019723584510704634, 0.005789682068320947, 0.01583016116993154, 0], [0, 0.09526972671868598, 0.010914889129689796, 0.004253025194715792, 0.10487039586144668, 0.7384400743020282, 0.007278631473143754, 0.024159818157188855, 0.008463937340463978, 0.006349501822636884, 0], [0, 0.2851242683394098, 0.02361466810238734, 0.019277458529312588, 0.08507325379784154, 0.5072997196980097, 0.025182032222524842, 0.022135596383681882, 0.01830380651525651, 0.013989196411575774, 0], [0, 0.6377362732101249, 0.016316141408130713, 0.021865793811166066, 0.048246530248322095, 0.2044741298685741, 0.03257562801217758, 0.01844905100956064, 0.007849398022973457, 0.012487054408970464, 0], [0, 0.8531676953889543, 0.029240770691849025, 0.010182989092927426, 0.006716860367354183, 0.05871514066968472, 0.005665344019068726, 0.015488065674378318, 0.01901924088539807, 0.0018038932103851787, 0], [0, 0.8963848006000639, 0.009109052325033869, 0.006999705164652379, 0.00497858829721208, 0.0394628089562584, 0.018097365727029448, 0.006519284922183711, 0.006091976529931012, 0.01235641747763543, 0], [0, 0.8969729762261869, 0.019166562252649854, 0.008973626477467132, 0.009485651249359794, 0.021317557014343576, 0.020090911262957267, 0.002149962794858877, 0.003661195561692737, 0.01818155716048392, 0], [0, 0.9168515896717059, 0.016695031471875444, 0.00567994233166149, 0.011093821624262729, 0.011008892568651398, 0.0004659486567318885, 0.015027591360949747, 0.0004885324672314941, 0.022688649846929743, 0], [0, 0.9009927198183745, 0.004547276112119796, 0.02249714639646548, 0.016479898042432446, 0.016033679116910147, 0.014299314932142843, 0.0012781802033159648, 0.013552030417467253, 0.01031975496077155, 0], [0, 0.8936028672141648, 0.011832456426885097, 0.002812735419546169, 0.001049202939388891, 0.003146063821496823, 0.020414052049887544, 0.032317550844397774, 0.0006654631287755614, 0.03415960815545745, 0], [0, 0, 0, 0, 0, 0, 0, 0, 0, 0, 1]], [\'@\', \'a\', \'b\', \'c\', \'d\', \'e\', \'f\', \'g\', \'h\', \'i\', \'$\'])", "([1, 0, 0, 0, 0, 0, 0, 0, 0, 0, 0, 0, 0], [[0, 1, 0, 0, 0, 0, 0, 0, 0, 0, 0, 0, 0], [0, 0.018181818181818184, 0.8, 0.018181818181818184, 0.018181818181818184, 0.018181818181818184, 0.018181818181818184, 0.018181818181818184, 0.018181818181818184, 0.018181818181818184, 0.018181818181818184, 0.018181818181818184, 0.018181818181818184], [0, 0, 0.02, 0.8, 0.02, 0.02, 0.02, 0.02, 0.02, 0.02, 0.02, 0.02, 0.02], [0, 0, 0, 0.022222222222222223, 0.8, 0.022222222222222223, 0.022222222222222223, 0.022222222222222223, 0.022222222222222223, 0.022222222222222223, 0.022222222222222223, 0.022222222222222223, 0.022222222222222223], [0, 0, 0, 0, 0.025, 0.8, 0.025, 0.025, 0.025, 0.025, 0.025, 0.025, 0.025], [0, 0, 0, 0, 0, 0.028571428571428574, 0.8, 0.028571428571428574, 0.028571428571428574, 0.028571428571428574, 0.028571428571428574, 0.028571428571428574, 0.028571428571428574], [0, 0, 0, 0, 0, 0, 0.03333333333333333, 0.8, 0.03333333333333333, 0.03333333333333333, 0.03333333333333333, 0.03333333333333333, 0.03333333333333333], [0, 0, 0, 0, 0, 0, 0, 0.04, 0.8, 0.04, 0.04, 0.04, 0.04], [0, 0, 0, 0, 0, 0, 0, 0, 0.05, 0.8, 0.05, 0.05, 0.05], [0, 0, 0, 0, 0, 0, 0, 0, 0, 0.06666666666666667, 0.8, 0.06666666666666667, 0.06666666666666667], [0, 0, 0, 0, 0, 0, 0, 0, 0, 0, 0.1, 0.8, 0.1], [0, 0, 0, 0, 0, 0, 0, 0, 0, 0, 0, 0.2, 0.8], [1, 0, 0, 0, 0, 0, 0, 0, 0, 0, 0, 0, 0]], [[1, 0, 0, 0, 0, 0, 0, 0, 0, 0, 0], [0, 0.015301722294937235, 0.018502512107403377, 0.008762366819168602, 0.09794103292681365, 0.7443202739027612, 0.039152702161391995, 0.003937935270020659, 0.06683423572239135, 0.005247218795112, 0], [0, 0.01349741897021129, 0.009087794998121282, 0.002571363526303163, 0.18821707196354384, 0.5749501075200445, 0.1532452228595481, 0.018574318710189507, 0.016660424628649355, 0.023196276823388984, 0], [0, 0.03709425239036344, 0.011538101472691041, 0.021720879681527274, 0.24034487468704052, 0.36047467727665705, 0.11711199910356392, 0.04283408166518423, 0.039715213106561995, 0.12916592061641058, 0], [0, 0.1503842989920013, 0.07394648395073614, 0.03296483228260672, 0.18066308105437337, 0.2985136744131169, 0.06371264852126263, 0.03873950091171856, 0.037996943154678935, 0.12307853671950567, 0], [0, 0.293125087043254, 0.09295164211863186, 0.03622870890597709, 0.11421106150556308, 0.19111153847392004, 0.07214246552264843, 0.016229635808470796, 0.021105292345420065, 0.16289456827611462, 0], [0, 0.3786344307948578, 0.1423313954767637, 0.06593667424046112, 0.03756608959517336, 0.11125998448714394, 0.026883537440700236, 0.015357805915577217, 0.07011138762176489, 0.15191869442755784, 0], [0, 0.4167917568281376, 0.2176525043958481, 0.1334332595919475, 0.05305657796381344, 0.040893718704124275, 0.0282708800007386, 0.012667333770134173, 0.00938869367848954, 0.0878452750667666, 0], [0, 0.634354604369145, 0.10585064258409682, 0.06324785104556171, 0.07050810884311035, 0.0543036791426203, 0.020170628317461296, 0.012875037369175118, 0.02309468363046076, 0.015594764698368535, 0], [0, 0.6265750505461823, 0.05914773812722167, 0.030812334251967076, 0.1913004485050308, 0.023312341275288945, 0.0271092040301042, 0.018675463625552825, 0.010387173759638407, 0.01268024587901402, 0], [0, 0.4508296807959003, 0.0071916951906129956, 0.007742997357923227, 0.480541530882488, 0.017002809053199633, 0.011585237744028528, 0.007450901156144779, 0.0037404130804182503, 0.013914734739284422, 0], [0, 0.15885594565540276, 0.013717598641775275, 0.013265357361520177, 0.7189962259790206, 0.004127434966130456, 0.023085274973300724, 0.038120251206955336, 0.022940001755904396, 0.006891909459990298, 0], [0, 0, 0, 0, 0, 0, 0, 0, 0, 0, 1]], [\'@\', \'a\', \'b\', \'c\', \'d\', \'e\', \'f\', \'g\', \'h\', \'i\', \'$\'])", "([1, 0, 0, 0, 0, 0, 0, 0, 0, 0, 0, 0, 0], [[0, 1, 0, 0, 0, 0, 0, 0, 0, 0, 0, 0, 0], [0, 0.018181818181818184, 0.8, 0.018181818181818184, 0.018181818181818184, 0.018181818181818184, 0.018181818181818184, 0.018181818181818184, 0.018181818181818184, 0.018181818181818184, 0.018181818181818184, 0.018181818181818184, 0.018181818181818184], [0, 0, 0.02, 0.8, 0.02, 0.02, 0.02, 0.02, 0.02, 0.02, 0.02, 0.02, 0.02], [0, 0, 0, 0.022222222222222223, 0.8, 0.022222222222222223, 0.022222222222222223, 0.022222222222222223, 0.022222222222222223, 0.022222222222222223, 0.022222222222222223, 0.022222222222222223, 0.022222222222222223], [0, 0, 0, 0, 0.025, 0.8, 0.025, 0.025, 0.025, 0.025, 0.025, 0.025, 0.025], [0, 0, 0, 0, 0, 0.028571428571428574, 0.8, 0.028571428571428574, 0.028571428571428574, 0.028571428571428574, 0.028571428571428574, 0.028571428571428574, 0.028571428571428574], [0, 0, 0, 0, 0, 0, 0.03333333333333333, 0.8, 0.03333333333333333, 0.03333333333333333, 0.03333333333333333, 0.03333333333333333, 0.03333333333333333], [0, 0, 0, 0, 0, 0, 0, 0.04, 0.8, 0.04, 0.04, 0.04, 0.04], [0, 0, 0, 0, 0, 0, 0, 0, 0.05, 0.8, 0.05, 0.05, 0.05], [0, 0, 0, 0, 0, 0, 0, 0, 0, 0.06666666666666667, 0.8, 0.06666666666666667, 0.06666666666666667], [0, 0, 0, 0, 0, 0, 0, 0, 0, 0, 0.1, 0.8, 0.1], [0, 0, 0, 0, 0, 0, 0, 0, 0, 0, 0, 0.2, 0.8], [1, 0, 0, 0, 0, 0, 0, 0, 0, 0, 0, 0, 0]], [[1, 0, 0, 0, 0, 0, 0, 0, 0, 0, 0], [0, 0.025061900880852802, 0.9140026808047793, 0.0001864626703630221, 0.007759172802545415, 0.0033536635574107202, 0.023873711122687716, 0.000281313849560832, 0.015361341612970453, 0.010119752698829518, 0], [0, 0.0025738733028000857, 0.9213318989030532, 0.01039186569973644, 0.00349010974152834, 0.005515105269961841, 0.015503976762611204, 0.015551614151342917, 0.01496014950855491, 0.010681406660411126, 0], [0, 0.06577793181859673, 0.8175424064988112, 0.04450008068461013, 0.017550732089960875, 0.01424560113189863, 0.01534995075720569, 0.005987227555927348, 0.015501523449988239, 0.003544546013001161, 0], [0, 0.14413192712002432, 0.4604804248160783, 0.11504182241318639, 0.040603235264230625, 0.041210145156525886, 0.027234586820604947, 0.011927285915229308, 0.1268140193201871, 0.03255655317393314, 0], [0, 0.20663281963857297, 0.14552057567496715, 0.11769440891020244, 0.09347599505298586, 0.15324418125394298, 0.11245909928312636, 0.08526699094743038, 0.07193423326280317, 0.01377169597596872, 0], [0, 0.11685060480158825, 0.04178142484092931, 0.056064656288193036, 0.44033678182259917, 0.1182717563767219, 0.05148287462585061, 0.13794047153015232, 0.020125243020611066, 0.017146186693354205, 0], [0, 0.09775952155129315, 0.02705961227205153, 0.007700762892118469, 0.7149602713625434, 0.03806664147202846, 0.04402935559040845, 0.042200345152804526, 0.012351547199752448, 0.015871942506999383, 0], [0, 0.022639934283879375, 0.018090597204265178, 0.010685133219068645, 0.5723946482943959, 0.2662507367831198, 0.05328410831501915, 0.013126067791248364, 0.03338290244176899, 0.010145871667234617, 0], [0, 0.005651822010102433, 0.01334499551386652, 0.006499134003983172, 0.10467171505694685, 0.7917060761092604, 0.03216405054962555, 0.013899629313692366, 0.027158763366718037, 0.004903814075804716, 0], [0, 0.007736644173330618, 0.012611195863167859, 0.004249725499198466, 0.03346030943031729, 0.9082733363062074, 0.0025360454261107337, 0.007306192961912488, 0.013816328927220815, 0.010010221412534388, 0], [0, 0.012011124634585865, 0.008808760120078212, 0.004750524695521058, 0.0564655647829304, 0.7886069201408566, 0.10244481448779316, 0.004523314058620428, 0.02096708874137941, 0.0014218883382347029, 0], [0, 0, 0, 0, 0, 0, 0, 0, 0, 0, 1]], [\'@\', \'a\', \'b\', \'c\', \'d\', \'e\', \'f\', \'g\', \'h\', \'i\', \'$\'])", "([1, 0, 0, 0, 0, 0, 0, 0, 0, 0, 0, 0, 0], [[0, 1, 0, 0, 0, 0, 0, 0, 0, 0, 0, 0, 0], [0, 0.018181818181818184, 0.8, 0.018181818181818184, 0.018181818181818184, 0.018181818181818184, 0.018181818181818184, 0.018181818181818184, 0.018181818181818184, 0.018181818181818184, 0.018181818181818184, 0.018181818181818184, 0.018181818181818184], [0, 0, 0.02, 0.8, 0.02, 0.02, 0.02, 0.02, 0.02, 0.02, 0.02, 0.02, 0.02], [0, 0, 0, 0.022222222222222223, 0.8, 0.022222222222222223, 0.022222222222222223, 0.022222222222222223, 0.022222222222222223, 0.022222222222222223, 0.022222222222222223, 0.022222222222222223, 0.022222222222222223], [0, 0, 0, 0, 0.025, 0.8, 0.025, 0.025, 0.025, 0.025, 0.025, 0.025, 0.025], [0, 0, 0, 0, 0, 0.028571428571428574, 0.8, 0.028571428571428574, 0.028571428571428574, 0.028571428571428574, 0.028571428571428574, 0.028571428571428574, 0.028571428571428574], [0, 0, 0, 0, 0, 0, 0.03333333333333333, 0.8, 0.03333333333333333, 0.03333333333333333, 0.03333333333333333, 0.03333333333333333, 0.03333333333333333], [0, 0, 0, 0, 0, 0, 0, 0.04, 0.8, 0.04, 0.04, 0.04, 0.04], [0, 0, 0, 0, 0, 0, 0, 0, 0.05, 0.8, 0.05, 0.05, 0.05], [0, 0, 0, 0, 0, 0, 0, 0, 0, 0.06666666666666667, 0.8, 0.06666666666666667, 0.06666666666666667], [0, 0, 0, 0, 0, 0, 0, 0, 0, 0, 0.1, 0.8, 0.1], [0, 0, 0, 0, 0, 0, 0, 0, 0, 0, 0, 0.2, 0.8], [1, 0, 0, 0, 0, 0, 0, 0, 0, 0, 0, 0, 0]], [[1, 0, 0, 0, 0, 0, 0, 0, 0, 0, 0], [0, 0.22524547814799958, 0.21027398868283695, 0.011996161757275914, 0.12933295346451082, 0.3654604277833151, 0.031248849389404254, 0.006988224459799224, 0.002453602024315061, 0.0170003142905429, 0], [0, 0.24312576953972498, 0.14932270362537675, 0.0033659151020302633, 0.31081432308450613, 0.21946591347516203, 0.026012191118682113, 0.02819307981173657, 0.0007136458925758307, 0.01898645835020534, 0], [0, 0.19054055788602167, 0.5500711340291796, 0.016536171861975722, 0.07893175760382336, 0.11426565867703962, 0.006365103804652139, 0.013468836673867286, 0.01816588950783103, 0.011654889955609581, 0], [0, 0.0840985955565634, 0.7866548279623615, 0.02706484380473081, 0.01823915109751758, 0.04622041629519937, 0.007643252299856495, 0.012935972330670495, 0.001968981996637607, 0.015173958656462747, 0], [0, 0.011496333165926628, 0.8770129178740854, 0.003482539646413794, 0.017685267351455588, 0.038314851406946855, 0.014948310230612072, 0.007376917295120826, 0.025997227869664498, 0.0036856351597743886, 0], [0, 0.015880765511650654, 0.8823894706257078, 0.009692448268894756, 0.002247634122324478, 0.025415479073093876, 0.002169662105708754, 0.030742481644649825, 0.0002919536996803878, 0.031170104948289232, 0], [0, 0.03864064402478266, 0.8192663635985559, 0.0028691518815030614, 0.011067273298639158, 0.08567379710520782, 0.01605256987357095, 0.007492006495252969, 0.006001696738427402, 0.012936496984059982, 0], [0, 0.09777728873528253, 0.6326706341818819, 0.01441749531866636, 0.0028303424953286774, 0.21616809289788375, 0.015895286206811344, 0.0032574141939558992, 0.008219163554996876, 0.008764282415192622, 0], [0, 0.14864374463573216, 0.4281484280381777, 0.012617668369306254, 0.01305676508607426, 0.3472735835747274, 0.025941617881509456, 0.0015298586244473732, 0.007288592881083927, 0.015499740908941462, 0], [0, 0.2829445676331435, 0.14626843433590375, 0.003947614612700982, 0.009114030655928024, 0.505785103367495, 0.011199353457742084, 0.008479834235030908, 0.029262549956011685, 0.0029985117460441784, 0], [0, 0.3184226936446196, 0.05287260985867503, 0.0344583730061335, 0.0721337367186372, 0.37675308783991224, 0.08220039764932287, 0.02412866487926224, 0.01828762000145001, 0.02074281640198711, 0], [0, 0, 0, 0, 0, 0, 0, 0, 0, 0, 1]], [\'@\', \'a\', \'b\', \'c\', \'d\', \'e\', \'f\', \'g\', \'h\', \'i\', \'$\'])", "([1, 0, 0, 0, 0, 0, 0, 0, 0, 0, 0, 0, 0], [[0, 1, 0, 0, 0, 0, 0, 0, 0, 0, 0, 0, 0], [0, 0.018181818181818184, 0.8, 0.018181818181818184, 0.018181818181818184, 0.018181818181818184, 0.018181818181818184, 0.018181818181818184, 0.018181818181818184, 0.018181818181818184, 0.018181818181818184, 0.018181818181818184, 0.018181818181818184], [0, 0, 0.02, 0.8, 0.02, 0.02, 0.02, 0.02, 0.02, 0.02, 0.02, 0.02, 0.02], [0, 0, 0, 0.022222222222222223, 0.8, 0.022222222222222223, 0.022222222222222223, 0.022222222222222223, 0.022222222222222223, 0.022222222222222223, 0.022222222222222223, 0.022222222222222223, 0.022222222222222223], [0, 0, 0, 0, 0.025, 0.8, 0.025, 0.025, 0.025, 0.025, 0.025, 0.025, 0.025], [0, 0, 0, 0, 0, 0.028571428571428574, 0.8, 0.028571428571428574, 0.028571428571428574, 0.028571428571428574, 0.028571428571428574, 0.028571428571428574, 0.028571428571428574], [0, 0, 0, 0, 0, 0, 0.03333333333333333, 0.8, 0.03333333333333333, 0.03333333333333333, 0.03333333333333333, 0.03333333333333333, 0.03333333333333333], [0, 0, 0, 0, 0, 0, 0, 0.04, 0.8, 0.04, 0.04, 0.04, 0.04], [0, 0, 0, 0, 0, 0, 0, 0, 0.05, 0.8, 0.05, 0.05, 0.05], [0, 0, 0, 0, 0, 0, 0, 0, 0, 0.06666666666666667, 0.8, 0.06666666666666667, 0.06666666666666667], [0, 0, 0, 0, 0, 0, 0, 0, 0, 0, 0.1, 0.8, 0.1], [0, 0, 0, 0, 0, 0, 0, 0, 0, 0, 0, 0.2, 0.8], [1, 0, 0, 0, 0, 0, 0, 0, 0, 0, 0, 0, 0]], [[1, 0, 0, 0, 0, 0, 0, 0, 0, 0, 0], [0, 0.7409213549555568, 0.01236871366491403, 0.01230151261637152, 0.1230467568403584, 0.06216401496774523, 0.019736099636015577, 0.004343912956626902, 0.00145052426198543, 0.023667110100426013, 0], [0, 0.5758161572690581, 0.026314961618985472, 0.0100961784201459, 0.18182860676340426, 0.1498202379432499, 0.004649124819322952, 0.033558539244813564, 0.013069124912526552, 0.004847069008493349, 0], [0, 0.32359489415461257, 0.015384113059188619, 0.01413832806187223, 0.09652072437514662, 0.489682105645247, 0.011278372987078525, 0.0309150559372241, 0.010808182161020342, 0.007678223618610114, 0], [0, 0.11355176559767888, 0.030384146039321457, 0.009537036348777676, 0.034251886565270784, 0.7737437601862898, 0.0021981106554905456, 0.005690435291983423, 0.004613830174488175, 0.026029029140699093, 0], [0, 0.019186697815844977, 0.01699079021232211, 0.005152725520954749, 0.014154476172304004, 0.9026285332475472, 0.014316160954108504, 0.004065722899309936, 0.00027067046976960227, 0.02323422270783898, 0], [0, 0.0053131481342538, 0.019534113222191105, 0.013692736337306999, 0.022736137640140004, 0.8860363677080614, 0.028006533520859207, 0.0016056843198012966, 0.010753760748259176, 0.012321518369127196, 0], [0, 0.1980887371046174, 0.03443901984875858, 0.025649526426220606, 0.0272057932819862, 0.6791613634603565, 0.01132071028271886, 0.007626636354554965, 0.008774365926388063, 0.007733847314398849, 0], [0, 0.44555537875539536, 0.06902240409103029, 0.03970649108065891, 0.005660065269957842, 0.37843506708981656, 0.011894956227148437, 0.01938165943742738, 0.005390459339968174, 0.02495351870859687, 0], [0, 0.6857285221205945, 0.07819810629503367, 0.0040472262341166585, 0.021049897700983332, 0.16226324241278728, 0.014819729709136451, 0.003367600355956533, 0.015641737917471244, 0.014883937253920254, 0], [0, 0.7872357998391882, 0.13126280697490825, 0.02121611262891902, 0.0019471723057142144, 0.009861230724614404, 0.013838921435089052, 0.01383399026679068, 0.011400078892155337, 0.00940388693262065, 0], [0, 0.8215128631628797, 0.06237186966050175, 0.03725638033668439, 0.02047447667317541, 0.017681821021882007, 0.010196525405561544, 0.011370223082240017, 0.010753882762764861, 0.008381957894309996, 0], [0, 0, 0, 0, 0, 0, 0, 0, 0, 0, 1]], [\'@\', \'a\', \'b\', \'c\', \'d\', \'e\', \'f\', \'g\', \'h\', \'i\', \'$\'])", "([1, 0, 0, 0, 0, 0, 0, 0, 0, 0, 0, 0, 0], [[0, 1, 0, 0, 0, 0, 0, 0, 0, 0, 0, 0, 0], [0, 0.018181818181818184, 0.8, 0.018181818181818184, 0.018181818181818184, 0.018181818181818184, 0.018181818181818184, 0.018181818181818184, 0.018181818181818184, 0.018181818181818184, 0.018181818181818184, 0.018181818181818184, 0.018181818181818184], [0, 0, 0.02, 0.8, 0.02, 0.02, 0.02, 0.02, 0.02, 0.02, 0.02, 0.02, 0.02], [0, 0, 0, 0.022222222222222223, 0.8, 0.022222222222222223, 0.022222222222222223, 0.022222222222222223, 0.022222222222222223, 0.022222222222222223, 0.022222222222222223, 0.022222222222222223, 0.022222222222222223], [0, 0, 0, 0, 0.025, 0.8, 0.025, 0.025, 0.025, 0.025, 0.025, 0.025, 0.025], [0, 0, 0, 0, 0, 0.028571428571428574, 0.8, 0.028571428571428574, 0.028571428571428574, 0.028571428571428574, 0.028571428571428574, 0.028571428571428574, 0.028571428571428574], [0, 0, 0, 0, 0, 0, 0.03333333333333333, 0.8, 0.03333333333333333, 0.03333333333333333, 0.03333333333333333, 0.03333333333333333, 0.03333333333333333], [0, 0, 0, 0, 0, 0, 0, 0.04, 0.8, 0.04, 0.04, 0.04, 0.04], [0, 0, 0, 0, 0, 0, 0, 0, 0.05, 0.8, 0.05, 0.05, 0.05], [0, 0, 0, 0, 0, 0, 0, 0, 0, 0.06666666666666667, 0.8, 0.06666666666666667, 0.06666666666666667], [0, 0, 0, 0, 0, 0, 0, 0, 0, 0, 0.1, 0.8, 0.1], [0, 0, 0, 0, 0, 0, 0, 0, 0, 0, 0, 0.2, 0.8], [1, 0, 0, 0, 0, 0, 0, 0, 0, 0, 0, 0, 0]], [[1, 0, 0, 0, 0, 0, 0, 0, 0, 0, 0], [0, 0.5887251295518331, 0.007751423664156412, 0.029285862148036957, 0.08200044003637763, 0.2566895977489586, 0.006281829150772931, 0.00421038092052083, 0.014181982004061996, 0.010873354775281738, 0], [0, 0.4762659329577338, 0.012546885338867917, 0.016268966044838167, 0.3422234053811062, 0.1187877683436314, 0.014642044161907621, 0.0014848491727019967, 0.006410322500745784, 0.011369826098467293, 0], [0, 0.29030681431192196, 0.014696225899611795, 0.005865005396360969, 0.6102892797206023, 0.04359741151314393, 0.001903067172306972, 0.013310078609673953, 0.013181837765503952, 0.006850279610874023, 0], [0, 0.14651830887655343, 0.012390419081014582, 0.01954765983030259, 0.7517081382576263, 0.023507620622839457, 0.021373497378996197, 0.003300491621222494, 0.02127086822315521, 0.00038299610828968996, 0], [0, 0.06553040624966994, 0.08815251546254396, 0.003392763259748981, 0.6901451641422052, 0.08048170252757901, 0.003931362069965387, 0.03856031888899035, 0.0177165430427327, 0.01208922435656468, 0], [0, 0.0807885901369734, 0.4219686684513161, 0.002663161992639237, 0.24171773915850228, 0.1643025178527749, 0.0260780803889508, 0.02567808932715334, 0.012385533286782336, 0.024417619404907744, 0], [0, 0.04625400084798742, 0.7397874227214344, 0.01788167568243483, 0.06338170674143905, 0.07560099302066185, 0.027211077586425745, 0.006596768683894547, 0.010836232547227683, 0.012450122168494499, 0], [0, 0.07548991962053318, 0.7488383871465907, 0.031154317021011263, 0.01047436409107163, 0.10879875241718301, 0.0007493095035584356, 0.00010452403750230404, 0.012696991081223892, 0.011693435081325487, 0], [0, 0.20878108296655942, 0.5843547403931362, 0.01223412140421472, 0.0033592622136175655, 0.14485929822425567, 0.02095763221857472, 0.002880093822686594, 0.016944494169458073, 0.005629274587496998, 0], [0, 0.37610533499428, 0.29577589154824413, 0.012180761518441772, 0.017374848006728647, 0.2452233673732001, 0.0062133285274085055, 0.023542873002209017, 0.0037995713564787734, 0.019784023673009063, 0], [0, 0.3932761085701311, 0.18782389405550245, 0.024472957016203858, 0.023023120210597953, 0.3043291629541135, 0.010915022572021923, 0.020862966318221814, 0.03128573296155959, 0.004011035341647815, 0], [0, 0, 0, 0, 0, 0, 0, 0, 0, 0, 1]], [\'@\', \'a\', \'b\', \'c\', \'d\', \'e\', \'f\', \'g\', \'h\', \'i\', \'$\'])", "([1, 0, 0, 0, 0, 0, 0, 0, 0, 0, 0, 0, 0], [[0, 1, 0, 0, 0, 0, 0, 0, 0, 0, 0, 0, 0], [0, 0.018181818181818184, 0.8, 0.018181818181818184, 0.018181818181818184, 0.018181818181818184, 0.018181818181818184, 0.018181818181818184, 0.018181818181818184, 0.018181818181818184, 0.018181818181818184, 0.018181818181818184, 0.018181818181818184], [0, 0, 0.02, 0.8, 0.02, 0.02, 0.02, 0.02, 0.02, 0.02, 0.02, 0.02, 0.02], [0, 0, 0, 0.022222222222222223, 0.8, 0.022222222222222223, 0.022222222222222223, 0.022222222222222223, 0.022222222222222223, 0.022222222222222223, 0.022222222222222223, 0.022222222222222223, 0.022222222222222223], [0, 0, 0, 0, 0.025, 0.8, 0.025, 0.025, 0.025, 0.025, 0.025, 0.025, 0.025], [0, 0, 0, 0, 0, 0.028571428571428574, 0.8, 0.028571428571428574, 0.028571428571428574, 0.028571428571428574, 0.028571428571428574, 0.028571428571428574, 0.028571428571428574], [0, 0, 0, 0, 0, 0, 0.03333333333333333, 0.8, 0.03333333333333333, 0.03333333333333333, 0.03333333333333333, 0.03333333333333333, 0.03333333333333333], [0, 0, 0, 0, 0, 0, 0, 0.04, 0.8, 0.04, 0.04, 0.04, 0.04], [0, 0, 0, 0, 0, 0, 0, 0, 0.05, 0.8, 0.05, 0.05, 0.05], [0, 0, 0, 0, 0, 0, 0, 0, 0, 0.06666666666666667, 0.8, 0.06666666666666667, 0.06666666666666667], [0, 0, 0, 0, 0, 0, 0, 0, 0, 0, 0.1, 0.8, 0.1], [0, 0, 0, 0, 0, 0, 0, 0, 0, 0, 0, 0.2, 0.8], [1, 0, 0, 0, 0, 0, 0, 0, 0, 0, 0, 0, 0]], [[1, 0, 0, 0, 0, 0, 0, 0, 0, 0, 0], [0, 0.8168913937207402, 0.03501361669568623, 0.012806114468747624, 0.02874438476467382, 0.03231663879963457, 0.0012825983428249854, 0.035927220725708975, 0.030094817039089793, 0.006923215442893914, 0], [0, 0.8995091170252297, 0.020067536659388086, 0.002485776713419121, 0.01695875507621011, 0.007189575419546185, 0.0016801260256284584, 0.020741623092574747, 0.008460887196598196, 0.0229066027914054, 0], [0, 0.6183485560455515, 0.17789441497637057, 0.11349999425783111, 0.022592358847511682, 0.03388060163704611, 0.00811291895767678, 0.009297174262749015, 0.011792086110286171, 0.004581894904976879, 0], [0, 0.3489187466663813, 0.23686669053182927, 0.228316324698062, 0.02934658143549442, 0.05206371611675864, 0.08120928482336089, 0.0020911659927812867, 0.01759544264446759, 0.003592047090864646, 0], [0, 0.17642009692367647, 0.21093846905881028, 0.22695796914730726, 0.1076434537429479, 0.07646958024659646, 0.1482959019818069, 0.016434219710982537, 0.018800764832669268, 0.018039544355202813, 0], [0, 0.04231790804548027, 0.051964643261069074, 0.11559622334578032, 0.2906205068111078, 0.14383226824362005, 0.3073334615591509, 0.007408200601069487, 0.02554920780792459, 0.015377580324797524, 0], [0, 0.009378889366618593, 0.014840120763671931, 0.022753603873059358, 0.2753340185777996, 0.34758655786259113, 0.2739069199765822, 0.03353013793763711, 0.02019477789097201, 0.002474973751067917, 0], [0, 0.015488893996860402, 0.006993956619575498, 0.009240056081068709, 0.08713868324891294, 0.7936474781382155, 0.04730450654655016, 0.01911474899748077, 0.001677001043475493, 0.01939467532786071, 0], [0, 0.016937305813530177, 0.0012353286899594797, 0.0182523140620889, 9.431886078784645e-05, 0.8856859208866316, 0.01618409031964033, 0.030900193367417745, 0.02362252313678592, 0.007088004863158057, 0], [0, 0.06972730009180174, 0.015813031246301658, 0.012454311751027023, 0.05373216074635081, 0.7675745756813835, 0.010501023734694751, 0.021405740323814364, 0.03830556429301749, 0.010486292131608758, 0], [0, 0.05905346958778181, 0.04174599047905707, 0.018260360918472465, 0.07398383223054499, 0.6748551185264129, 0.025586473841964545, 0.04734716521320304, 0.016241859036798815, 0.04292573016576437, 0], [0, 0, 0, 0, 0, 0, 0, 0, 0, 0, 1]], [\'@\', \'a\', \'b\', \'c\', \'d\', \'e\', \'f\', \'g\', \'h\', \'i\', \'$\'])", "([1, 0, 0, 0, 0, 0, 0, 0, 0, 0, 0, 0, 0], [[0, 1, 0, 0, 0, 0, 0, 0, 0, 0, 0, 0, 0], [0, 0.018181818181818184, 0.8, 0.018181818181818184, 0.018181818181818184, 0.018181818181818184, 0.018181818181818184, 0.018181818181818184, 0.018181818181818184, 0.018181818181818184, 0.018181818181818184, 0.018181818181818184, 0.018181818181818184], [0, 0, 0.02, 0.8, 0.02, 0.02, 0.02, 0.02, 0.02, 0.02, 0.02, 0.02, 0.02], [0, 0, 0, 0.022222222222222223, 0.8, 0.022222222222222223, 0.022222222222222223, 0.022222222222222223, 0.022222222222222223, 0.022222222222222223, 0.022222222222222223, 0.022222222222222223, 0.022222222222222223], [0, 0, 0, 0, 0.025, 0.8, 0.025, 0.025, 0.025, 0.025, 0.025, 0.025, 0.025], [0, 0, 0, 0, 0, 0.028571428571428574, 0.8, 0.028571428571428574, 0.028571428571428574, 0.028571428571428574, 0.028571428571428574, 0.028571428571428574, 0.028571428571428574], [0, 0, 0, 0, 0, 0, 0.03333333333333333, 0.8, 0.03333333333333333, 0.03333333333333333, 0.03333333333333333, 0.03333333333333333, 0.03333333333333333], [0, 0, 0, 0, 0, 0, 0, 0.04, 0.8, 0.04, 0.04, 0.04, 0.04], [0, 0, 0, 0, 0, 0, 0, 0, 0.05, 0.8, 0.05, 0.05, 0.05], [0, 0, 0, 0, 0, 0, 0, 0, 0, 0.06666666666666667, 0.8, 0.06666666666666667, 0.06666666666666667], [0, 0, 0, 0, 0, 0, 0, 0, 0, 0, 0.1, 0.8, 0.1], [0, 0, 0, 0, 0, 0, 0, 0, 0, 0, 0, 0.2, 0.8], [1, 0, 0, 0, 0, 0, 0, 0, 0, 0, 0, 0, 0]], [[1, 0, 0, 0, 0, 0, 0, 0, 0, 0, 0], [0, 0.018090492195691695, 0.013429383817181263, 0.015800432910430373, 0.029313815024815, 0.8733824666192133, 0.025214889914748326, 0.0069136073501220386, 0.017220173423648594, 0.000634738744149383, 0], [0, 0.02335702083234234, 0.015195375203734481, 0.0030794456353334682, 0.171898570713146, 0.7120170373665934, 0.02347490409730971, 0.019831537648744655, 0.008283613406144835, 0.022862495096651093, 0], [0, 0.054450091306910836, 0.012846051232462706, 0.014183852904339801, 0.28803728894373587, 0.3975237295843185, 0.09526563896108908, 0.016213512017917736, 0.0024971618233098096, 0.11898267322591573, 0], [0, 0.14467807329359736, 0.041030566135196456, 0.009456571798899843, 0.34009342866244696, 0.07288521732450631, 0.06333564225666316, 0.04702715609625902, 0.01916623671809845, 0.2623271077143323, 0], [0, 0.18306359791085214, 0.08708927679646512, 0.00290221635684544, 0.07196452273338605, 0.11256248927989111, 0.011365899696782724, 0.03764591380218782, 0.026274642496690027, 0.4671314409268995, 0], [0, 0.12584393306415667, 0.25003468351467356, 0.03149318789834574, 0.013619348258259174, 0.08553642668562919, 0.021358261796979458, 0.013258563032488018, 0.031238543631471324, 0.42761705211799683, 0], [0, 0.22822071137184743, 0.3502624253512326, 0.04290300427070539, 0.011107620539411238, 0.10061416731537036, 0.00734223071712616, 0.015479684599122677, 0.047026807319394674, 0.1970433485157895, 0], [0, 0.5365488216270561, 0.25348094557465845, 0.041484713256301695, 0.0009080010923406328, 0.031161280878078495, 0.0022226430525605226, 0.020692347539778968, 0.05061244665805199, 0.062888800321173, 0], [0, 0.8081185670379882, 0.06964589075851298, 0.021378384247280287, 0.018231233095314787, 0.0003332505267947686, 0.021838398281958327, 0.0021542817036301442, 0.01296871654214453, 0.045331277806376045, 0], [0, 0.7608920607005468, 0.06948217872729331, 0.015990645033055303, 0.10103668539804032, 0.012304733012253767, 0.015441657238291691, 0.0019245792841120347, 0.01754058593597976, 0.005386874670427089, 0], [0, 0.597085583685008, 0.02085278563441669, 0.04296512640758732, 0.2447923794967971, 0.010972748743608582, 0.0015802942843364512, 0.05530470308076078, 0.0014464722213966765, 0.024999906446088432, 0], [0, 0, 0, 0, 0, 0, 0, 0, 0, 0, 1]], [\'@\', \'a\', \'b\', \'c\', \'d\', \'e\', \'f\', \'g\', \'h\', \'i\', \'$\'])", "([1, 0, 0, 0, 0, 0, 0, 0, 0, 0, 0, 0, 0], [[0, 1, 0, 0, 0, 0, 0, 0, 0, 0, 0, 0, 0], [0, 0.018181818181818184, 0.8, 0.018181818181818184, 0.018181818181818184, 0.018181818181818184, 0.018181818181818184, 0.018181818181818184, 0.018181818181818184, 0.018181818181818184, 0.018181818181818184, 0.018181818181818184, 0.018181818181818184], [0, 0, 0.02, 0.8, 0.02, 0.02, 0.02, 0.02, 0.02, 0.02, 0.02, 0.02, 0.02], [0, 0, 0, 0.022222222222222223, 0.8, 0.022222222222222223, 0.022222222222222223, 0.022222222222222223, 0.022222222222222223, 0.022222222222222223, 0.022222222222222223, 0.022222222222222223, 0.022222222222222223], [0, 0, 0, 0, 0.025, 0.8, 0.025, 0.025, 0.025, 0.025, 0.025, 0.025, 0.025], [0, 0, 0, 0, 0, 0.028571428571428574, 0.8, 0.028571428571428574, 0.028571428571428574, 0.028571428571428574, 0.028571428571428574, 0.028571428571428574, 0.028571428571428574], [0, 0, 0, 0, 0, 0, 0.03333333333333333, 0.8, 0.03333333333333333, 0.03333333333333333, 0.03333333333333333, 0.03333333333333333, 0.03333333333333333], [0, 0, 0, 0, 0, 0, 0, 0.04, 0.8, 0.04, 0.04, 0.04, 0.04], [0, 0, 0, 0, 0, 0, 0, 0, 0.05, 0.8, 0.05, 0.05, 0.05], [0, 0, 0, 0, 0, 0, 0, 0, 0, 0.06666666666666667, 0.8, 0.06666666666666667, 0.06666666666666667], [0, 0, 0, 0, 0, 0, 0, 0, 0, 0, 0.1, 0.8, 0.1], [0, 0, 0, 0, 0, 0, 0, 0, 0, 0, 0, 0.2, 0.8], [1, 0, 0, 0, 0, 0, 0, 0, 0, 0, 0, 0, 0]], [[1, 0, 0, 0, 0, 0, 0, 0, 0, 0, 0], [0, 0.1581953999876918, 0.4105129931507639, 0.0416966744614316, 0.04119292739335555, 0.12922020645007853, 0.013736884534492297, 0.08643182294202227, 0.10511968074097221, 0.013893410339191949, 0], [0, 0.2517660476524027, 0.2065962530142472, 0.09652725063260738, 0.18751896185797065, 0.04571688753146208, 0.013356433850563123, 0.057524150474575916, 0.10301767813416604, 0.037976336852004945, 0], [0, 0.1530859868224235, 0.12145238820833698, 0.05612784335749364, 0.17203754231521604, 0.0951101393298879, 0.06656295064363611, 0.12477172085781622, 0.15237900055598463, 0.058472427909205, 0], [0, 0.13400733193541509, 0.027267648809910613, 0.04372429437753335, 0.3073969316130671, 0.09574521376885452, 0.051500840355986954, 0.19124023394778739, 0.12096682146570703, 0.028150683725737983, 0], [0, 0.08153240572018422, 0.01642207960323458, 0.030790724913773382, 0.3971668020077632, 0.11011859090727417, 0.14864397784914124, 0.1339628756227132, 0.038534223955464735, 0.042828319420451254, 0], [0, 0.0323022358167039, 0.011116572831522802, 0.03216823770105572, 0.5919738101304172, 0.15991448697993393, 0.09789459852749134, 0.05060185829783328, 0.02023029278547878, 0.0037979069295631, 0], [0, 0.01074935186554669, 0.003642373982000296, 0.0012126911499770277, 0.7587777890906816, 0.06509310319864052, 0.09119624035290362, 0.048666835358798385, 0.01516038645612629, 0.005501228545325513, 0], [0, 0.007941972180707848, 0.012270897925592031, 0.002558948995717334, 0.8097915067238292, 0.08403950316846168, 0.03587319665641858, 0.020462242568886735, 0.0021945411059344634, 0.024867190674452283, 0], [0, 0.010840163842639894, 0.011503255814422677, 0.00981012257962764, 0.875886338213029, 0.0458470257791132, 0.022998709190163922, 0.0025795105304015943, 0.0026826144973649477, 0.017852259553237243, 0], [0, 0.003127544864790196, 0.013710536447700282, 0.015742227127028306, 0.9007626678684115, 0.0168093400892391, 0.019016326804719236, 0.008160636327093409, 0.01774460446042476, 0.0049261160105930814, 0], [0, 0.003504134039033943, 0.012534109574856024, 0.0165236522420056, 0.9126938865292461, 0.012647113665122969, 0.017057948150380236, 0.005007243881238573, 0.010949164805599987, 0.009082747112516708, 0], [0, 0, 0, 0, 0, 0, 0, 0, 0, 0, 1]], [\'@\', \'a\', \'b\', \'c\', \'d\', \'e\', \'f\', \'g\', \'h\', \'i\', \'$\'])", "([1, 0, 0, 0, 0, 0, 0, 0, 0, 0, 0, 0, 0], [[0, 1, 0, 0, 0, 0, 0, 0, 0, 0, 0, 0, 0], [0, 0.018181818181818184, 0.8, 0.018181818181818184, 0.018181818181818184, 0.018181818181818184, 0.018181818181818184, 0.018181818181818184, 0.018181818181818184, 0.018181818181818184, 0.018181818181818184, 0.018181818181818184, 0.018181818181818184], [0, 0, 0.02, 0.8, 0.02, 0.02, 0.02, 0.02, 0.02, 0.02, 0.02, 0.02, 0.02], [0, 0, 0, 0.022222222222222223, 0.8, 0.022222222222222223, 0.022222222222222223, 0.022222222222222223, 0.022222222222222223, 0.022222222222222223, 0.022222222222222223, 0.022222222222222223, 0.022222222222222223], [0, 0, 0, 0, 0.025, 0.8, 0.025, 0.025, 0.025, 0.025, 0.025, 0.025, 0.025], [0, 0, 0, 0, 0, 0.028571428571428574, 0.8, 0.028571428571428574, 0.028571428571428574, 0.028571428571428574, 0.028571428571428574, 0.028571428571428574, 0.028571428571428574], [0, 0, 0, 0, 0, 0, 0.03333333333333333, 0.8, 0.03333333333333333, 0.03333333333333333, 0.03333333333333333, 0.03333333333333333, 0.03333333333333333], [0, 0, 0, 0, 0, 0, 0, 0.04, 0.8, 0.04, 0.04, 0.04, 0.04], [0, 0, 0, 0, 0, 0, 0, 0, 0.05, 0.8, 0.05, 0.05, 0.05], [0, 0, 0, 0, 0, 0, 0, 0, 0, 0.06666666666666667, 0.8, 0.06666666666666667, 0.06666666666666667], [0, 0, 0, 0, 0, 0, 0, 0, 0, 0, 0.1, 0.8, 0.1], [0, 0, 0, 0, 0, 0, 0, 0, 0, 0, 0, 0.2, 0.8], [1, 0, 0, 0, 0, 0, 0, 0, 0, 0, 0, 0, 0]], [[1, 0, 0, 0, 0, 0, 0, 0, 0, 0, 0], [0, 0.15920754426092723, 0.36805427189608503, 0.05280427568704277, 0.030527061351923918, 0.24775977952565836, 0.016195902947846574, 0.004835847164696877, 0.10160582771746073, 0.019009489448358344, 0], [0, 0.09707103997767444, 0.242831733221638, 0.034505486829107014, 0.09533643442020526, 0.1502208436459197, 0.04485204215456523, 0.05631012153426781, 0.2140785147166856, 0.06479378349993692, 0], [0, 0.12817310206574126, 0.1264882523551333, 0.047587253904742666, 0.08345144826325986, 0.12051395035227434, 0.06932857103106456, 0.08256347627802212, 0.20137718915837763, 0.14051675659138427, 0], [0, 0.09117356360740732, 0.06883183196713054, 0.05397346931522289, 0.08509651185531565, 0.1298113346383182, 0.10562384478679523, 0.14221963318220796, 0.14632144831920849, 0.1769483623283937, 0], [0, 0.06332567741437752, 0.05486973010226133, 0.06119604694935655, 0.11969081884455357, 0.0497974318783941, 0.17852919572377943, 0.19123512789028188, 0.15528001335525224, 0.12607595784174322, 0], [0, 0.021078811424283445, 0.04728058400097335, 0.060753978737558376, 0.101385142120248, 0.12575584134976317, 0.11679469994496447, 0.17534455723276843, 0.18925064851144194, 0.16235573667799885, 0], [0, 0.046071464972448004, 0.012142821368785105, 0.03431554935503308, 0.12369696841907821, 0.1746832571459422, 0.1278594556856012, 0.12923462179545306, 0.1775940505233595, 0.17440181073429967, 0], [0, 0.016510205830517915, 0.034485866808790434, 0.05641432140591002, 0.16817755551126137, 0.15364651299503698, 0.1755621914950078, 0.17954204384433645, 0.13424869490261604, 0.08141260720652298, 0], [0, 0.039171113813196705, 0.011150303060813218, 0.03916589279168599, 0.14775955177359537, 0.19081173020292033, 0.22743591996317494, 0.18253921073542195, 0.08753544067835248, 0.07443083698083904, 0], [0, 0.09198599190238323, 0.03602533261036241, 0.0644577179178128, 0.237271007254377, 0.17249044916512105, 0.17775396666278626, 0.08204694826956291, 0.05525584660846765, 0.08271273960912671, 0], [0, 0.05404382618445409, 0.026081464952577123, 0.04920797378213486, 0.14681517075772563, 0.2338532290441222, 0.15298338017481106, 0.10430200262960748, 0.033665312037913404, 0.1990476404366541, 0], [0, 0, 0, 0, 0, 0, 0, 0, 0, 0, 1]], [\'@\', \'a\', \'b\', \'c\', \'d\', \'e\', \'f\', \'g\', \'h\', \'i\', \'$\'])", "([1, 0, 0, 0, 0, 0, 0, 0, 0, 0, 0, 0, 0], [[0, 1, 0, 0, 0, 0, 0, 0, 0, 0, 0, 0, 0], [0, 0.018181818181818184, 0.8, 0.018181818181818184, 0.018181818181818184, 0.018181818181818184, 0.018181818181818184, 0.018181818181818184, 0.018181818181818184, 0.018181818181818184, 0.018181818181818184, 0.018181818181818184, 0.018181818181818184], [0, 0, 0.02, 0.8, 0.02, 0.02, 0.02, 0.02, 0.02, 0.02, 0.02, 0.02, 0.02], [0, 0, 0, 0.022222222222222223, 0.8, 0.022222222222222223, 0.022222222222222223, 0.022222222222222223, 0.022222222222222223, 0.022222222222222223, 0.022222222222222223, 0.022222222222222223, 0.022222222222222223], [0, 0, 0, 0, 0.025, 0.8, 0.025, 0.025, 0.025, 0.025, 0.025, 0.025, 0.025], [0, 0, 0, 0, 0, 0.028571428571428574, 0.8, 0.028571428571428574, 0.028571428571428574, 0.028571428571428574, 0.028571428571428574, 0.028571428571428574, 0.028571428571428574], [0, 0, 0, 0, 0, 0, 0.03333333333333333, 0.8, 0.03333333333333333, 0.03333333333333333, 0.03333333333333333, 0.03333333333333333, 0.03333333333333333], [0, 0, 0, 0, 0, 0, 0, 0.04, 0.8, 0.04, 0.04, 0.04, 0.04], [0, 0, 0, 0, 0, 0, 0, 0, 0.05, 0.8, 0.05, 0.05, 0.05], [0, 0, 0, 0, 0, 0, 0, 0, 0, 0.06666666666666667, 0.8, 0.06666666666666667, 0.06666666666666667], [0, 0, 0, 0, 0, 0, 0, 0, 0, 0, 0.1, 0.8, 0.1], [0, 0, 0, 0, 0, 0, 0, 0, 0, 0, 0, 0.2, 0.8], [1, 0, 0, 0, 0, 0, 0, 0, 0, 0, 0, 0, 0]], [[1, 0, 0, 0, 0, 0, 0, 0, 0, 0, 0], [0, 0.010639525900471822, 0.17990066001404847, 0.008450221345920767, 0.005549064358661366, 0.7480083226509553, 0.019588312181098855, 0.0008271800558806646, 0.004698749442875472, 0.02233796405008745, 0], [0, 0.021992267474954034, 0.31759156301157127, 0.015614818357514134, 0.05296409001983983, 0.4965612938713587, 0.04264209297201032, 0.0118846871498644, 0.025391786470314332, 0.01535740067257329, 0], [0, 0.16020841604753538, 0.29239894521896237, 0.01556962169809935, 0.06391029336667016, 0.29177423235345684, 0.06968876556614165, 0.03427935436574878, 0.04855116375361319, 0.023619207629772286, 0], [0, 0.30811628385251033, 0.33910444886036817, 0.043789795035270654, 0.028911309833573772, 0.1322260030888545, 0.04184718443972527, 0.032273870335625336, 0.03199865414159365, 0.04173245041247818, 0], [0, 0.25718211987891954, 0.3998232527407564, 0.06591390684347952, 0.042167690196992264