((11, 4.4), '([\'AAAAAAAAAAA\', \'BBBBBBBBBBB\', \'CCCCCCCCCCC\', \'DDDDDDDDDDD\', \'EEEEEEEEEEE\', \'FFFFFFFFFFF\', \'GGGGGGGGGGG\', \'HHHHHHHHHHH\', \'IIIIIIIIIII\', \'JJJJJJJJJJJ\', \'KKKKKKKKKKK\', \'LLLLLLLLLLL\', \'MMMMMMMMMMM\', \'NNNNNNNNNNN\', \'OOOOOOOOOOO\', \'PPPPPPPPPPP\', \'QQQQQQQQQQQ\', \'RRRRRRRRRRR\', \'SSSSSSSSSSS\', \'TTTTTTTTTTT\', \'UUUUUUUUUUU\', \'VVVVVVVVVVV\', \'WWWWWWWWWWW\', \'XXXXXXXXXXX\', \'YYYYYYYYYYY\', \'ZZZZZZZZZZZ\'], ["([1, 0, 0, 0, 0, 0, 0, 0, 0, 0, 0, 0, 0], [[0, 1, 0, 0, 0, 0, 0, 0, 0, 0, 0, 0, 0], [0, 0.018181818181818184, 0.8, 0.018181818181818184, 0.018181818181818184, 0.018181818181818184, 0.018181818181818184, 0.018181818181818184, 0.018181818181818184, 0.018181818181818184, 0.018181818181818184, 0.018181818181818184, 0.018181818181818184], [0, 0, 0.02, 0.8, 0.02, 0.02, 0.02, 0.02, 0.02, 0.02, 0.02, 0.02, 0.02], [0, 0, 0, 0.022222222222222223, 0.8, 0.022222222222222223, 0.022222222222222223, 0.022222222222222223, 0.022222222222222223, 0.022222222222222223, 0.022222222222222223, 0.022222222222222223, 0.022222222222222223], [0, 0, 0, 0, 0.025, 0.8, 0.025, 0.025, 0.025, 0.025, 0.025, 0.025, 0.025], [0, 0, 0, 0, 0, 0.028571428571428574, 0.8, 0.028571428571428574, 0.028571428571428574, 0.028571428571428574, 0.028571428571428574, 0.028571428571428574, 0.028571428571428574], [0, 0, 0, 0, 0, 0, 0.03333333333333333, 0.8, 0.03333333333333333, 0.03333333333333333, 0.03333333333333333, 0.03333333333333333, 0.03333333333333333], [0, 0, 0, 0, 0, 0, 0, 0.04, 0.8, 0.04, 0.04, 0.04, 0.04], [0, 0, 0, 0, 0, 0, 0, 0, 0.05, 0.8, 0.05, 0.05, 0.05], [0, 0, 0, 0, 0, 0, 0, 0, 0, 0.06666666666666667, 0.8, 0.06666666666666667, 0.06666666666666667], [0, 0, 0, 0, 0, 0, 0, 0, 0, 0, 0.1, 0.8, 0.1], [0, 0, 0, 0, 0, 0, 0, 0, 0, 0, 0, 0.2, 0.8], [1, 0, 0, 0, 0, 0, 0, 0, 0, 0, 0, 0, 0]], [[1, 0, 0, 0, 0, 0, 0, 0, 0, 0, 0, 0], [0, 0.002700438624883551, 0.005150205603974844, 0.00896564860119574, 0.008267952733822468, 0.0049330558682886385, 0.01764179325141067, 0.5159086649505444, 0.2787171727828255, 0.14966778251028087, 0.008047285072773237, 0], [0, 0.0060065109899642855, 0.00840612117875928, 0.015378327406994902, 0.010551726967985443, 0.015660934314899753, 0.002195179571445111, 0.6916229675649873, 0.18865262741303881, 0.0582316924876522, 0.0032939121042728356, 0], [0, 0.013592509480532049, 0.012494797540564283, 0.0037509693532543457, 0.01061054801074937, 0.010983285201481318, 0.011280126982424594, 0.7359430488729897, 0.16546252991673938, 0.033070164362520874, 0.002812020278744137, 0], [0, 0.0017943041321871562, 0.011066098960896298, 0.009092394550318766, 0.002692452059021171, 0.0033514729755090076, 0.02254526447243671, 0.8000156188292403, 0.12544911023248528, 0.0045668461102261635, 0.019426437677679195, 0], [0, 0.014964614712326739, 0.0013070492784465755, 0.005968803819973792, 0.0023896617237638474, 0.0022283416524653227, 0.027863828577862765, 0.8324775110255042, 0.08267971065433477, 0.015970103273874412, 0.01415037528144764, 0], [0, 0.013676439178425136, 0.007016825656327361, 0.001990945197166209, 0.019702119296345782, 0.004145575232067802, 0.000598621523951543, 0.7954616617306963, 0.13629418434169357, 0.010869975261804252, 0.010243652581522066, 0], [0, 0.01026896378439917, 0.01219462361239978, 0.013356051994414742, 0.0019377193901369985, 0.012443043120381338, 0.008844826934942974, 0.8216593297120237, 0.10456066229586554, 0.00676391320662388, 0.00797086594881192, 0], [0, 0.0032204788852752135, 0.01845253686479138, 0.01767547480233978, 0.007497391010047422, 0.001091827092022123, 0.002972604166868722, 0.8013208893513608, 0.129097698802115, 0.017085373672017182, 0.0015857253531625483, 0], [0, 0.012322503577444697, 0.011395058550990095, 0.012861590645599202, 0.010321628797621326, 0.007103124148818677, 0.0063672687204778065, 0.7244561125147827, 0.16414142445656646, 0.047622223741403194, 0.0034090648462958475, 0], [0, 0.011663683712344296, 0.011184833043058237, 0.0038696713532673237, 0.013878885403418174, 0.009325372828895307, 0.00589155353538117, 0.7437521726010916, 0.1278171810606712, 0.06902364163309443, 0.0035930048287783024, 0], [0, 0.0096440604283653, 0.008085646998963717, 0.012946967236724095, 0.012194498637131079, 0.008595156784559514, 0.009981092108485952, 0.5934070983748897, 0.2123413166824763, 0.1203979627885382, 0.012406199959866089, 0], [0, 0, 0, 0, 0, 0, 0, 0, 0, 0, 0, 1]], [\'@\', \'a\', \'b\', \'c\', \'d\', \'e\', \'f\', \'g\', \'h\', \'i\', \'j\', \'$\'])", "([1, 0, 0, 0, 0, 0, 0, 0, 0, 0, 0, 0, 0], [[0, 1, 0, 0, 0, 0, 0, 0, 0, 0, 0, 0, 0], [0, 0.018181818181818184, 0.8, 0.018181818181818184, 0.018181818181818184, 0.018181818181818184, 0.018181818181818184, 0.018181818181818184, 0.018181818181818184, 0.018181818181818184, 0.018181818181818184, 0.018181818181818184, 0.018181818181818184], [0, 0, 0.02, 0.8, 0.02, 0.02, 0.02, 0.02, 0.02, 0.02, 0.02, 0.02, 0.02], [0, 0, 0, 0.022222222222222223, 0.8, 0.022222222222222223, 0.022222222222222223, 0.022222222222222223, 0.022222222222222223, 0.022222222222222223, 0.022222222222222223, 0.022222222222222223, 0.022222222222222223], [0, 0, 0, 0, 0.025, 0.8, 0.025, 0.025, 0.025, 0.025, 0.025, 0.025, 0.025], [0, 0, 0, 0, 0, 0.028571428571428574, 0.8, 0.028571428571428574, 0.028571428571428574, 0.028571428571428574, 0.028571428571428574, 0.028571428571428574, 0.028571428571428574], [0, 0, 0, 0, 0, 0, 0.03333333333333333, 0.8, 0.03333333333333333, 0.03333333333333333, 0.03333333333333333, 0.03333333333333333, 0.03333333333333333], [0, 0, 0, 0, 0, 0, 0, 0.04, 0.8, 0.04, 0.04, 0.04, 0.04], [0, 0, 0, 0, 0, 0, 0, 0, 0.05, 0.8, 0.05, 0.05, 0.05], [0, 0, 0, 0, 0, 0, 0, 0, 0, 0.06666666666666667, 0.8, 0.06666666666666667, 0.06666666666666667], [0, 0, 0, 0, 0, 0, 0, 0, 0, 0, 0.1, 0.8, 0.1], [0, 0, 0, 0, 0, 0, 0, 0, 0, 0, 0, 0.2, 0.8], [1, 0, 0, 0, 0, 0, 0, 0, 0, 0, 0, 0, 0]], [[1, 0, 0, 0, 0, 0, 0, 0, 0, 0, 0, 0], [0, 0.006575799568453906, 0.012798150558427172, 0.01566039349380324, 0.005907678783978081, 0.014727289734304783, 0.009643545616916813, 0.6025737817912847, 0.21493988627599656, 0.10609829921129146, 0.011075174965543121, 0], [0, 0.014974498712328138, 0.010185824398371525, 0.04359548740071115, 0.029765487441206766, 0.013677035788557671, 0.013608150569766306, 0.7100272906860476, 0.1201077141126368, 0.03259673474632409, 0.011461776144049913, 0], [0, 0.0018197175477947364, 0.020902352942106798, 0.02285472834495872, 0.022732949758264124, 0.004036802429073722, 0.021888358552930667, 0.803397232343427, 0.05798976071177663, 0.03456313576844111, 0.009814961601226482, 0], [0, 0.01537399503156468, 0.0052090503550372945, 0.04300850355793112, 0.006278284207121984, 0.002855442815809828, 0.004305390648159963, 0.8732437037982608, 0.02796484775475316, 0.004074114220341067, 0.017686667611020154, 0], [0, 0.014156266425296174, 0.013276658760487902, 0.008420507001595811, 0.003432658420651096, 0.013786921280464284, 0.004411367891140461, 0.903459990313096, 0.013564335475485412, 0.022699406113162762, 0.0027918883186199774, 0], [0, 0.01882644348709867, 0.011053831001987209, 0.009507550613782327, 0.003380075786849001, 0.001962755320480669, 0.019033266653482647, 0.913599951949147, 2.0610260677775018e-05, 0.021412263783202636, 0.0012032511432920378, 0], [0, 0.017604778983591595, 0.00380289717294106, 0.002888390215360599, 0.0019530420115874538, 0.009051304674356336, 0.012376572486584443, 0.9191720244524908, 0.005631656222582826, 0.013980610820404726, 0.013538722960100029, 0], [0, 0.0041122167642676484, 0.01595996164314512, 0.010003633426348638, 0.01531140910685166, 0.00695624067943069, 0.003282943555718479, 0.9252546967779062, 0.001044988984359482, 0.012701270346333001, 0.005372638715639019, 0], [0, 0.018248845553499753, 0.0050139923084402795, 0.0034448573605849004, 0.004529747647282473, 0.00941793768467633, 0.012944372477779393, 0.8971630119241889, 0.0309797756091876, 0.011527369456941633, 0.006730089977418786, 0], [0, 0.001254722565089563, 0.013546221806565905, 0.013809631127976812, 0.0135246062616321, 0.012365306674595258, 0.00039643376855754797, 0.9134364172025484, 0.017391547750474717, 0.0031149564477843273, 0.011160156394775436, 0], [0, 0.004224856799516974, 0.008243234525983766, 0.011723786142703583, 0.004315994937921587, 0.012809931496087803, 0.011068753668850103, 0.9183384278331, 0.012267506547476936, 0.015382663557878143, 0.0016248444904812004, 0], [0, 0, 0, 0, 0, 0, 0, 0, 0, 0, 0, 1]], [\'@\', \'a\', \'b\', \'c\', \'d\', \'e\', \'f\', \'g\', \'h\', \'i\', \'j\', \'$\'])", "([1, 0, 0, 0, 0, 0, 0, 0, 0, 0, 0, 0, 0], [[0, 1, 0, 0, 0, 0, 0, 0, 0, 0, 0, 0, 0], [0, 0.018181818181818184, 0.8, 0.018181818181818184, 0.018181818181818184, 0.018181818181818184, 0.018181818181818184, 0.018181818181818184, 0.018181818181818184, 0.018181818181818184, 0.018181818181818184, 0.018181818181818184, 0.018181818181818184], [0, 0, 0.02, 0.8, 0.02, 0.02, 0.02, 0.02, 0.02, 0.02, 0.02, 0.02, 0.02], [0, 0, 0, 0.022222222222222223, 0.8, 0.022222222222222223, 0.022222222222222223, 0.022222222222222223, 0.022222222222222223, 0.022222222222222223, 0.022222222222222223, 0.022222222222222223, 0.022222222222222223], [0, 0, 0, 0, 0.025, 0.8, 0.025, 0.025, 0.025, 0.025, 0.025, 0.025, 0.025], [0, 0, 0, 0, 0, 0.028571428571428574, 0.8, 0.028571428571428574, 0.028571428571428574, 0.028571428571428574, 0.028571428571428574, 0.028571428571428574, 0.028571428571428574], [0, 0, 0, 0, 0, 0, 0.03333333333333333, 0.8, 0.03333333333333333, 0.03333333333333333, 0.03333333333333333, 0.03333333333333333, 0.03333333333333333], [0, 0, 0, 0, 0, 0, 0, 0.04, 0.8, 0.04, 0.04, 0.04, 0.04], [0, 0, 0, 0, 0, 0, 0, 0, 0.05, 0.8, 0.05, 0.05, 0.05], [0, 0, 0, 0, 0, 0, 0, 0, 0, 0.06666666666666667, 0.8, 0.06666666666666667, 0.06666666666666667], [0, 0, 0, 0, 0, 0, 0, 0, 0, 0, 0.1, 0.8, 0.1], [0, 0, 0, 0, 0, 0, 0, 0, 0, 0, 0, 0.2, 0.8], [1, 0, 0, 0, 0, 0, 0, 0, 0, 0, 0, 0, 0]], [[1, 0, 0, 0, 0, 0, 0, 0, 0, 0, 0, 0], [0, 0.009944550577333636, 0.012435128035129106, 0.009176262212072104, 6.672154794581692e-05, 0.012521961167025123, 0.009270368464972641, 0.8981607503576186, 0.020846945379968923, 0.022216935453257668, 0.005360376804676478, 0], [0, 0.000304959968791914, 0.0077420844650263705, 0.0163701269247039, 0.007667815283532115, 0.010928315050906537, 0.012379077791975356, 0.9152819890765773, 0.012412705207150914, 0.01023656179454703, 0.006676364436788584, 0], [0, 0.005619381193247477, 0.012983989561450715, 0.01024967604276008, 0.0013174137770463118, 0.009065161462996024, 0.007648432227965045, 0.9161827434862488, 0.018456356314147597, 0.0004697373778280236, 0.01800710855630997, 0], [0, 0.017430762240459707, 0.012292827210240302, 0.005701606450807394, 0.0041528319860258305, 0.023890831492317684, 0.001389118547982049, 0.9019426711401023, 0.00929262775307441, 0.013344932561610356, 0.01056179061738004, 0], [0, 0.015541548759782996, 0.008826469138347823, 0.0021083679488999897, 0.011903172619343693, 0.011707414734958595, 0.0036109770098822175, 0.8574131670721673, 0.06214757048936971, 0.01683206710296157, 0.00990924512428606, 0], [0, 0.002134591677176994, 0.013504379531820392, 0.017853653192135197, 0.008639311836328257, 0.0027269842001293246, 0.0028822578324206043, 0.744492364224054, 0.18644560802901256, 0.011694920639409592, 0.009625928837513136, 0], [0, 0.00364935258069836, 0.00880293429779189, 0.007693400209135036, 0.013709430750019218, 0.010845150458156207, 0.008904177668344903, 0.5865546628032596, 0.2603828244907611, 0.08901267529312148, 0.0104453914487122, 0], [0, 0.007539367234929621, 0.0020082758078336965, 0.005052692155913054, 0.011419523902106463, 0.014854730505637953, 0.010748665162247853, 0.5194125634293001, 0.3045399145127119, 0.12033001596903022, 0.0040942513202892805, 0], [0, 0.01421277438779577, 0.009649694198715735, 0.009245789155874592, 0.010844234673320593, 0.004084031156242181, 0.012500292635294622, 0.4777183852236599, 0.23746824148900264, 0.17906435739157162, 0.04521219968852241, 0], [0, 0.00010033068091809816, 0.002944983474664984, 0.005572991145115156, 0.010771029046338247, 0.019461159249049766, 0.01078938015044474, 0.4160211181902097, 0.2950436200381723, 0.15524567036533257, 0.0840497176597544, 0], [0, 0.002561327736404943, 0.008714996381140048, 0.01667241337560746, 0.009218822575870145, 0.012673557046243119, 0.006181637846518719, 0.414664049175515, 0.2756687198393901, 0.20954594035416294, 0.044098535669147454, 0], [0, 0, 0, 0, 0, 0, 0, 0, 0, 0, 0, 1]], [\'@\', \'a\', \'b\', \'c\', \'d\', \'e\', \'f\', \'g\', \'h\', \'i\', \'j\', \'$\'])", "([1, 0, 0, 0, 0, 0, 0, 0, 0, 0, 0, 0, 0], [[0, 1, 0, 0, 0, 0, 0, 0, 0, 0, 0, 0, 0], [0, 0.018181818181818184, 0.8, 0.018181818181818184, 0.018181818181818184, 0.018181818181818184, 0.018181818181818184, 0.018181818181818184, 0.018181818181818184, 0.018181818181818184, 0.018181818181818184, 0.018181818181818184, 0.018181818181818184], [0, 0, 0.02, 0.8, 0.02, 0.02, 0.02, 0.02, 0.02, 0.02, 0.02, 0.02, 0.02], [0, 0, 0, 0.022222222222222223, 0.8, 0.022222222222222223, 0.022222222222222223, 0.022222222222222223, 0.022222222222222223, 0.022222222222222223, 0.022222222222222223, 0.022222222222222223, 0.022222222222222223], [0, 0, 0, 0, 0.025, 0.8, 0.025, 0.025, 0.025, 0.025, 0.025, 0.025, 0.025], [0, 0, 0, 0, 0, 0.028571428571428574, 0.8, 0.028571428571428574, 0.028571428571428574, 0.028571428571428574, 0.028571428571428574, 0.028571428571428574, 0.028571428571428574], [0, 0, 0, 0, 0, 0, 0.03333333333333333, 0.8, 0.03333333333333333, 0.03333333333333333, 0.03333333333333333, 0.03333333333333333, 0.03333333333333333], [0, 0, 0, 0, 0, 0, 0, 0.04, 0.8, 0.04, 0.04, 0.04, 0.04], [0, 0, 0, 0, 0, 0, 0, 0, 0.05, 0.8, 0.05, 0.05, 0.05], [0, 0, 0, 0, 0, 0, 0, 0, 0, 0.06666666666666667, 0.8, 0.06666666666666667, 0.06666666666666667], [0, 0, 0, 0, 0, 0, 0, 0, 0, 0, 0.1, 0.8, 0.1], [0, 0, 0, 0, 0, 0, 0, 0, 0, 0, 0, 0.2, 0.8], [1, 0, 0, 0, 0, 0, 0, 0, 0, 0, 0, 0, 0]], [[1, 0, 0, 0, 0, 0, 0, 0, 0, 0, 0, 0], [0, 0.005914650057045219, 4.960796240485023e-05, 0.03315990693639434, 0.038295158350560195, 0.015325473314515187, 0.02805990846078364, 0.5533111498836831, 0.20104759044704998, 0.1228999332946959, 0.0019366212928676769, 0], [0, 0.0070949529601679225, 0.008888242867279853, 0.014501446826133161, 0.029345348952207577, 0.014670422323386027, 0.013981028398255753, 0.7747860680087316, 0.07343915129165611, 0.05644765998727459, 0.006845678384907391, 0], [0, 0.014865681729911739, 0.01989011705827575, 0.021901765334364526, 0.016751230488882024, 0.0015428635056461595, 0.010599205171424032, 0.8096558197100016, 0.06531267547976498, 0.019118080180592953, 0.02036256134113614, 0], [0, 0.009590989120699073, 0.0035601089715259797, 0.013629189377786503, 0.016531317835877156, 0.002992627492842588, 0.007586735718845356, 0.7458697216953507, 0.14636419035401385, 0.04521146142689833, 0.008663658006160405, 0], [0, 0.0010822020006625579, 0.008050982104476044, 0.0016158010169269644, 0.0011697200250319125, 0.015428185982215022, 9.226407583612768e-05, 0.8394417403539186, 0.07984614813148493, 0.04087491382623078, 0.012398042483217188, 0], [0, 0.003168319483286972, 0.019515635007571287, 0.010685191928919839, 0.006285548717750507, 0.0018189704613233264, 0.005990216398495166, 0.7741285422936968, 0.13946916787066627, 0.030579327459144177, 0.008359080379145577, 0], [0, 0.012968085136564382, 0.006237375776025684, 0.01731181321600135, 0.007211496266159206, 0.0029736768913993694, 0.0041603093853527, 0.8819065293576456, 0.047966202158775395, 0.005189633037043601, 0.014074878775032768, 0], [0, 0.006677091066818317, 0.0016682603273042334, 0.007952439008426827, 0.01424042765303901, 0.012979669099151938, 0.0014516559478255045, 0.8768322959780745, 0.05542558723839928, 0.009574797755923783, 0.013197775925036568, 0], [0, 0.00891811458707354, 0.01414890396387399, 0.009683725696186609, 0.0046613298694695195, 0.012688642811682109, 0.009106990026396334, 0.9036734137272452, 0.02204486331136189, 0.010393789572586024, 0.004680226434124747, 0], [0, 0.015200962541265564, 0.011158046415107505, 0.0074081394661705035, 0.007960540378191066, 0.014467835755455407, 0.0003551548270697864, 0.916447380232434, 0.010079699374168619, 0.0138269731866408, 0.0030952678234968424, 0], [0, 0.0010367032168815302, 0.016919578725024594, 0.006440487171244585, 0.0057079929396925645, 0.015007815855265682, 0.008984012130659226, 0.9170330291040658, 0.011646551488409403, 0.01320728407063317, 0.004016545298123509, 0], [0, 0, 0, 0, 0, 0, 0, 0, 0, 0, 0, 1]], [\'@\', \'a\', \'b\', \'c\', \'d\', \'e\', \'f\', \'g\', \'h\', \'i\', \'j\', \'$\'])", "([1, 0, 0, 0, 0, 0, 0, 0, 0, 0, 0, 0, 0], [[0, 1, 0, 0, 0, 0, 0, 0, 0, 0, 0, 0, 0], [0, 0.018181818181818184, 0.8, 0.018181818181818184, 0.018181818181818184, 0.018181818181818184, 0.018181818181818184, 0.018181818181818184, 0.018181818181818184, 0.018181818181818184, 0.018181818181818184, 0.018181818181818184, 0.018181818181818184], [0, 0, 0.02, 0.8, 0.02, 0.02, 0.02, 0.02, 0.02, 0.02, 0.02, 0.02, 0.02], [0, 0, 0, 0.022222222222222223, 0.8, 0.022222222222222223, 0.022222222222222223, 0.022222222222222223, 0.022222222222222223, 0.022222222222222223, 0.022222222222222223, 0.022222222222222223, 0.022222222222222223], [0, 0, 0, 0, 0.025, 0.8, 0.025, 0.025, 0.025, 0.025, 0.025, 0.025, 0.025], [0, 0, 0, 0, 0, 0.028571428571428574, 0.8, 0.028571428571428574, 0.028571428571428574, 0.028571428571428574, 0.028571428571428574, 0.028571428571428574, 0.028571428571428574], [0, 0, 0, 0, 0, 0, 0.03333333333333333, 0.8, 0.03333333333333333, 0.03333333333333333, 0.03333333333333333, 0.03333333333333333, 0.03333333333333333], [0, 0, 0, 0, 0, 0, 0, 0.04, 0.8, 0.04, 0.04, 0.04, 0.04], [0, 0, 0, 0, 0, 0, 0, 0, 0.05, 0.8, 0.05, 0.05, 0.05], [0, 0, 0, 0, 0, 0, 0, 0, 0, 0.06666666666666667, 0.8, 0.06666666666666667, 0.06666666666666667], [0, 0, 0, 0, 0, 0, 0, 0, 0, 0, 0.1, 0.8, 0.1], [0, 0, 0, 0, 0, 0, 0, 0, 0, 0, 0, 0.2, 0.8], [1, 0, 0, 0, 0, 0, 0, 0, 0, 0, 0, 0, 0]], [[1, 0, 0, 0, 0, 0, 0, 0, 0, 0, 0, 0], [0, 0.002903294201887488, 0.014978829654856335, 0.050894662452226444, 0.013665533240904335, 0.006762047608700412, 0.01544010451329927, 0.7182473876162369, 0.15835054178155722, 0.0037384915410201705, 0.015019107389311469, 0], [0, 0.006159052295891929, 0.01618947496412628, 0.005785889170852567, 0.0154773204249822, 0.003313942759066096, 0.016643064536586278, 0.8707938335310467, 0.0391673372224446, 0.021711146123603125, 0.004758938971400233, 0], [0, 0.0023693886663857713, 0.011652990690609, 0.004377925022004552, 0.004277224791788296, 0.010226398773319914, 0.014534216709044402, 0.8922906057782191, 0.03978043337599536, 0.003264833939735988, 0.01722598225289768, 0], [0, 0.007299034182617529, 0.009280881500371145, 0.012851954332053305, 0.006537330702389734, 0.001096238650824731, 0.00022787634093878717, 0.8682245863545515, 0.0681329887950127, 0.00013696947823693388, 0.026212139663003654, 0], [0, 0.006717065325906514, 0.0006642366655547475, 0.01172510335392163, 0.01087413107944679, 0.01220713215101043, 0.011673153929114168, 0.8576982531925816, 0.07432636434422911, 0.011717964921918875, 0.002396595036316036, 0], [0, 0.007537872496688488, 0.004376317295914074, 0.003312482479907325, 0.016152736036543033, 0.0024033300898315827, 0.009106913587485308, 0.8574520364427749, 0.080467170228473, 0.008218997477007743, 0.01097214386537446, 0], [0, 0.011753152683329177, 0.01886117850832402, 0.0012233511002545973, 0.008290668658541757, 0.007010284486956822, 0.0024752926722113604, 0.8527182771467599, 0.077782204799359, 0.005600856660744741, 0.014284733283518683, 0], [0, 0.008589491648510637, 0.011772601028228472, 0.013807416781132141, 0.010752473156799069, 0.008365145034040275, 0.006470037004689046, 0.8224541404927329, 0.08523374767374162, 0.017388841282472183, 0.015166105897653522, 0], [0, 0.013592784981498048, 0.0008424415838374613, 0.007202686127021683, 0.01955755504121105, 0.004699206483120469, 0.0022684809429274603, 0.6752445782060029, 0.20127158083121902, 0.0617118618405141, 0.01360882396264776, 0], [0, 0.004182879996183679, 0.0039195864334803645, 0.0034013449235529626, 0.007479906620258074, 0.007262848284343482, 0.0008999330011050524, 0.61880449028428, 0.18627282754409302, 0.14172790817176079, 0.02604827474094269, 0], [0, 0.0019376358698845134, 0.008087769976470668, 0.0017421532768404112, 0.018312224158906543, 0.010350098014289709, 0.002919375098068189, 0.426613878287307, 0.2807291077923494, 0.23423672921073277, 0.015071028315150926, 0], [0, 0, 0, 0, 0, 0, 0, 0, 0, 0, 0, 1]], [\'@\', \'a\', \'b\', \'c\', \'d\', \'e\', \'f\', \'g\', \'h\', \'i\', \'j\', \'$\'])", "([1, 0, 0, 0, 0, 0, 0, 0, 0, 0, 0, 0, 0], [[0, 1, 0, 0, 0, 0, 0, 0, 0, 0, 0, 0, 0], [0, 0.018181818181818184, 0.8, 0.018181818181818184, 0.018181818181818184, 0.018181818181818184, 0.018181818181818184, 0.018181818181818184, 0.018181818181818184, 0.018181818181818184, 0.018181818181818184, 0.018181818181818184, 0.018181818181818184], [0, 0, 0.02, 0.8, 0.02, 0.02, 0.02, 0.02, 0.02, 0.02, 0.02, 0.02, 0.02], [0, 0, 0, 0.022222222222222223, 0.8, 0.022222222222222223, 0.022222222222222223, 0.022222222222222223, 0.022222222222222223, 0.022222222222222223, 0.022222222222222223, 0.022222222222222223, 0.022222222222222223], [0, 0, 0, 0, 0.025, 0.8, 0.025, 0.025, 0.025, 0.025, 0.025, 0.025, 0.025], [0, 0, 0, 0, 0, 0.028571428571428574, 0.8, 0.028571428571428574, 0.028571428571428574, 0.028571428571428574, 0.028571428571428574, 0.028571428571428574, 0.028571428571428574], [0, 0, 0, 0, 0, 0, 0.03333333333333333, 0.8, 0.03333333333333333, 0.03333333333333333, 0.03333333333333333, 0.03333333333333333, 0.03333333333333333], [0, 0, 0, 0, 0, 0, 0, 0.04, 0.8, 0.04, 0.04, 0.04, 0.04], [0, 0, 0, 0, 0, 0, 0, 0, 0.05, 0.8, 0.05, 0.05, 0.05], [0, 0, 0, 0, 0, 0, 0, 0, 0, 0.06666666666666667, 0.8, 0.06666666666666667, 0.06666666666666667], [0, 0, 0, 0, 0, 0, 0, 0, 0, 0, 0.1, 0.8, 0.1], [0, 0, 0, 0, 0, 0, 0, 0, 0, 0, 0, 0.2, 0.8], [1, 0, 0, 0, 0, 0, 0, 0, 0, 0, 0, 0, 0]], [[1, 0, 0, 0, 0, 0, 0, 0, 0, 0, 0, 0], [0, 0.012383748936622066, 0.01453504438998058, 0.04536693614251627, 0.009308058044516293, 0.003043618619293387, 0.10975665478055317, 0.5176542896510243, 0.18522635578297356, 0.08229788155401188, 0.02042741209850854, 0], [0, 0.00699563967882171, 0.016540196580363483, 0.014571218611570647, 0.00251998305063428, 0.0065416004247866935, 0.06034143907462552, 0.693168684223406, 0.12728311925900435, 0.05820918891204176, 0.013828930184745621, 0], [0, 0.0054968664588526525, 0.01787201213113978, 0.013588673964317066, 0.007375161720475123, 0.003438836855067053, 0.0029561299749321698, 0.7028035191427586, 0.2267413698845159, 0.01046745737203136, 0.009259972495910224, 0], [0, 0.007058968704185253, 0.0018222813533012934, 0.010206151171402708, 0.01056189625424594, 0.01242502687507844, 0.008287126470643603, 0.5925225008959331, 0.3370788912109722, 0.004371127189502327, 0.015666029874735192, 0], [0, 0.0035595194121850133, 0.008218522542539188, 0.015710119084691648, 0.014283338443189882, 0.0005700404375005156, 0.014204883697988743, 0.4383646710201272, 0.48299733308328036, 0.006885929132352516, 0.015205643146144969, 0], [0, 0.004921737984995838, 0.0008123831695442764, 0.01094480575143129, 0.010579774001499216, 0.005938151410509659, 0.018335180428197068, 0.4583527910274317, 0.4706599212859978, 0.010218070654463562, 0.009237184285929605, 0], [0, 0.013067792330454915, 0.019514885932059776, 0.0059033870707044375, 0.006243161097046287, 0.0025968799844940434, 0.002150183547255721, 0.4611538312648879, 0.46895740612308906, 0.012701593164241723, 0.0077108794857661325, 0], [0, 0.010226755526398748, 0.0024356127418136697, 0.007808362764410077, 0.005426140010804259, 0.006449294893432952, 0.010280518667708132, 0.4941365347829211, 0.43037528816849874, 0.02191980479757961, 0.010941687646432831, 0], [0, 0.0036205060991247964, 0.020854832430261688, 0.00022601665255885805, 0.015909373664787833, 0.001555499536835246, 0.003911226036293265, 0.47926777700966544, 0.3889872327791563, 0.08322653819568543, 0.0024409975956311467, 0], [0, 0.014547832079101918, 0.006772994710453658, 0.004337542814320259, 0.004665819436414908, 0.0058737468582182465, 0.01385784600385395, 0.44993091841840854, 0.33679088543720426, 0.14577776309671525, 0.017444651145308986, 0], [0, 0.01193223770674728, 0.002961144545756156, 0.0005460234452421806, 0.016330216610562075, 0.0024311113657084693, 0.015529942214494883, 0.3168199090133394, 0.32972307879056206, 0.2948402073327907, 0.008886128974796924, 0], [0, 0, 0, 0, 0, 0, 0, 0, 0, 0, 0, 1]], [\'@\', \'a\', \'b\', \'c\', \'d\', \'e\', \'f\', \'g\', \'h\', \'i\', \'j\', \'$\'])", "([1, 0, 0, 0, 0, 0, 0, 0, 0, 0, 0, 0, 0], [[0, 1, 0, 0, 0, 0, 0, 0, 0, 0, 0, 0, 0], [0, 0.018181818181818184, 0.8, 0.018181818181818184, 0.018181818181818184, 0.018181818181818184, 0.018181818181818184, 0.018181818181818184, 0.018181818181818184, 0.018181818181818184, 0.018181818181818184, 0.018181818181818184, 0.018181818181818184], [0, 0, 0.02, 0.8, 0.02, 0.02, 0.02, 0.02, 0.02, 0.02, 0.02, 0.02, 0.02], [0, 0, 0, 0.022222222222222223, 0.8, 0.022222222222222223, 0.022222222222222223, 0.022222222222222223, 0.022222222222222223, 0.022222222222222223, 0.022222222222222223, 0.022222222222222223, 0.022222222222222223], [0, 0, 0, 0, 0.025, 0.8, 0.025, 0.025, 0.025, 0.025, 0.025, 0.025, 0.025], [0, 0, 0, 0, 0, 0.028571428571428574, 0.8, 0.028571428571428574, 0.028571428571428574, 0.028571428571428574, 0.028571428571428574, 0.028571428571428574, 0.028571428571428574], [0, 0, 0, 0, 0, 0, 0.03333333333333333, 0.8, 0.03333333333333333, 0.03333333333333333, 0.03333333333333333, 0.03333333333333333, 0.03333333333333333], [0, 0, 0, 0, 0, 0, 0, 0.04, 0.8, 0.04, 0.04, 0.04, 0.04], [0, 0, 0, 0, 0, 0, 0, 0, 0.05, 0.8, 0.05, 0.05, 0.05], [0, 0, 0, 0, 0, 0, 0, 0, 0, 0.06666666666666667, 0.8, 0.06666666666666667, 0.06666666666666667], [0, 0, 0, 0, 0, 0, 0, 0, 0, 0, 0.1, 0.8, 0.1], [0, 0, 0, 0, 0, 0, 0, 0, 0, 0, 0, 0.2, 0.8], [1, 0, 0, 0, 0, 0, 0, 0, 0, 0, 0, 0, 0]], [[1, 0, 0, 0, 0, 0, 0, 0, 0, 0, 0, 0], [0, 0.0002507768024973208, 0.012369638672791066, 0.003845773434976373, 0.011569998526059251, 0.006294104893684879, 0.009663711691429794, 0.8901563749739432, 0.03747147634706668, 0.025638975754284553, 0.0027391689032669106, 0], [0, 0.001998512781577459, 0.008396824518649591, 0.015546422808293674, 0.002978052052092658, 0.014190661037009859, 0.01791111378383989, 0.9106859794138307, 0.003703678253910825, 0.018366576026227054, 0.0062221793245682555, 0], [0, 0.0008912367289509666, 0.009048173002993036, 0.015825905341974103, 0.009413939218717719, 0.008136839826679043, 0.011968452822859573, 0.8857445331887418, 0.042529735508245445, 0.014400300165189154, 0.002040884195649275, 0], [0, 0.015962480987299195, 0.016875367338997523, 0.013593429456856319, 0.0016605372934388632, 0.0020168908282627174, 0.001349094585594904, 0.8648169885096764, 0.05528663780043935, 0.02735100112349782, 0.0010875720759369449, 0], [0, 0.01760889376033524, 0.019307219161255804, 0.00027332833701197083, 0.008440106397601673, 0.0009052921389539828, 0.0013617746273509495, 0.8557433221696729, 0.03874927136382031, 0.056540455823199456, 0.0010703362207977135, 0], [0, 0.015109150222843972, 0.005330660753606146, 0.002417254393452385, 0.010619683490111172, 0.0005402056294350119, 0.004574763733908967, 0.8805201781201768, 0.04555314507931106, 0.013577020799912989, 0.02175793777724151, 0], [0, 0.014985949684466156, 0.016159693449001755, 0.00182581080958799, 0.0004811168279339812, 0.015250523272842133, 0.005618801347242503, 0.8561510308194609, 0.07166911077317926, 0.0172272654167032, 0.0006306975995821883, 0], [0, 0.005610160354934444, 0.0028199899545599703, 0.007882969176404731, 0.02021098845918863, 0.006821565980875914, 0.009023108244621207, 0.8791720158446171, 0.037806657681937944, 0.0250235549658243, 0.005628989337035651, 0], [0, 0.01056437102821927, 0.010334321988697593, 0.002481305118996506, 0.012741377854539337, 0.014443949671683816, 0.0031260479074309263, 0.9251082098274922, 0.004693990426707129, 0.016225932748728366, 0.0002804934275049394, 0], [0, 0.017077639673750877, 0.007307098751117079, 0.0040271350097828285, 0.012407056760759655, 0.008979243685976083, 0.008886696151941811, 0.9030182368164635, 0.009659233304157768, 0.023965484615718426, 0.004672175230331764, 0], [0, 0.0060247072054606466, 0.007152187039841234, 0.0062331674501587666, 0.005636577013200863, 0.007126488485012745, 0.016098786193198013, 0.8474236510064964, 0.057341917128430286, 0.04632512465225565, 0.0006373938259453608, 0], [0, 0, 0, 0, 0, 0, 0, 0, 0, 0, 0, 1]], [\'@\', \'a\', \'b\', \'c\', \'d\', \'e\', \'f\', \'g\', \'h\', \'i\', \'j\', \'$\'])", "([1, 0, 0, 0, 0, 0, 0, 0, 0, 0, 0, 0, 0], [[0, 1, 0, 0, 0, 0, 0, 0, 0, 0, 0, 0, 0], [0, 0.018181818181818184, 0.8, 0.018181818181818184, 0.018181818181818184, 0.018181818181818184, 0.018181818181818184, 0.018181818181818184, 0.018181818181818184, 0.018181818181818184, 0.018181818181818184, 0.018181818181818184, 0.018181818181818184], [0, 0, 0.02, 0.8, 0.02, 0.02, 0.02, 0.02, 0.02, 0.02, 0.02, 0.02, 0.02], [0, 0, 0, 0.022222222222222223, 0.8, 0.022222222222222223, 0.022222222222222223, 0.022222222222222223, 0.022222222222222223, 0.022222222222222223, 0.022222222222222223, 0.022222222222222223, 0.022222222222222223], [0, 0, 0, 0, 0.025, 0.8, 0.025, 0.025, 0.025, 0.025, 0.025, 0.025, 0.025], [0, 0, 0, 0, 0, 0.028571428571428574, 0.8, 0.028571428571428574, 0.028571428571428574, 0.028571428571428574, 0.028571428571428574, 0.028571428571428574, 0.028571428571428574], [0, 0, 0, 0, 0, 0, 0.03333333333333333, 0.8, 0.03333333333333333, 0.03333333333333333, 0.03333333333333333, 0.03333333333333333, 0.03333333333333333], [0, 0, 0, 0, 0, 0, 0, 0.04, 0.8, 0.04, 0.04, 0.04, 0.04], [0, 0, 0, 0, 0, 0, 0, 0, 0.05, 0.8, 0.05, 0.05, 0.05], [0, 0, 0, 0, 0, 0, 0, 0, 0, 0.06666666666666667, 0.8, 0.06666666666666667, 0.06666666666666667], [0, 0, 0, 0, 0, 0, 0, 0, 0, 0, 0.1, 0.8, 0.1], [0, 0, 0, 0, 0, 0, 0, 0, 0, 0, 0, 0.2, 0.8], [1, 0, 0, 0, 0, 0, 0, 0, 0, 0, 0, 0, 0]], [[1, 0, 0, 0, 0, 0, 0, 0, 0, 0, 0, 0], [0, 0.002631625953502713, 0.002270211113181702, 0.044554875141813985, 0.028700839971818732, 0.000735492337905203, 0.07131447767985633, 0.31337530660167007, 0.23779129433380905, 0.28249098353634117, 0.016134893330100937, 0], [0, 0.001788226444977922, 0.007743674220805632, 0.009313632852725535, 0.00894702836928079, 0.0012659059342673498, 0.02178046441506389, 0.6171140280763417, 0.22193957553272672, 0.09942812228191103, 0.010679341871899352, 0], [0, 0.007485161325816316, 0.0165731201836463, 0.005913414204929314, 0.007709557517116574, 0.005244212684455124, 0.004296162428690539, 0.31829750237664906, 0.2502735204207511, 0.36681850710128466, 0.017388841756660934, 0], [0, 0.011759014246321304, 0.011474564939346238, 0.006025333501144094, 0.011062741856465535, 0.012902449366465089, 0.0024809511199170567, 0.1599026647815803, 0.25835078066332434, 0.5140383499937999, 0.012003149531636179, 0], [0, 0.00437683075447364, 0.005118815180975583, 0.0009594114047653385, 0.012576968346672225, 0.021097592893682803, 0.018201527614173735, 0.11424431874501077, 0.19184289101325358, 0.6265315296835264, 0.005050114363466012, 0], [0, 0.0025861619251375603, 0.006281012087923927, 0.016160534899907212, 0.003540837946171988, 0.0024962120777284303, 0.0187836599527975, 0.07204506864571557, 0.2035075750949155, 0.6603075944683358, 0.01429134290136648, 0], [0, 0.017297443485494283, 0.01309549847631546, 0.015607865740646236, 0.0004697118672779655, 0.003033315537951393, 0.0033358396668367917, 0.14338420500420476, 0.1954679419133685, 0.6049779224559951, 0.0033302558519094473, 0], [0, 0.018657146284025778, 0.001629390744289843, 0.010808963178041791, 0.005540909399749763, 0.008669167602042206, 0.0032101977460184243, 0.39494942285373585, 0.24571213097044364, 0.30780184890913426, 0.003020822312518406, 0], [0, 0.007417877261863172, 0.005705095126916415, 0.0001393258821654248, 0.005638230009229162, 0.011579571869468864, 0.025986150509260127, 0.5077034348133125, 0.19194689085097094, 0.22263213587633007, 0.021251287800483364, 0], [0, 0.010127547223226315, 0.006949033323453076, 0.0010409606351029664, 0.01752434934944198, 0.009122832372063308, 0.003968484684795134, 0.6465917309959459, 0.16588747683728527, 0.13445440082585886, 0.00433318375282707, 0], [0, 0.005944645980622734, 0.00860570399125105, 0.032550718573946126, 0.01381179431338147, 0.005807161108117433, 0.0026502072041051806, 0.5466115125324983, 0.17298094095368707, 0.19220134120451451, 0.01883597413787611, 0], [0, 0, 0, 0, 0, 0, 0, 0, 0, 0, 0, 1]], [\'@\', \'a\', \'b\', \'c\', \'d\', \'e\', \'f\', \'g\', \'h\', \'i\', \'j\', \'$\'])", "([1, 0, 0, 0, 0, 0, 0, 0, 0, 0, 0, 0, 0], [[0, 1, 0, 0, 0, 0, 0, 0, 0, 0, 0, 0, 0], [0, 0.018181818181818184, 0.8, 0.018181818181818184, 0.018181818181818184, 0.018181818181818184, 0.018181818181818184, 0.018181818181818184, 0.018181818181818184, 0.018181818181818184, 0.018181818181818184, 0.018181818181818184, 0.018181818181818184], [0, 0, 0.02, 0.8, 0.02, 0.02, 0.02, 0.02, 0.02, 0.02, 0.02, 0.02, 0.02], [0, 0, 0, 0.022222222222222223, 0.8, 0.022222222222222223, 0.022222222222222223, 0.022222222222222223, 0.022222222222222223, 0.022222222222222223, 0.022222222222222223, 0.022222222222222223, 0.022222222222222223], [0, 0, 0, 0, 0.025, 0.8, 0.025, 0.025, 0.025, 0.025, 0.025, 0.025, 0.025], [0, 0, 0, 0, 0, 0.028571428571428574, 0.8, 0.028571428571428574, 0.028571428571428574, 0.028571428571428574, 0.028571428571428574, 0.028571428571428574, 0.028571428571428574], [0, 0, 0, 0, 0, 0, 0.03333333333333333, 0.8, 0.03333333333333333, 0.03333333333333333, 0.03333333333333333, 0.03333333333333333, 0.03333333333333333], [0, 0, 0, 0, 0, 0, 0, 0.04, 0.8, 0.04, 0.04, 0.04, 0.04], [0, 0, 0, 0, 0, 0, 0, 0, 0.05, 0.8, 0.05, 0.05, 0.05], [0, 0, 0, 0, 0, 0, 0, 0, 0, 0.06666666666666667, 0.8, 0.06666666666666667, 0.06666666666666667], [0, 0, 0, 0, 0, 0, 0, 0, 0, 0, 0.1, 0.8, 0.1], [0, 0, 0, 0, 0, 0, 0, 0, 0, 0, 0, 0.2, 0.8], [1, 0, 0, 0, 0, 0, 0, 0, 0, 0, 0, 0, 0]], [[1, 0, 0, 0, 0, 0, 0, 0, 0, 0, 0, 0], [0, 0.011368830805707653, 0.014887734337535706, 0.011822125180249773, 0.054679259490711875, 0.011116693376318754, 0.037286109901877154, 0.20391351799825283, 0.4295978897520602, 0.19815166581733712, 0.027176173339948977, 0], [0, 0.01124412625252401, 0.003947047485603836, 0.04135815682099394, 0.0644140205474573, 0.0028464847447495813, 0.04073795727199131, 0.37419354044070524, 0.3118929690544489, 0.1374244896980732, 0.011941207683452627, 0], [0, 0.006949337749969306, 0.012527839205543971, 0.06703967922588765, 0.07675498246880358, 0.0021675447224031694, 0.057300182533899145, 0.5089760009219283, 0.1820809769275254, 0.07453787257870635, 0.011665583665333056, 0], [0, 0.0009746279911213271, 0.011465884008736526, 0.052453665580583494, 0.0959092947927417, 0.015672338164888357, 0.11495079347522733, 0.48711797908095594, 0.16005965577964754, 0.041771389422290583, 0.01962437170380721, 0], [0, 0.006558286699570507, 0.0006051730975011018, 0.0672978803291145, 0.10093773122946319, 0.007065117442857324, 0.13604789751345756, 0.48741369110092025, 0.14570893638961718, 0.03357958564139383, 0.014785700556104566, 0], [0, 0.011580566962920343, 0.008649237623493754, 0.06676072550604295, 0.1263076251587015, 0.007337515250839744, 0.1491520476904797, 0.4892348791054233, 0.09913934746140932, 0.04102305023377584, 0.0008150050069134253, 0], [0, 0.01478095879380622, 0.007458104713365296, 0.06683051258746579, 0.09614225114522428, 0.008526548196599173, 0.12577522521267473, 0.542327654252975, 0.09342676019763183, 0.04429563962533402, 0.00043634527492351883, 0], [0, 0.014230154445411917, 1.1742386671122837e-05, 0.0629942014564848, 0.07687601100461029, 0.0066945879671304115, 0.1010313625967908, 0.5416720881768348, 0.13136838539972648, 0.05609916337881068, 0.009022303187528623, 0], [0, 0.00452160130548536, 0.014398350672775225, 0.040993377978469255, 0.08898456720692632, 0.007705839947953324, 0.03786717460383416, 0.5251895336179067, 0.1824949933845278, 0.08026721942684241, 0.01757734185527951, 0], [0, 0.00757768212762848, 0.014086246887972689, 0.034198929021237064, 0.037707922891351844, 0.009179084587933659, 0.058829717531488884, 0.5117013797759665, 0.1920397879127764, 0.10929057815885787, 0.025388671104786577, 0], [0, 0.011434957678141245, 0.004364496301129197, 0.04722576903334246, 0.039640252873907815, 0.007205106412539246, 0.07145081240909837, 0.3194513731012038, 0.27306878014463887, 0.19858973837644583, 0.027568713669553054, 0], [0, 0, 0, 0, 0, 0, 0, 0, 0, 0, 0, 1]], [\'@\', \'a\', \'b\', \'c\', \'d\', \'e\', \'f\', \'g\', \'h\', \'i\', \'j\', \'$\'])", "([1, 0, 0, 0, 0, 0, 0, 0, 0, 0, 0, 0, 0], [[0, 1, 0, 0, 0, 0, 0, 0, 0, 0, 0, 0, 0], [0, 0.018181818181818184, 0.8, 0.018181818181818184, 0.018181818181818184, 0.018181818181818184, 0.018181818181818184, 0.018181818181818184, 0.018181818181818184, 0.018181818181818184, 0.018181818181818184, 0.018181818181818184, 0.018181818181818184], [0, 0, 0.02, 0.8, 0.02, 0.02, 0.02, 0.02, 0.02, 0.02, 0.02, 0.02, 0.02], [0, 0, 0, 0.022222222222222223, 0.8, 0.022222222222222223, 0.022222222222222223, 0.022222222222222223, 0.022222222222222223, 0.022222222222222223, 0.022222222222222223, 0.022222222222222223, 0.022222222222222223], [0, 0, 0, 0, 0.025, 0.8, 0.025, 0.025, 0.025, 0.025, 0.025, 0.025, 0.025], [0, 0, 0, 0, 0, 0.028571428571428574, 0.8, 0.028571428571428574, 0.028571428571428574, 0.028571428571428574, 0.028571428571428574, 0.028571428571428574, 0.028571428571428574], [0, 0, 0, 0, 0, 0, 0.03333333333333333, 0.8, 0.03333333333333333, 0.03333333333333333, 0.03333333333333333, 0.03333333333333333, 0.03333333333333333], [0, 0, 0, 0, 0, 0, 0, 0.04, 0.8, 0.04, 0.04, 0.04, 0.04], [0, 0, 0, 0, 0, 0, 0, 0, 0.05, 0.8, 0.05, 0.05, 0.05], [0, 0, 0, 0, 0, 0, 0, 0, 0, 0.06666666666666667, 0.8, 0.06666666666666667, 0.06666666666666667], [0, 0, 0, 0, 0, 0, 0, 0, 0, 0, 0.1, 0.8, 0.1], [0, 0, 0, 0, 0, 0, 0, 0, 0, 0, 0, 0.2, 0.8], [1, 0, 0, 0, 0, 0, 0, 0, 0, 0, 0, 0, 0]], [[1, 0, 0, 0, 0, 0, 0, 0, 0, 0, 0, 0], [0, 0.005138022528926989, 0.015642710941924206, 0.008270155737291689, 0.0003710284936265046, 0.014053462042533544, 0.010362343165952073, 0.61916770104152, 0.20861960963453735, 0.10358558894877293, 0.014789377464914771, 0], [0, 0.003525703282221372, 0.0016882506762405578, 0.013137072304828872, 0.006098471386073307, 0.01396672176289858, 0.012796343681919183, 0.7335979928565196, 0.16827363162956324, 0.0458629708374744, 0.0010528415822607974, 0], [0, 0.004520983556233074, 0.007806139570795014, 0.00015484081090989834, 0.0008146469886516788, 0.005916864979789165, 0.007585820087625818, 0.521930103568409, 0.16384573450754286, 0.21205031345330028, 0.07537455247674325, 0], [0, 0.013185207969021732, 0.015164451912066123, 0.00218880047720242, 0.010210357375406645, 0.004701695165466151, 0.005902001050168666, 0.3379965433842999, 0.17377829262074077, 0.2868624391095228, 0.15001021093610475, 0], [0, 0.015270620543940745, 0.014526692175735623, 0.013014107205086807, 0.011790975593145766, 0.0023065792346916784, 0.00014178512232698322, 0.26740394394626654, 0.213525872926414, 0.27065144634477123, 0.19136797690762064, 0], [0, 0.009189120586749186, 0.016442290808199735, 0.016890640286957054, 0.004715631269272853, 0.0005014850990569601, 0.0027677362038392404, 0.33335074080938176, 0.205577494307231, 0.20920927661538433, 0.20135558401392778, 0], [0, 0.017578199650999573, 0.001522875465492325, 0.008882053210794619, 0.006405721932562717, 0.0016658869750509743, 0.01769812538715354, 0.41424406559227295, 0.2230765793248608, 0.206626119660119, 0.10230037280069344, 0], [0, 0.002936272785349332, 0.01609760403062414, 0.01394093612735531, 0.004530590405725646, 0.009723002143423826, 0.011128158362977867, 0.671609921007069, 0.15376983095709154, 0.07636385504856723, 0.03989982913181602, 0], [0, 0.008818433789564152, 0.011989018669734487, 0.015696030692348956, 0.013616980841876892, 0.001503122033615857, 0.0041726831855953585, 0.8529546732403226, 0.0651370298600543, 0.019944682060990898, 0.0061673456258964626, 0], [0, 0.013683887432367352, 0.00467722020457085, 0.007994476670400222, 0.007942765682055684, 0.01267498762