((11, 3.4), '([\'AAAAAAAAAAA\', \'BBBBBBBBBBB\', \'CCCCCCCCCCC\', \'DDDDDDDDDDD\', \'EEEEEEEEEEE\', \'FFFFFFFFFFF\', \'GGGGGGGGGGG\', \'HHHHHHHHHHH\', \'IIIIIIIIIII\', \'JJJJJJJJJJJ\', \'KKKKKKKKKKK\', \'LLLLLLLLLLL\', \'MMMMMMMMMMM\', \'NNNNNNNNNNN\', \'OOOOOOOOOOO\', \'PPPPPPPPPPP\', \'QQQQQQQQQQQ\', \'RRRRRRRRRRR\', \'SSSSSSSSSSS\', \'TTTTTTTTTTT\', \'UUUUUUUUUUU\', \'VVVVVVVVVVV\', \'WWWWWWWWWWW\', \'XXXXXXXXXXX\', \'YYYYYYYYYYY\', \'ZZZZZZZZZZZ\'], ["([1, 0, 0, 0, 0, 0, 0, 0, 0, 0, 0, 0, 0], [[0, 1, 0, 0, 0, 0, 0, 0, 0, 0, 0, 0, 0], [0, 0.018181818181818184, 0.8, 0.018181818181818184, 0.018181818181818184, 0.018181818181818184, 0.018181818181818184, 0.018181818181818184, 0.018181818181818184, 0.018181818181818184, 0.018181818181818184, 0.018181818181818184, 0.018181818181818184], [0, 0, 0.02, 0.8, 0.02, 0.02, 0.02, 0.02, 0.02, 0.02, 0.02, 0.02, 0.02], [0, 0, 0, 0.022222222222222223, 0.8, 0.022222222222222223, 0.022222222222222223, 0.022222222222222223, 0.022222222222222223, 0.022222222222222223, 0.022222222222222223, 0.022222222222222223, 0.022222222222222223], [0, 0, 0, 0, 0.025, 0.8, 0.025, 0.025, 0.025, 0.025, 0.025, 0.025, 0.025], [0, 0, 0, 0, 0, 0.028571428571428574, 0.8, 0.028571428571428574, 0.028571428571428574, 0.028571428571428574, 0.028571428571428574, 0.028571428571428574, 0.028571428571428574], [0, 0, 0, 0, 0, 0, 0.03333333333333333, 0.8, 0.03333333333333333, 0.03333333333333333, 0.03333333333333333, 0.03333333333333333, 0.03333333333333333], [0, 0, 0, 0, 0, 0, 0, 0.04, 0.8, 0.04, 0.04, 0.04, 0.04], [0, 0, 0, 0, 0, 0, 0, 0, 0.05, 0.8, 0.05, 0.05, 0.05], [0, 0, 0, 0, 0, 0, 0, 0, 0, 0.06666666666666667, 0.8, 0.06666666666666667, 0.06666666666666667], [0, 0, 0, 0, 0, 0, 0, 0, 0, 0, 0.1, 0.8, 0.1], [0, 0, 0, 0, 0, 0, 0, 0, 0, 0, 0, 0.2, 0.8], [1, 0, 0, 0, 0, 0, 0, 0, 0, 0, 0, 0, 0]], [[1, 0, 0, 0, 0, 0, 0, 0, 0, 0, 0, 0], [0, 0.007509925136708292, 0.013984492090943929, 0.017576391150354895, 0.007698161090877597, 0.004802035947060789, 0.0010699103721941213, 0.5058895174197499, 0.28636527548136864, 0.14711117773843443, 0.007993113572307505, 0], [0, 0.014365048054165828, 0.010699734460506208, 0.004957110663312462, 0.004287534818812483, 0.013461148436792228, 0.008370557334264549, 0.6991503049516442, 0.18206507182601106, 0.04894211022756146, 0.013701379226929412, 0], [0, 0.0029288861105542063, 0.010949557385283335, 0.013983738947434158, 0.010860389760392586, 0.0052566390328458255, 0.008986315167608758, 0.7414821392097225, 0.1676537084594872, 0.025732576520301, 0.012166049406370397, 0], [0, 0.010533202837988177, 0.0064810726570741425, 0.014206923141207629, 0.010852881451463283, 0.009610849644612078, 0.008077752889955154, 0.8008636209157839, 0.12384238159116516, 0.01414055034435181, 0.00139076452639869, 0], [0, 0.002274220300888546, 0.002331473034495863, 0.018011917619826644, 0.01674269891358919, 0.0017154707057364027, 0.006154859992449581, 0.8457595678958525, 0.08540331768172667, 0.00040076668051879983, 0.02120570717491585, 0], [0, 0.0003160276966080605, 0.003925462385467709, 0.009137641441514868, 0.020905134640966036, 0.004121421268882561, 0.005143263846026293, 0.8043236136833366, 0.12925217433050545, 0.005713436206451915, 0.017161824500240532, 0], [0, 0.0013038194364224799, 0.0008465422942722148, 0.00872647802483438, 0.0017429653575334859, 0.017324785545186055, 0.011649483717383894, 0.833112764127399, 0.10249687888966788, 0.011449375880068531, 0.011346906727231975, 0], [0, 0.003134293982378623, 0.00482838932383007, 0.015337562783250857, 0.0017404435865942505, 0.014649066421699119, 0.0077952091422558685, 0.8104849465482767, 0.12033113149513809, 0.015999497513228555, 0.0056994592033478295, 0], [0, 0.0076838496639503664, 0.0048818417182783964, 0.006529140810236348, 0.011662627327933134, 0.014622726819339614, 0.00201510482189612, 0.7264277600107071, 0.16838057318346641, 0.04862377201098715, 0.009172603633205403, 0], [0, 0.014206137576057447, 0.0003551316006428399, 0.0008671290141414502, 0.005664763681299053, 0.0011955437039245012, 0.011224835799751734, 0.751167889690618, 0.13134936977927408, 0.06989881393297533, 0.014070385221315485, 0], [0, 0.0006671916797751364, 0.007463230287722963, 0.0033944322823800427, 0.022314613733178168, 0.005187533650598737, 0.011577715128645506, 0.6064624651885652, 0.20219615241984762, 0.12640322987601674, 0.014333435753269801, 0], [0, 0, 0, 0, 0, 0, 0, 0, 0, 0, 0, 1]], [\'@\', \'a\', \'b\', \'c\', \'d\', \'e\', \'f\', \'g\', \'h\', \'i\', \'j\', \'$\'])", "([1, 0, 0, 0, 0, 0, 0, 0, 0, 0, 0, 0, 0], [[0, 1, 0, 0, 0, 0, 0, 0, 0, 0, 0, 0, 0], [0, 0.018181818181818184, 0.8, 0.018181818181818184, 0.018181818181818184, 0.018181818181818184, 0.018181818181818184, 0.018181818181818184, 0.018181818181818184, 0.018181818181818184, 0.018181818181818184, 0.018181818181818184, 0.018181818181818184], [0, 0, 0.02, 0.8, 0.02, 0.02, 0.02, 0.02, 0.02, 0.02, 0.02, 0.02, 0.02], [0, 0, 0, 0.022222222222222223, 0.8, 0.022222222222222223, 0.022222222222222223, 0.022222222222222223, 0.022222222222222223, 0.022222222222222223, 0.022222222222222223, 0.022222222222222223, 0.022222222222222223], [0, 0, 0, 0, 0.025, 0.8, 0.025, 0.025, 0.025, 0.025, 0.025, 0.025, 0.025], [0, 0, 0, 0, 0, 0.028571428571428574, 0.8, 0.028571428571428574, 0.028571428571428574, 0.028571428571428574, 0.028571428571428574, 0.028571428571428574, 0.028571428571428574], [0, 0, 0, 0, 0, 0, 0.03333333333333333, 0.8, 0.03333333333333333, 0.03333333333333333, 0.03333333333333333, 0.03333333333333333, 0.03333333333333333], [0, 0, 0, 0, 0, 0, 0, 0.04, 0.8, 0.04, 0.04, 0.04, 0.04], [0, 0, 0, 0, 0, 0, 0, 0, 0.05, 0.8, 0.05, 0.05, 0.05], [0, 0, 0, 0, 0, 0, 0, 0, 0, 0.06666666666666667, 0.8, 0.06666666666666667, 0.06666666666666667], [0, 0, 0, 0, 0, 0, 0, 0, 0, 0, 0.1, 0.8, 0.1], [0, 0, 0, 0, 0, 0, 0, 0, 0, 0, 0, 0.2, 0.8], [1, 0, 0, 0, 0, 0, 0, 0, 0, 0, 0, 0, 0]], [[1, 0, 0, 0, 0, 0, 0, 0, 0, 0, 0, 0], [0, 0.011143605009012942, 0.002928312673645736, 0.04870686370222931, 0.01262667625492783, 0.01582820980413301, 0.027391551664377713, 0.5706269966562035, 0.2125297534600125, 0.08858837703011944, 0.009629653745338152, 0], [0, 0.017926380175398365, 0.011360111149915168, 0.12687823928516917, 0.05122200591579201, 0.001176056976711217, 0.021467834264357163, 0.6324969298549324, 0.09833520132686581, 0.016177341134660288, 0.022959899916198352, 0], [0, 0.0009470894307289047, 0.006304544000472829, 0.03115139647120912, 0.04289427441310669, 0.013115714697098232, 0.040515009431850164, 0.7872169746860981, 0.0510157382342593, 0.013638186159667123, 0.0132010724755095, 0], [0, 0.004307381497276565, 0.015058831176322415, 0.06494036791914504, 0.011165096683456669, 0.005476630058523435, 0.012866976055286833, 0.8402930178834052, 0.03062624809231594, 0.0011642771608860864, 0.014101173473381799, 0], [0, 0.014910497962949047, 0.010853332192722697, 0.0035373457531116424, 0.00705572640503836, 0.01310158549800912, 0.0024697624227325134, 0.8995554503245141, 0.022103221177517195, 0.020860168527103304, 0.005552909736301924, 0], [0, 0.014506891258442496, 0.014800696819819917, 0.013279285074749918, 0.0013796074125636852, 0.0015775844893496371, 0.014846602919572117, 0.9211493916105089, 0.0034674534103016795, 0.008674170034842282, 0.006318316969849297, 0], [0, 0.006787790368515936, 0.002576689447820409, 0.003623995082672472, 0.007958112471776054, 0.00280273223592968, 0.0066234425051492985, 0.9300360667793789, 0.014376848738560561, 0.010571071210739965, 0.014643251159456775, 0], [0, 0.0012445184054865697, 0.013695569462743973, 0.013096745147674461, 0.004729671817174739, 0.011922521991335366, 0.013719597029674215, 0.919477462283174, 0.007507540214528158, 0.0018800003321476281, 0.012726373316061005, 0], [0, 0.013694352912893165, 0.013439079000612721, 0.001681452991475855, 0.006733904494098745, 0.01750051815010624, 0.001984079610461714, 0.8914833459538222, 0.03559124723483966, 0.003646740864457797, 0.014245278787231957, 0], [0, 0.004639575876765637, 0.0017667750442941729, 0.002660319288182901, 0.018713203138091977, 0.013578211540080985, 0.0007895724549594329, 0.9066936762787101, 0.030023670639111603, 0.006190892850076447, 0.0149441028897268, 0], [0, 0.01483216654129688, 0.007193244513463202, 0.004493130732980157, 0.003041513363641082, 0.001223887978359166, 0.016570252201369706, 0.9250234323078572, 0.0059629554441914066, 0.0030778659211942697, 0.01858155099564666, 0], [0, 0, 0, 0, 0, 0, 0, 0, 0, 0, 0, 1]], [\'@\', \'a\', \'b\', \'c\', \'d\', \'e\', \'f\', \'g\', \'h\', \'i\', \'j\', \'$\'])", "([1, 0, 0, 0, 0, 0, 0, 0, 0, 0, 0, 0, 0], [[0, 1, 0, 0, 0, 0, 0, 0, 0, 0, 0, 0, 0], [0, 0.018181818181818184, 0.8, 0.018181818181818184, 0.018181818181818184, 0.018181818181818184, 0.018181818181818184, 0.018181818181818184, 0.018181818181818184, 0.018181818181818184, 0.018181818181818184, 0.018181818181818184, 0.018181818181818184], [0, 0, 0.02, 0.8, 0.02, 0.02, 0.02, 0.02, 0.02, 0.02, 0.02, 0.02, 0.02], [0, 0, 0, 0.022222222222222223, 0.8, 0.022222222222222223, 0.022222222222222223, 0.022222222222222223, 0.022222222222222223, 0.022222222222222223, 0.022222222222222223, 0.022222222222222223, 0.022222222222222223], [0, 0, 0, 0, 0.025, 0.8, 0.025, 0.025, 0.025, 0.025, 0.025, 0.025, 0.025], [0, 0, 0, 0, 0, 0.028571428571428574, 0.8, 0.028571428571428574, 0.028571428571428574, 0.028571428571428574, 0.028571428571428574, 0.028571428571428574, 0.028571428571428574], [0, 0, 0, 0, 0, 0, 0.03333333333333333, 0.8, 0.03333333333333333, 0.03333333333333333, 0.03333333333333333, 0.03333333333333333, 0.03333333333333333], [0, 0, 0, 0, 0, 0, 0, 0.04, 0.8, 0.04, 0.04, 0.04, 0.04], [0, 0, 0, 0, 0, 0, 0, 0, 0.05, 0.8, 0.05, 0.05, 0.05], [0, 0, 0, 0, 0, 0, 0, 0, 0, 0.06666666666666667, 0.8, 0.06666666666666667, 0.06666666666666667], [0, 0, 0, 0, 0, 0, 0, 0, 0, 0, 0.1, 0.8, 0.1], [0, 0, 0, 0, 0, 0, 0, 0, 0, 0, 0, 0.2, 0.8], [1, 0, 0, 0, 0, 0, 0, 0, 0, 0, 0, 0, 0]], [[1, 0, 0, 0, 0, 0, 0, 0, 0, 0, 0, 0], [0, 0.0025942788051369903, 0.007922421471938917, 0.01125141014479243, 0.013007620457132019, 0.009405392582749132, 0.010980829988592192, 0.8960798663734859, 0.023952045785523682, 0.019809853870239834, 0.004996280520408811, 0], [0, 0.0017680174016164345, 0.015107903658293812, 0.013030018823628314, 0.012583415555235273, 0.003436549335704507, 0.0009980723545406599, 0.914047063626403, 0.01770892482751188, 0.002498017157322502, 0.018822017259743678, 0], [0, 0.00026540984699062036, 0.006294202381844026, 0.0184446402744184, 0.0042533024734618, 0.002282343863638112, 0.004031710905443795, 0.9163355945695064, 0.021889644742764315, 0.00936103452681651, 0.01684211641511598, 0], [0, 0.007641985531595855, 0.010758559420860413, 0.0036376909687860963, 0.007258760811165792, 0.01154497324220128, 0.008123541576788535, 0.9122005791919604, 0.02058910472195933, 0.005128769653427739, 0.013116034881254528, 0], [0, 0.003940219499335853, 0.003326053261293819, 0.00227608455379437, 0.018019590419804343, 0.016757733945196814, 0.001443306982350513, 0.861970831343561, 0.06465910672270872, 0.012555929726956046, 0.015051143544998447, 0], [0, 0.010484685646154068, 0.013974607848266518, 0.003932605573104152, 0.007872416012312493, 0.008898677810733424, 0.011249018893989575, 0.7322205740941897, 0.19550534845148423, 0.010388688822712636, 0.005473376847053022, 0], [0, 0.012974185461225134, 0.004725607084646676, 0.0024722988850751516, 0.00041981322171890604, 0.0209480056545374, 0.0032029294891940123, 0.5880656616579503, 0.2624332625809142, 0.092594319596863, 0.0121639163678753, 0], [0, 0.008771556051093437, 0.0071493761965901225, 0.010059752496792449, 0.011461671010979245, 0.013908551839663753, 0.00811042468962846, 0.5223461092548686, 0.2938992279112247, 0.11411942531017322, 0.010173905238986007, 0], [0, 0.008519315900259027, 0.00965722192581043, 0.00018304260159049754, 0.018426906737583612, 0.0001417441718437223, 0.005970429860787066, 0.4883775192240797, 0.23798147763665906, 0.18685164518548758, 0.04389069675589932, 0], [0, 0.0022056846342368144, 0.012984471634516562, 0.0010086121862843554, 0.008602085162232107, 0.012074950381584248, 0.011885813443960681, 0.41172559029694356, 0.29345109601660785, 0.1570360986815343, 0.08902559756209964, 0], [0, 0.01706609584107058, 0.005277895016160656, 0.006441160865650509, 0.014328846007565265, 0.011487201025108846, 0.0013848274486324141, 0.4107516152187106, 0.2733990771262889, 0.21999249896747225, 0.03987078248333996, 0], [0, 0, 0, 0, 0, 0, 0, 0, 0, 0, 0, 1]], [\'@\', \'a\', \'b\', \'c\', \'d\', \'e\', \'f\', \'g\', \'h\', \'i\', \'j\', \'$\'])", "([1, 0, 0, 0, 0, 0, 0, 0, 0, 0, 0, 0, 0], [[0, 1, 0, 0, 0, 0, 0, 0, 0, 0, 0, 0, 0], [0, 0.018181818181818184, 0.8, 0.018181818181818184, 0.018181818181818184, 0.018181818181818184, 0.018181818181818184, 0.018181818181818184, 0.018181818181818184, 0.018181818181818184, 0.018181818181818184, 0.018181818181818184, 0.018181818181818184], [0, 0, 0.02, 0.8, 0.02, 0.02, 0.02, 0.02, 0.02, 0.02, 0.02, 0.02, 0.02], [0, 0, 0, 0.022222222222222223, 0.8, 0.022222222222222223, 0.022222222222222223, 0.022222222222222223, 0.022222222222222223, 0.022222222222222223, 0.022222222222222223, 0.022222222222222223, 0.022222222222222223], [0, 0, 0, 0, 0.025, 0.8, 0.025, 0.025, 0.025, 0.025, 0.025, 0.025, 0.025], [0, 0, 0, 0, 0, 0.028571428571428574, 0.8, 0.028571428571428574, 0.028571428571428574, 0.028571428571428574, 0.028571428571428574, 0.028571428571428574, 0.028571428571428574], [0, 0, 0, 0, 0, 0, 0.03333333333333333, 0.8, 0.03333333333333333, 0.03333333333333333, 0.03333333333333333, 0.03333333333333333, 0.03333333333333333], [0, 0, 0, 0, 0, 0, 0, 0.04, 0.8, 0.04, 0.04, 0.04, 0.04], [0, 0, 0, 0, 0, 0, 0, 0, 0.05, 0.8, 0.05, 0.05, 0.05], [0, 0, 0, 0, 0, 0, 0, 0, 0, 0.06666666666666667, 0.8, 0.06666666666666667, 0.06666666666666667], [0, 0, 0, 0, 0, 0, 0, 0, 0, 0, 0.1, 0.8, 0.1], [0, 0, 0, 0, 0, 0, 0, 0, 0, 0, 0, 0.2, 0.8], [1, 0, 0, 0, 0, 0, 0, 0, 0, 0, 0, 0, 0]], [[1, 0, 0, 0, 0, 0, 0, 0, 0, 0, 0, 0], [0, 0.016273466737647697, 0.0009704185276543921, 0.04200237715972708, 0.05395827759268052, 0.015052067209510018, 0.03867578079355147, 0.5312314760372828, 0.1899395081685693, 0.09147572957743919, 0.0204208981959375, 0], [0, 0.014813297677247837, 0.0053155614335802315, 0.16456838746669575, 0.03770963396201842, 0.011245034250497613, 0.02906487234824361, 0.6260982954466872, 0.06729861654140201, 0.03439074698317794, 0.009495553890449489, 0], [0, 0.007217620946846499, 0.011872204210285581, 0.019911965669895896, 0.012763025525939704, 0.011138286274391666, 0.017454691125788936, 0.8121344021418365, 0.06692382419921881, 0.027223884898666357, 0.013360095007129915, 0], [0, 0.011369079563144724, 0.013417589036081763, 0.030566846920237974, 0.015507371123666824, 0.003897010310310706, 0.013948536469945096, 0.7296844435471378, 0.14945548261417566, 0.019754665976518912, 0.012398974438780637, 0], [0, 0.004380661542699099, 0.018686969215296573, 0.006620923365724893, 0.012699229184153074, 0.0015585396517310644, 0.005750479792757692, 0.8340694134379866, 0.06936262443680834, 0.04640776577156004, 0.0004633936012826104, 0], [0, 0.007503801787155458, 0.01146423258626444, 0.012592521329052107, 0.002679871833898291, 0.009505082602944498, 0.011012326354995489, 0.7597611381298063, 0.15160832743240887, 0.02977989044478654, 0.0040928074986879975, 0], [0, 0.0015216234050554039, 0.00180071768713199, 0.021343205489383045, 0.011801324529263075, 0.021475419892157083, 0.007357168360174007, 0.8739044582595153, 0.03848635997213893, 0.017002353359072714, 0.005307369046108543, 0], [0, 0.0023437732314218617, 0.012338546122225865, 0.004322931694875135, 0.0019514915890459063, 0.015281712142846201, 0.010012172790470045, 0.8853359710395707, 0.04796368265874906, 0.01501454355329978, 0.005435175177495458, 0], [0, 0.004213283196756766, 0.006945268575137418, 0.015376616913086154, 0.00864547423681831, 0.010648800625983336, 0.012243272239886138, 0.9137021269810974, 0.012382199547970246, 0.012863801829407159, 0.0029791558538569637, 0], [0, 0.012967988762060473, 0.01764814592637263, 0.009772028363968822, 0.0019155538583690728, 0.0030446430529309713, 0.007018334424089124, 0.9167831594410835, 0.012480957812686324, 0.00014312346215445898, 0.018226064896284703, 0], [0, 0.005048043796482931, 0.004715748540162211, 0.006106487777682151, 0.014689167571170721, 0.013681271258526717, 0.001423787119930498, 0.9160065723615454, 0.01603960855216696, 0.019593238783196243, 0.0026960742391362196, 0], [0, 0, 0, 0, 0, 0, 0, 0, 0, 0, 0, 1]], [\'@\', \'a\', \'b\', \'c\', \'d\', \'e\', \'f\', \'g\', \'h\', \'i\', \'j\', \'$\'])", "([1, 0, 0, 0, 0, 0, 0, 0, 0, 0, 0, 0, 0], [[0, 1, 0, 0, 0, 0, 0, 0, 0, 0, 0, 0, 0], [0, 0.018181818181818184, 0.8, 0.018181818181818184, 0.018181818181818184, 0.018181818181818184, 0.018181818181818184, 0.018181818181818184, 0.018181818181818184, 0.018181818181818184, 0.018181818181818184, 0.018181818181818184, 0.018181818181818184], [0, 0, 0.02, 0.8, 0.02, 0.02, 0.02, 0.02, 0.02, 0.02, 0.02, 0.02, 0.02], [0, 0, 0, 0.022222222222222223, 0.8, 0.022222222222222223, 0.022222222222222223, 0.022222222222222223, 0.022222222222222223, 0.022222222222222223, 0.022222222222222223, 0.022222222222222223, 0.022222222222222223], [0, 0, 0, 0, 0.025, 0.8, 0.025, 0.025, 0.025, 0.025, 0.025, 0.025, 0.025], [0, 0, 0, 0, 0, 0.028571428571428574, 0.8, 0.028571428571428574, 0.028571428571428574, 0.028571428571428574, 0.028571428571428574, 0.028571428571428574, 0.028571428571428574], [0, 0, 0, 0, 0, 0, 0.03333333333333333, 0.8, 0.03333333333333333, 0.03333333333333333, 0.03333333333333333, 0.03333333333333333, 0.03333333333333333], [0, 0, 0, 0, 0, 0, 0, 0.04, 0.8, 0.04, 0.04, 0.04, 0.04], [0, 0, 0, 0, 0, 0, 0, 0, 0.05, 0.8, 0.05, 0.05, 0.05], [0, 0, 0, 0, 0, 0, 0, 0, 0, 0.06666666666666667, 0.8, 0.06666666666666667, 0.06666666666666667], [0, 0, 0, 0, 0, 0, 0, 0, 0, 0, 0.1, 0.8, 0.1], [0, 0, 0, 0, 0, 0, 0, 0, 0, 0, 0, 0.2, 0.8], [1, 0, 0, 0, 0, 0, 0, 0, 0, 0, 0, 0, 0]], [[1, 0, 0, 0, 0, 0, 0, 0, 0, 0, 0, 0], [0, 0.006360756473732336, 0.015656894473516585, 0.12829763081029905, 0.05465735241823607, 0.0066202641779110356, 0.00516762455623723, 0.6497952395682368, 0.1101025915901992, 0.016176143213121438, 0.007165502718510234, 0], [0, 0.008137043887093465, 0.01647839391589887, 0.043160036776706434, 0.010836007740584835, 0.005443727032639087, 0.024738076245778957, 0.8427461834250535, 0.030657651968730635, 0.010899489418637952, 0.0069033895888762405, 0], [0, 0.017690418642821518, 0.013350983193731908, 0.006295096886207229, 0.011042871191569518, 0.0031355843066844385, 0.0042103188908821755, 0.8868615493717624, 0.03608272150690029, 0.011833656108093329, 0.00949679990134704, 0], [0, 0.016725510076803653, 0.00185739828781906, 0.009179587463085705, 0.00443988893199238, 0.018172132597032795, 0.003105352808069366, 0.8600459202504162, 0.06783626177354929, 0.005140720130115265, 0.013497227681116344, 0], [0, 0.004628351786031004, 0.00954403740029798, 0.0022801392703211904, 0.006754347941716197, 0.01237698713139716, 0.013311618985072696, 0.8566065091819864, 0.07487401865919233, 0.018620688262190876, 0.0010033013817942386, 0], [0, 0.005526613223492434, 0.011479502280480945, 0.011724554429666854, 0.012781616505216182, 0.008316770040813277, 3.7149797880734165e-05, 0.863376146570623, 0.06659445840810431, 0.012810683987512098, 0.007352504756210194, 0], [0, 0.009123728471051428, 0.0022471076511552768, 0.00850516825452758, 0.002197521746932398, 0.006958460186915034, 0.007341131409676653, 0.8468302787795058, 0.09022227036390137, 0.0012062724452034917, 0.02536806069113106, 0], [0, 0.008591831296874198, 0.000881916356748567, 0.017617168543992284, 0.021767380194170162, 0.010920477456873825, 0.0009677009874948978, 0.8108082048719162, 0.08542170285187695, 0.030144230745839537, 0.012879386694213525, 0], [0, 0.0129057635339077, 0.011679529840441193, 0.008759305452475755, 0.015590345979698406, 0.004417417709814991, 0.010910255961398604, 0.6631634288792583, 0.20017296164786796, 0.05374096951869642, 0.01866002147644055, 0], [0, 0.012726269838463963, 0.006619189497060517, 0.0064444833432400934, 0.007435425661972789, 0.009177003629206506, 0.007738368473746798, 0.6212995648767794, 0.17601326825362423, 0.13526598769054773, 0.017280438735358013, 0], [0, 0.0064925203773324594, 0.008334087097299223, 0.01526727733534817, 0.014158884094081161, 0.008658069351152516, 0.003369633233430796, 0.43401347593163286, 0.26396583792091954, 0.23657809374965783, 0.009162120909145453, 0], [0, 0, 0, 0, 0, 0, 0, 0, 0, 0, 0, 1]], [\'@\', \'a\', \'b\', \'c\', \'d\', \'e\', \'f\', \'g\', \'h\', \'i\', \'j\', \'$\'])", "([1, 0, 0, 0, 0, 0, 0, 0, 0, 0, 0, 0, 0], [[0, 1, 0, 0, 0, 0, 0, 0, 0, 0, 0, 0, 0], [0, 0.018181818181818184, 0.8, 0.018181818181818184, 0.018181818181818184, 0.018181818181818184, 0.018181818181818184, 0.018181818181818184, 0.018181818181818184, 0.018181818181818184, 0.018181818181818184, 0.018181818181818184, 0.018181818181818184], [0, 0, 0.02, 0.8, 0.02, 0.02, 0.02, 0.02, 0.02, 0.02, 0.02, 0.02, 0.02], [0, 0, 0, 0.022222222222222223, 0.8, 0.022222222222222223, 0.022222222222222223, 0.022222222222222223, 0.022222222222222223, 0.022222222222222223, 0.022222222222222223, 0.022222222222222223, 0.022222222222222223], [0, 0, 0, 0, 0.025, 0.8, 0.025, 0.025, 0.025, 0.025, 0.025, 0.025, 0.025], [0, 0, 0, 0, 0, 0.028571428571428574, 0.8, 0.028571428571428574, 0.028571428571428574, 0.028571428571428574, 0.028571428571428574, 0.028571428571428574, 0.028571428571428574], [0, 0, 0, 0, 0, 0, 0.03333333333333333, 0.8, 0.03333333333333333, 0.03333333333333333, 0.03333333333333333, 0.03333333333333333, 0.03333333333333333], [0, 0, 0, 0, 0, 0, 0, 0.04, 0.8, 0.04, 0.04, 0.04, 0.04], [0, 0, 0, 0, 0, 0, 0, 0, 0.05, 0.8, 0.05, 0.05, 0.05], [0, 0, 0, 0, 0, 0, 0, 0, 0, 0.06666666666666667, 0.8, 0.06666666666666667, 0.06666666666666667], [0, 0, 0, 0, 0, 0, 0, 0, 0, 0, 0.1, 0.8, 0.1], [0, 0, 0, 0, 0, 0, 0, 0, 0, 0, 0, 0.2, 0.8], [1, 0, 0, 0, 0, 0, 0, 0, 0, 0, 0, 0, 0]], [[1, 0, 0, 0, 0, 0, 0, 0, 0, 0, 0, 0], [0, 0.012177282409634864, 0.007779606038865436, 0.06932095935248428, 0.03490053353648547, 0.01328521618885587, 0.1308654680100932, 0.4827402099724452, 0.1617973691458249, 0.07731988519215752, 0.009813470153153262, 0], [0, 0.005187553699673587, 0.011175693377362041, 0.05542239223717728, 0.030882844766551065, 0.01201030685257056, 0.08355783649733245, 0.6575662705063684, 0.10360072987420664, 0.03995116916822315, 0.0006452030205347882, 0], [0, 0.007506239060762186, 0.006023924436024666, 0.04885931990856659, 0.017289326520743845, 0.006113430942183957, 0.005250308020925774, 0.6600771311339765, 0.23157649527327573, 0.015345211522424728, 0.001958613181116199, 0], [0, 0.002294777531109233, 0.004775166797277281, 0.010763871220627738, 0.001227510545319492, 0.01235088177768693, 0.014090157209337277, 0.5886419088352365, 0.34671871867388926, 0.009601100269673014, 0.009535907139843439, 0], [0, 0.006558149113543072, 0.007658007702386093, 0.0009646606685420093, 0.01575714330848363, 0.014757293997690588, 0.007639273867063126, 0.439291083123663, 0.4901552631508933, 0.010748755400478264, 0.006470369667256892, 0], [0, 0.0022040361625531237, 0.002534310576080525, 0.009516614464112965, 0.011265292641731716, 0.01034932171505475, 0.0002754577379506432, 0.47888105282474147, 0.45781726884238905, 0.018613920626628623, 0.008542724408757163, 0], [0, 0.015619115252745357, 0.013247952646279417, 0.005080160491400624, 0.008584162711626913, 0.01187511782427921, 0.0031426550310022215, 0.46027342068914984, 0.4661375708977942, 0.013999413483788586, 0.002040430971933831, 0], [0, 0.0032435996410968147, 0.0014497802769614814, 0.008052663585189343, 0.008584248128460491, 0.012111436952693136, 0.013682749580678047, 0.4901892806640077, 0.435567631797912, 0.022408802148784702, 0.00470980722421616, 0], [0, 0.001110158364443721, 0.01564593624825231, 0.016747326564013978, 0.015487795088488713, 0.004726173438113854, 0.0004373368189618249, 0.48116201987585716, 0.383063687800747, 0.06547258706057159, 0.016146978740549843, 0], [0, 0.011698789147716831, 0.00993134317008495, 0.013554252674536136, 0.012584830375881165, 0.007769000713991287, 0.007671949673063442, 0.44732387467151397, 0.3292087661801255, 0.14793554065752362, 0.012321652735563108, 0], [0, 0.00798714835375587, 0.015657579318420742, 0.00010535981889667662, 0.015075042405103227, 0.010870459254472165, 0.008090936281600966, 0.31383823635455643, 0.3280677069813066, 0.2949379050217549, 0.005369626210132421, 0], [0, 0, 0, 0, 0, 0, 0, 0, 0, 0, 0, 1]], [\'@\', \'a\', \'b\', \'c\', \'d\', \'e\', \'f\', \'g\', \'h\', \'i\', \'j\', \'$\'])", "([1, 0, 0, 0, 0, 0, 0, 0, 0, 0, 0, 0, 0], [[0, 1, 0, 0, 0, 0, 0, 0, 0, 0, 0, 0, 0], [0, 0.018181818181818184, 0.8, 0.018181818181818184, 0.018181818181818184, 0.018181818181818184, 0.018181818181818184, 0.018181818181818184, 0.018181818181818184, 0.018181818181818184, 0.018181818181818184, 0.018181818181818184, 0.018181818181818184], [0, 0, 0.02, 0.8, 0.02, 0.02, 0.02, 0.02, 0.02, 0.02, 0.02, 0.02, 0.02], [0, 0, 0, 0.022222222222222223, 0.8, 0.022222222222222223, 0.022222222222222223, 0.022222222222222223, 0.022222222222222223, 0.022222222222222223, 0.022222222222222223, 0.022222222222222223, 0.022222222222222223], [0, 0, 0, 0, 0.025, 0.8, 0.025, 0.025, 0.025, 0.025, 0.025, 0.025, 0.025], [0, 0, 0, 0, 0, 0.028571428571428574, 0.8, 0.028571428571428574, 0.028571428571428574, 0.028571428571428574, 0.028571428571428574, 0.028571428571428574, 0.028571428571428574], [0, 0, 0, 0, 0, 0, 0.03333333333333333, 0.8, 0.03333333333333333, 0.03333333333333333, 0.03333333333333333, 0.03333333333333333, 0.03333333333333333], [0, 0, 0, 0, 0, 0, 0, 0.04, 0.8, 0.04, 0.04, 0.04, 0.04], [0, 0, 0, 0, 0, 0, 0, 0, 0.05, 0.8, 0.05, 0.05, 0.05], [0, 0, 0, 0, 0, 0, 0, 0, 0, 0.06666666666666667, 0.8, 0.06666666666666667, 0.06666666666666667], [0, 0, 0, 0, 0, 0, 0, 0, 0, 0, 0.1, 0.8, 0.1], [0, 0, 0, 0, 0, 0, 0, 0, 0, 0, 0, 0.2, 0.8], [1, 0, 0, 0, 0, 0, 0, 0, 0, 0, 0, 0, 0]], [[1, 0, 0, 0, 0, 0, 0, 0, 0, 0, 0, 0], [0, 0.006543801321795247, 0.014826467486889715, 0.013067549960489899, 0.012574436624795328, 0.004567241415772185, 0.005440475390998019, 0.8799482792743252, 0.038775010827262216, 0.023577050654544008, 0.0006796870431280672, 0], [0, 0.014000649584057794, 0.006595848986560406, 0.013007667197691891, 0.008016627409124526, 0.004791742457594664, 0.013443169576711805, 0.910343816311776, 0.014623087395712992, 0.004214802944101768, 0.010962588136668137, 0], [0, 0.00019944681431868316, 0.005748631054732928, 0.009990773551632083, 0.006731693483321094, 0.021052827236755244, 0.00277841106767155, 0.8846190354447964, 0.04710008490178731, 0.009905599615556841, 0.01187349682942793, 0], [0, 0.00883241298682524, 0.011743811513149946, 0.006701257930567458, 0.016886986230378768, 0.006229642830066785, 0.00046416683067241466, 0.8784799301984314, 0.04212745495714037, 0.020611740045130438, 0.007922596477637142, 0], [0, 0.009022909268470818, 0.015280197436462584, 0.005318768601572385, 0.008300446201931292, 0.00931768453263189, 0.010107727754581783, 0.8447375826826358, 0.04558165842558477, 0.045244691550532797, 0.007088333545595829, 0], [0, 0.007281133090188081, 0.005960766443247308, 0.007811390084098201, 0.005736545856380713, 0.008094308523182485, 0.014906896251779466, 0.8730007909442898, 0.0480334071151618, 0.02673397176764947, 0.0024407899240225196, 0], [0, 0.012681604391174845, 0.008120404043666643, 0.006361635774483848, 0.0051803082288869005, 0.0030613643447025473, 0.018417586447156117, 0.8631969490536144, 0.06450420189662669, 0.0026821250960096066, 0.015793820723678388, 0], [0, 0.00637470733405409, 0.0072450503574829, 0.012111152883536796, 0.011187722914816246, 0.012694204237398449, 0.008568935473740394, 0.8707787937183968, 0.04687565846110812, 0.021080906613958308, 0.0030828680055079846, 0], [0, 0.007448154159467404, 0.010141321105815393, 0.0011917072541758893, 0.01576745742218667, 0.011303043132220865, 0.008529409253147805, 0.9239268636886842, 0.0003992812419772238, 0.008742555818199183, 0.012550206924125201, 0], [0, 0.0013665822676615232, 0.012511781584059143, 0.0078082673709263545, 0.015110113719657174, 0.010769951215620072, 0.009001674706144859, 0.9022018431917439, 0.0160147211514035, 0.015141568401473493, 0.010073496391309996, 0], [0, 0.0001128702227098013, 0.010869051401170659, 0.013178822929347706, 0.0068441480587888934, 0.007015005520091879, 0.015226436752056293, 0.8452042420447172, 0.05784653373546907, 0.030288309169653256, 0.013414580165995131, 0], [0, 0, 0, 0, 0, 0, 0, 0, 0, 0, 0, 1]], [\'@\', \'a\', \'b\', \'c\', \'d\', \'e\', \'f\', \'g\', \'h\', \'i\', \'j\', \'$\'])", "([1, 0, 0, 0, 0, 0, 0, 0, 0, 0, 0, 0, 0], [[0, 1, 0, 0, 0, 0, 0, 0, 0, 0, 0, 0, 0], [0, 0.018181818181818184, 0.8, 0.018181818181818184, 0.018181818181818184, 0.018181818181818184, 0.018181818181818184, 0.018181818181818184, 0.018181818181818184, 0.018181818181818184, 0.018181818181818184, 0.018181818181818184, 0.018181818181818184], [0, 0, 0.02, 0.8, 0.02, 0.02, 0.02, 0.02, 0.02, 0.02, 0.02, 0.02, 0.02], [0, 0, 0, 0.022222222222222223, 0.8, 0.022222222222222223, 0.022222222222222223, 0.022222222222222223, 0.022222222222222223, 0.022222222222222223, 0.022222222222222223, 0.022222222222222223, 0.022222222222222223], [0, 0, 0, 0, 0.025, 0.8, 0.025, 0.025, 0.025, 0.025, 0.025, 0.025, 0.025], [0, 0, 0, 0, 0, 0.028571428571428574, 0.8, 0.028571428571428574, 0.028571428571428574, 0.028571428571428574, 0.028571428571428574, 0.028571428571428574, 0.028571428571428574], [0, 0, 0, 0, 0, 0, 0.03333333333333333, 0.8, 0.03333333333333333, 0.03333333333333333, 0.03333333333333333, 0.03333333333333333, 0.03333333333333333], [0, 0, 0, 0, 0, 0, 0, 0.04, 0.8, 0.04, 0.04, 0.04, 0.04], [0, 0, 0, 0, 0, 0, 0, 0, 0.05, 0.8, 0.05, 0.05, 0.05], [0, 0, 0, 0, 0, 0, 0, 0, 0, 0.06666666666666667, 0.8, 0.06666666666666667, 0.06666666666666667], [0, 0, 0, 0, 0, 0, 0, 0, 0, 0, 0.1, 0.8, 0.1], [0, 0, 0, 0, 0, 0, 0, 0, 0, 0, 0, 0.2, 0.8], [1, 0, 0, 0, 0, 0, 0, 0, 0, 0, 0, 0, 0]], [[1, 0, 0, 0, 0, 0, 0, 0, 0, 0, 0, 0], [0, 0.008031417009390899, 0.0115150885824356, 0.05707486948018552, 0.08249461537913842, 0.005268233731517889, 0.12195825399641139, 0.29323983643400314, 0.20073466595553194, 0.2075941236457025, 0.012088895785682858, 0], [0, 0.002389049031395153, 0.01298461258602683, 0.031094786701058797, 0.03481335225772269, 0.01073985427194603, 0.03455211905215115, 0.5885678446752818, 0.19112612528617298, 0.06927566203637885, 0.024456594101865705, 0], [0, 0.012271256626699908, 0.012776718595119444, 0.010181474647655054, 0.006682768810593779, 0.015160486759619672, 0.006906758680747747, 0.30829014554010997, 0.2481920394664124, 0.37855689191045977, 0.0009814589625822742, 0], [0, 0.00043230063596595827, 0.006226434318696518, 0.0066575075730910755, 0.007321940915638912, 0.003619677639242043, 0.003357007944698195, 0.1757064177230406, 0.25705212908028535, 0.5302386220834504, 0.009387962085890992, 0], [0, 0.006582942096354956, 0.008059762488349225, 0.007951289252263835, 0.014735589186877032, 0.014230795642060843, 0.007000644958301703, 0.11201980864188026, 0.20450199090766866, 0.623262667379415, 0.001654509446828468, 0], [0, 0.01022807326778051, 0.014807581230421198, 0.000491981293310211, 0.009116669809014478, 0.0031162209497944873, 0.01316109301758999, 0.0685439589332091, 0.2018430575879582, 0.6709162169114453, 0.007775146999476497, 0], [0, 0.006651976887637173, 0.0024703427520436547, 0.01023749534262361, 0.014755310321649865, 0.009827833929332097, 0.0016044128367705705, 0.14742831700407225, 0.19414907597542588, 0.6070849586612449, 0.0057902762892000255, 0], [0, 0.0052285848141230135, 0.00073171033791776, 0.0013831182168097442, 0.0067234526868616, 0.012291867193841764, 0.01532605379651173, 0.3925808397228743, 0.25156237550777144, 0.30775479108738807, 0.006417206635900558, 0], [0, 0.005201760876572959, 0.0009071738489577842, 0.013464928758957209, 0.009974274410730816, 0.0073058289194854395, 0.02346434377040403, 0.5015316798133604, 0.20152626591617323, 0.23481212895845296, 0.0018116147269052127, 0], [0, 0.0040031649952542965, 0.011756969922516663, 0.017858190115098507, 0.004651491116712745, 0.017563134944397166, 0.0024883906765433153, 0.6234523380677337, 0.17947462372772904, 0.12725881029503688, 0.011492886138977611, 0], [0, 0.008008219230576515, 0.005484523613070312, 0.06747000054714088, 0.03605115876508744, 0.01421536654413112, 0.03391829941642852, 0.5071383300887389, 0.15623775264593512, 0.16871635765620022, 0.002759991492690984, 0], [0, 0, 0, 0, 0, 0, 0, 0, 0, 0, 0, 1]], [\'@\', \'a\', \'b\', \'c\', \'d\', \'e\', \'f\', \'g\', \'h\', \'i\', \'j\', \'$\'])", "([1, 0, 0, 0, 0, 0, 0, 0, 0, 0, 0, 0, 0], [[0, 1, 0, 0, 0, 0, 0, 0, 0, 0, 0, 0, 0], [0, 0.018181818181818184, 0.8, 0.018181818181818184, 0.018181818181818184, 0.018181818181818184, 0.018181818181818184, 0.018181818181818184, 0.018181818181818184, 0.018181818181818184, 0.018181818181818184, 0.018181818181818184, 0.018181818181818184], [0, 0, 0.02, 0.8, 0.02, 0.02, 0.02, 0.02, 0.02, 0.02, 0.02, 0.02, 0.02], [0, 0, 0, 0.022222222222222223, 0.8, 0.022222222222222223, 0.022222222222222223, 0.022222222222222223, 0.022222222222222223, 0.022222222222222223, 0.022222222222222223, 0.022222222222222223, 0.022222222222222223], [0, 0, 0, 0, 0.025, 0.8, 0.025, 0.025, 0.025, 0.025, 0.025, 0.025, 0.025], [0, 0, 0, 0, 0, 0.028571428571428574, 0.8, 0.028571428571428574, 0.028571428571428574, 0.028571428571428574, 0.028571428571428574, 0.028571428571428574, 0.028571428571428574], [0, 0, 0, 0, 0, 0, 0.03333333333333333, 0.8, 0.03333333333333333, 0.03333333333333333, 0.03333333333333333, 0.03333333333333333, 0.03333333333333333], [0, 0, 0, 0, 0, 0, 0, 0.04, 0.8, 0.04, 0.04, 0.04, 0.04], [0, 0, 0, 0, 0, 0, 0, 0, 0.05, 0.8, 0.05, 0.05, 0.05], [0, 0, 0, 0, 0, 0, 0, 0, 0, 0.06666666666666667, 0.8, 0.06666666666666667, 0.06666666666666667], [0, 0, 0, 0, 0, 0, 0, 0, 0, 0, 0.1, 0.8, 0.1], [0, 0, 0, 0, 0, 0, 0, 0, 0, 0, 0, 0.2, 0.8], [1, 0, 0, 0, 0, 0, 0, 0, 0, 0, 0, 0, 0]], [[1, 0, 0, 0, 0, 0, 0, 0, 0, 0, 0, 0], [0, 0.003041495435891111, 0.0022961513999045498, 0.011061641307853315, 0.0691208719138332, 0.015309759978808696, 0.05285988004452022, 0.2062507898252554, 0.42341276108888565, 0.19450844359946287, 0.022138205405584838, 0], [0, 0.008885341897559301, 0.010986423300806337, 0.03869757126280811, 0.09443882948640502, 0.012711980204656631, 0.0524555292374206, 0.35367443286773137, 0.29187625972231096, 0.119652789374509, 0.016620842645792624, 0], [0, 0.013944900429498898, 0.012886324739668496, 0.09117519426699949, 0.08590486607394948, 0.009923202953993066, 0.06582803923641417, 0.47580386041856065, 0.16583444343419332, 0.054841248659046236, 0.023857919787676155, 0], [0, 0.015332725594525821, 0.007949552615214503, 0.07854910639402544, 0.08604441822769067, 0.015760399154794203, 0.12363142954341874, 0.4556948339326207, 0.16275835331502114, 0.033976665946829306, 0.02030251527585956, 0], [0, 0.0037992643200193215, 0.01131199663285979, 0.10007815282723721, 0.10186252809447191, 0.011595134947702557, 0.127791172891124, 0.46183352348272366, 0.14176829030703164, 0.03692113938639261, 0.0030387971104373444, 0], [0, 0.004851244864717491, 0.016248288224950176, 0.1453934186901726, 0.11445249594960172, 0.025551086136179842, 0.1467229575317627, 0.4146383220669563, 0.0951896812171397, 0.018922557213108097, 0.018029948105411413, 0], [0, 0.0004076141779589269, 0.0030349913594722856, 0.09138401413129472, 0.09042093080375406, 0.01248925375834343, 0.13214530778902092, 0.5284473293986667, 0.09357680265816141, 0.02924242895067236, 0.018851326972655152, 0], [0, 0.010595953993070555, 0.0024715434591085824, 0.11321681469812815, 0.07963668878504233, 0.016556294612077166, 0.10005024458832099, 0.4864598928321467, 0.13557863611438523, 0.04471206263404311, 0.010721868283677119, 0], [0, 0.01359442729944987, 0.014848478874987614, 0.06530764776451477, 0.09184048124235959, 0.01292386228935358, 0.04922065800310228, 0.492901790690611, 0.16451878979142717, 0.08267220701640259, 0.012171657027791487, 0], [0, 0.014714985158269016, 0.013134014451289476, 0.05721587282595792, 0.039992036392406095, 0.01213423419072083, 0.07358792521783962, 0.48654595843212156, 0.18744964777927417, 0.09435478583532297, 0.02087053971679847, 0], [0, 0.025424000902628675, 0.002154192525150028, 0.055799399071513746, 0.03039535734623553, 0.03011700120468351, 0.06449031433431407, 0.29871099234351667, 0.2643318404467428, 0.18482828580543065, 0.0437486160197844, 0], [0, 0, 0, 0, 0, 0, 0, 0, 0, 0, 0, 1]], [\'@\', \'a\', \'b\', \'c\', \'d\', \'e\', \'f\', \'g\', \'h\', \'i\', \'j\', \'$\'])", "([1, 0, 0, 0, 0, 0, 0, 0, 0, 0, 0, 0, 0], [[0, 1, 0, 0, 0, 0, 0, 0, 0, 0, 0, 0, 0], [0, 0.018181818181818184, 0.8, 0.018181818181818184, 0.018181818181818184, 0.018181818181818184, 0.018181818181818184, 0.018181818181818184, 0.018181818181818184, 0.018181818181818184, 0.018181818181818184, 0.018181818181818184, 0.018181818181818184], [0, 0, 0.02, 0.8, 0.02, 0.02, 0.02, 0.02, 0.02, 0.02, 0.02, 0.02, 0.02], [0, 0, 0, 0.022222222222222223, 0.8, 0.022222222222222223, 0.022222222222222223, 0.022222222222222223, 0.022222222222222223, 0.022222222222222223, 0.022222222222222223, 0.022222222222222223, 0.022222222222222223], [0, 0, 0, 0, 0.025, 0.8, 0.025, 0.025, 0.025, 0.025, 0.025, 0.025, 0.025], [0, 0, 0, 0, 0, 0.028571428571428574, 0.8, 0.028571428571428574, 0.028571428571428574, 0.028571428571428574, 0.028571428571428574, 0.028571428571428574, 0.028571428571428574], [0, 0, 0, 0, 0, 0, 0.03333333333333333, 0.8, 0.03333333333333333, 0.03333333333333333, 0.03333333333333333, 0.03333333333333333, 0.03333333333333333], [0, 0, 0, 0, 0, 0, 0, 0.04, 0.8, 0.04, 0.04, 0.04, 0.04], [0, 0, 0, 0, 0, 0, 0, 0, 0.05, 0.8, 0.05, 0.05, 0.05], [0, 0, 0, 0, 0, 0, 0, 0, 0, 0.06666666666666667, 0.8, 0.06666666666666667, 0.06666666666666667], [0, 0, 0, 0, 0, 0, 0, 0, 0, 0, 0.1, 0.8, 0.1], [0, 0, 0, 0, 0, 0, 0, 0, 0, 0, 0, 0.2, 0.8], [1, 0, 0, 0, 0, 0, 0, 0, 0, 0, 0, 0, 0]], [[1, 0, 0, 0, 0, 0, 0, 0, 0, 0, 0, 0], [0, 0.005785409024449207, 0.01596210438814515, 0.005964972942845905, 0.0021036832344334135, 0.01358575858222945, 0.00814734794041231, 0.6133175191443996, 0.21574650065020357, 0.11491526949432931, 0.0044714345985520845, 0], [0, 0.0018815333779407853, 0.004515408468518049, 0.011231432060207493, 0.019780807697442112, 0.006298362040889577, 0.0001223080229593539, 0.7356765760032926, 0.17177543946989654, 0.04293611405093218, 0.005782018807921181, 0], [0, 0.01784565409054213, 0.00802176740760327, 0.00030285771590733365, 0.01155142284990646, 0.002957382111785724, 0.016176500991774315, 0.5016101698528014, 0.16702561956651674, 0.18604029716750772, 0.08846832824565493, 0], [0, 0.008110315342774429, 0.0005687842920655455, 0.01349020559423237, 0.011603588194437693, 0.012813761357059842, 0.009205346746502542, 0.33189510930176774, 0.17727964472365013, 0.28322810688616756, 0.15180513756134215, 0], [0, 0.0009641307170283785, 0.010377706063379248, 0.012642305296243751, 0.01187459273855964, 0.012699592305799833, 0.011310778402341586, 0.2724391436444234, 0.20822234707593923, 0.2708307583696066, 0.1886386453866784, 0], [0, 0.00030968539068315144, 0.012842995112013918, 0.015700583147911076, 0.006399489682006411, 0.01449491239101695, 0.002248179182026194, 0.3371049423467958, 0.19811246239167482, 0.21628907012384938, 0.19649768023202227, 0], [0, 0.00741535525186397, 0.009534157839157413, 0.0004567257297893228, 0.005778412292500221, 0.01443141902994063, 0.00995175165414786, 0.4199696836843302, 0.2200143230800218, 0.20117903822319913, 0.11126913321504953, 0], [0, 0.006923051885343582, 0.008516480426953247, 0.0008899890538513831, 0.002542268093703128, 0.01646850916551228, 0.008897055284107053, 0.6787758761505998, 0.1543990601080487, 0.08567748178290324, 0.03691022804897757, 0], [0, 0.006266304607555301, 0.009587310206171646, 0.007921221786641149, 0.005196491972671992, 0.009071148022419068, 0.013926464816242667, 0.8523391624099365, 0.06818828014843506, 0.020599316902001827, 0.006904299127924843, 0], [0, 0.00395663441511944, 0.013538509543338906, 0.017091870333483174, 0.009073182686927573, 0.0017217520891195505, 0.00604645