((11, 4.6, 'ORIENTATION', 0.5), '([\'AAAAAAAAAAA\', \'BBBBBBBBBBB\', \'CCCCCCCCCCC\', \'DDDDDDDDDDD\', \'EEEEEEEEEEE\', \'FFFFFFFFFFF\', \'GGGGGGGGGGG\', \'HHHHHHHHHHH\', \'IIIIIIIIIII\', \'JJJJJJJJJJJ\', \'KKKKKKKKKKK\', \'LLLLLLLLLLL\', \'MMMMMMMMMMM\', \'NNNNNNNNNNN\', \'OOOOOOOOOOO\', \'PPPPPPPPPPP\', \'QQQQQQQQQQQ\', \'RRRRRRRRRRR\', \'SSSSSSSSSSS\', \'TTTTTTTTTTT\', \'UUUUUUUUUUU\', \'VVVVVVVVVVV\', \'WWWWWWWWWWW\', \'XXXXXXXXXXX\', \'YYYYYYYYYYY\', \'ZZZZZZZZZZZ\'], ["([1, 0, 0, 0, 0, 0, 0, 0, 0, 0, 0, 0, 0], [[0, 1, 0, 0, 0, 0, 0, 0, 0, 0, 0, 0, 0], [0, 0.018181818181818184, 0.8, 0.018181818181818184, 0.018181818181818184, 0.018181818181818184, 0.018181818181818184, 0.018181818181818184, 0.018181818181818184, 0.018181818181818184, 0.018181818181818184, 0.018181818181818184, 0.018181818181818184], [0, 0, 0.02, 0.8, 0.02, 0.02, 0.02, 0.02, 0.02, 0.02, 0.02, 0.02, 0.02], [0, 0, 0, 0.022222222222222223, 0.8, 0.022222222222222223, 0.022222222222222223, 0.022222222222222223, 0.022222222222222223, 0.022222222222222223, 0.022222222222222223, 0.022222222222222223, 0.022222222222222223], [0, 0, 0, 0, 0.025, 0.8, 0.025, 0.025, 0.025, 0.025, 0.025, 0.025, 0.025], [0, 0, 0, 0, 0, 0.028571428571428574, 0.8, 0.028571428571428574, 0.028571428571428574, 0.028571428571428574, 0.028571428571428574, 0.028571428571428574, 0.028571428571428574], [0, 0, 0, 0, 0, 0, 0.03333333333333333, 0.8, 0.03333333333333333, 0.03333333333333333, 0.03333333333333333, 0.03333333333333333, 0.03333333333333333], [0, 0, 0, 0, 0, 0, 0, 0.04, 0.8, 0.04, 0.04, 0.04, 0.04], [0, 0, 0, 0, 0, 0, 0, 0, 0.05, 0.8, 0.05, 0.05, 0.05], [0, 0, 0, 0, 0, 0, 0, 0, 0, 0.06666666666666667, 0.8, 0.06666666666666667, 0.06666666666666667], [0, 0, 0, 0, 0, 0, 0, 0, 0, 0, 0.1, 0.8, 0.1], [0, 0, 0, 0, 0, 0, 0, 0, 0, 0, 0, 0.2, 0.8], [1, 0, 0, 0, 0, 0, 0, 0, 0, 0, 0, 0, 0]], [[1, 0, 0, 0, 0, 0, 0, 0, 0, 0, 0], [0, 0.8151296114294379, 0.03911970970756136, 0.009524134399263164, 0.022518983242670765, 0.03273528555704876, 0.016785682924902193, 0.024381278262345023, 0.029610974183730848, 0.01019434029303977, 0], [0, 0.876212216855562, 0.025824518134760388, 0.010861851769603054, 0.02133611773777422, 0.01343272571272355, 0.004509339684960575, 0.03195330394356629, 0.0017842368500839243, 0.014085689310965821, 0], [0, 0.6142933723988413, 0.15809844648885363, 0.11681712207987549, 0.012944047207777032, 0.05839914242062725, 0.015655484992552846, 0.004086685336026553, 0.007838517578637289, 0.01186718149680853, 0], [0, 0.32811226052038034, 0.2737695504051105, 0.21616575015493406, 0.02146217470981119, 0.0555212836157891, 0.07468156178035386, 0.00872458400385385, 0.009388987277880095, 0.012173847531887095, 0], [0, 0.1646231905967168, 0.2054844647201011, 0.24193010057263956, 0.10213558839955361, 0.09233857751059243, 0.14781263599985844, 0.01547936877505734, 0.01796372100873066, 0.012232352416750348, 0], [0, 0.04951385130080893, 0.06538213615265628, 0.0847575096792322, 0.3063751683777668, 0.16064730096630878, 0.2673895879740927, 0.01581598503725679, 0.020171558098622904, 0.029946902413254487, 0], [0, 0.0030070267083239445, 0.021866936481080478, 0.021243363852479033, 0.25696558383216894, 0.34940603200513376, 0.293915082323686, 0.021701151970864887, 0.010787153436684977, 0.021107669389577845, 0], [0, 0.027966969133090075, 0.005645706445690726, 0.0017519363018077083, 0.08035775134445726, 0.7936402164947534, 0.044729475162231726, 0.022536420039186364, 0.006863037239769762, 0.016508487839012927, 0], [0, 0.014870342824453119, 0.0061209014457242385, 0.005721845959608644, 0.028370291955873837, 0.8694800026035909, 0.003705094171694792, 0.03920615692826381, 0.032278037571479644, 0.0002473265393110728, 0], [0, 0.05003510641608167, 0.023532092451437652, 0.014011480036307266, 0.06280077658882731, 0.773602222730674, 0.0009209460153076597, 0.021253836459804186, 0.02501162942445356, 0.028831909877106637, 0], [0, 0.031129785368212936, 0.045514778231056825, 0.015338366696275649, 0.0615464733174899, 0.7215176534270652, 0.02408621521722841, 0.044792943274813236, 0.023824007575742448, 0.03224977689211521, 0], [0, 0, 0, 0, 0, 0, 0, 0, 0, 0, 1]], [\'@\', \'a\', \'b\', \'c\', \'d\', \'e\', \'f\', \'g\', \'h\', \'i\', \'$\'])", "([1, 0, 0, 0, 0, 0, 0, 0, 0, 0, 0, 0, 0], [[0, 1, 0, 0, 0, 0, 0, 0, 0, 0, 0, 0, 0], [0, 0.018181818181818184, 0.8, 0.018181818181818184, 0.018181818181818184, 0.018181818181818184, 0.018181818181818184, 0.018181818181818184, 0.018181818181818184, 0.018181818181818184, 0.018181818181818184, 0.018181818181818184, 0.018181818181818184], [0, 0, 0.02, 0.8, 0.02, 0.02, 0.02, 0.02, 0.02, 0.02, 0.02, 0.02, 0.02], [0, 0, 0, 0.022222222222222223, 0.8, 0.022222222222222223, 0.022222222222222223, 0.022222222222222223, 0.022222222222222223, 0.022222222222222223, 0.022222222222222223, 0.022222222222222223, 0.022222222222222223], [0, 0, 0, 0, 0.025, 0.8, 0.025, 0.025, 0.025, 0.025, 0.025, 0.025, 0.025], [0, 0, 0, 0, 0, 0.028571428571428574, 0.8, 0.028571428571428574, 0.028571428571428574, 0.028571428571428574, 0.028571428571428574, 0.028571428571428574, 0.028571428571428574], [0, 0, 0, 0, 0, 0, 0.03333333333333333, 0.8, 0.03333333333333333, 0.03333333333333333, 0.03333333333333333, 0.03333333333333333, 0.03333333333333333], [0, 0, 0, 0, 0, 0, 0, 0.04, 0.8, 0.04, 0.04, 0.04, 0.04], [0, 0, 0, 0, 0, 0, 0, 0, 0.05, 0.8, 0.05, 0.05, 0.05], [0, 0, 0, 0, 0, 0, 0, 0, 0, 0.06666666666666667, 0.8, 0.06666666666666667, 0.06666666666666667], [0, 0, 0, 0, 0, 0, 0, 0, 0, 0, 0.1, 0.8, 0.1], [0, 0, 0, 0, 0, 0, 0, 0, 0, 0, 0, 0.2, 0.8], [1, 0, 0, 0, 0, 0, 0, 0, 0, 0, 0, 0, 0]], [[1, 0, 0, 0, 0, 0, 0, 0, 0, 0, 0], [0, 0.16622654616828858, 0.49073575841276346, 0.09616577831254816, 0.03919283785041533, 0.13793555273300406, 0.01448503013894572, 0.01613221515399945, 0.02633618058537754, 0.012790100644657795, 0], [0, 0.2526235724731241, 0.3276932416433357, 0.08769880734937036, 0.05525035733889534, 0.08143906282606893, 0.035509466557125675, 0.06728913492347588, 0.05250163459340756, 0.039994722295196274, 0], [0, 0.22194798070680144, 0.25447298424371545, 0.10507009387549551, 0.0979187539661088, 0.13297678152512282, 0.021614048795451216, 0.04207036961688638, 0.06160690838467188, 0.062322078885746465, 0], [0, 0.11343369167226154, 0.21502174218140585, 0.08472287551755962, 0.17272133795501646, 0.13441604228546206, 0.03546535329781617, 0.07515611130419185, 0.08547086163841376, 0.0835919841478729, 0], [0, 0.1583506834790487, 0.10657906617289065, 0.04904397416665713, 0.22261366057875792, 0.13421418457745085, 0.07247263936750199, 0.11823302678251618, 0.0763185586594998, 0.06217420621567675, 0], [0, 0.10243831157446402, 0.06810810009094422, 0.03091683941367738, 0.26424815493807313, 0.1716532351518441, 0.12111918008759139, 0.12845578318730314, 0.06786363235950149, 0.04519676319660117, 0], [0, 0.06247504431004498, 0.055615561263617594, 0.011276998145649428, 0.3466184364012233, 0.1722381141919342, 0.11904297369453222, 0.15325335619872776, 0.06597354989854355, 0.01350596589572687, 0], [0, 0.030764600970830863, 0.01777235305194813, 0.009271144416276078, 0.5069301605379002, 0.1261767600657331, 0.11015205534301732, 0.1522223956664306, 0.03918707957727999, 0.007523450370583708, 0], [0, 0.021404501991401724, 0.03184424734377174, 0.008608434004666765, 0.6574778396380311, 0.09192701831436367, 0.061468816898094754, 0.09468907087392277, 0.010954311465185513, 0.021625759470561945, 0], [0, 0.01846220261268829, 0.019831822720947054, 0.007742107462490167, 0.7889386053865733, 0.0657920282872595, 0.025607001183603446, 0.04060845505752098, 0.0005218590233957451, 0.03249591826552143, 0], [0, 0.0029566738210547562, 0.004540532703979424, 0.02135202147909422, 0.8312553236031218, 0.03343336817040098, 0.04601552566803333, 0.032588005071369455, 0.01019005370262569, 0.01766849578032015, 0], [0, 0, 0, 0, 0, 0, 0, 0, 0, 0, 1]], [\'@\', \'a\', \'b\', \'c\', \'d\', \'e\', \'f\', \'g\', \'h\', \'i\', \'$\'])", "([1, 0, 0, 0, 0, 0, 0, 0, 0, 0, 0, 0, 0], [[0, 1, 0, 0, 0, 0, 0, 0, 0, 0, 0, 0, 0], [0, 0.018181818181818184, 0.8, 0.018181818181818184, 0.018181818181818184, 0.018181818181818184, 0.018181818181818184, 0.018181818181818184, 0.018181818181818184, 0.018181818181818184, 0.018181818181818184, 0.018181818181818184, 0.018181818181818184], [0, 0, 0.02, 0.8, 0.02, 0.02, 0.02, 0.02, 0.02, 0.02, 0.02, 0.02, 0.02], [0, 0, 0, 0.022222222222222223, 0.8, 0.022222222222222223, 0.022222222222222223, 0.022222222222222223, 0.022222222222222223, 0.022222222222222223, 0.022222222222222223, 0.022222222222222223, 0.022222222222222223], [0, 0, 0, 0, 0.025, 0.8, 0.025, 0.025, 0.025, 0.025, 0.025, 0.025, 0.025], [0, 0, 0, 0, 0, 0.028571428571428574, 0.8, 0.028571428571428574, 0.028571428571428574, 0.028571428571428574, 0.028571428571428574, 0.028571428571428574, 0.028571428571428574], [0, 0, 0, 0, 0, 0, 0.03333333333333333, 0.8, 0.03333333333333333, 0.03333333333333333, 0.03333333333333333, 0.03333333333333333, 0.03333333333333333], [0, 0, 0, 0, 0, 0, 0, 0.04, 0.8, 0.04, 0.04, 0.04, 0.04], [0, 0, 0, 0, 0, 0, 0, 0, 0.05, 0.8, 0.05, 0.05, 0.05], [0, 0, 0, 0, 0, 0, 0, 0, 0, 0.06666666666666667, 0.8, 0.06666666666666667, 0.06666666666666667], [0, 0, 0, 0, 0, 0, 0, 0, 0, 0, 0.1, 0.8, 0.1], [0, 0, 0, 0, 0, 0, 0, 0, 0, 0, 0, 0.2, 0.8], [1, 0, 0, 0, 0, 0, 0, 0, 0, 0, 0, 0, 0]], [[1, 0, 0, 0, 0, 0, 0, 0, 0, 0, 0], [0, 0.012934331185464172, 0.9059494137649808, 0.01933985125029168, 0.011923231372589303, 0.005227861444800645, 0.003265635914154907, 0.01976537168765848, 0.021383950170752387, 0.000210353209307547, 0], [0, 0.0262488205446621, 0.9073080725582774, 0.0013821893271502752, 0.0128254053124941, 0.012182159132072467, 0.014602557252286416, 0.006837124859437868, 0.013426542409974084, 0.005187128603645334, 0], [0, 0.06145569507313509, 0.8242282633565682, 0.020496374646463884, 0.005830344033055124, 0.0050769895223475026, 0.01439019547739395, 0.00939887817373016, 0.0561595402892102, 0.0029637194280960305, 0], [0, 0.08497981184094835, 0.7038479446940351, 0.04605073640979805, 0.00308283245287136, 0.03720310382433621, 0.012532611918417431, 0.026872068173548074, 0.0789156464049759, 0.006515244281069406, 0], [0, 0.13745921618348175, 0.4653776308504192, 0.05824051809693515, 0.0050400572029195715, 0.04517068010926587, 0.0034318727119315696, 0.045542542319148914, 0.22876002720317504, 0.010977455322722875, 0], [0, 0.09751323835065412, 0.33045730468875756, 0.09872707511449202, 0.05734983195467834, 0.07529484671645208, 0.007366637660667715, 0.07233884472530007, 0.22039334850140693, 0.040558872287591155, 0], [0, 0.12704051698621757, 0.14581946381152533, 0.05330713313613074, 0.14091922422690342, 0.179634575147244, 0.021436498202196428, 0.0997338544344197, 0.18238828814888428, 0.049720445906478505, 0], [0, 0.13841101799184122, 0.0755316404888987, 0.025976579146379904, 0.25815706002979083, 0.2260911887503538, 0.025371323912299824, 0.09803626258227228, 0.11938289441661354, 0.03304203268154991, 0], [0, 0.09935493878814632, 0.04309895955787397, 0.03161833892829664, 0.1897267982456812, 0.2676750443997746, 0.13475462074995276, 0.07309441347333054, 0.06202221999629056, 0.09865466586065347, 0], [0, 0.11941755763960984, 0.056804423561653605, 0.0801147245653083, 0.20280873464841262, 0.25586215847981214, 0.10957466115064808, 0.04390372942104713, 0.05097872495227885, 0.08053528558122945, 0], [0, 0.1297731181442223, 0.076175206118549, 0.06964160345694988, 0.19437196389929304, 0.21157563133758628, 0.09043003734116972, 0.07253509063754321, 0.08148445620841498, 0.07401289285627162, 0], [0, 0, 0, 0, 0, 0, 0, 0, 0, 0, 1]], [\'@\', \'a\', \'b\', \'c\', \'d\', \'e\', \'f\', \'g\', \'h\', \'i\', \'$\'])", "([1, 0, 0, 0, 0, 0, 0, 0, 0, 0, 0, 0, 0], [[0, 1, 0, 0, 0, 0, 0, 0, 0, 0, 0, 0, 0], [0, 0.018181818181818184, 0.8, 0.018181818181818184, 0.018181818181818184, 0.018181818181818184, 0.018181818181818184, 0.018181818181818184, 0.018181818181818184, 0.018181818181818184, 0.018181818181818184, 0.018181818181818184, 0.018181818181818184], [0, 0, 0.02, 0.8, 0.02, 0.02, 0.02, 0.02, 0.02, 0.02, 0.02, 0.02, 0.02], [0, 0, 0, 0.022222222222222223, 0.8, 0.022222222222222223, 0.022222222222222223, 0.022222222222222223, 0.022222222222222223, 0.022222222222222223, 0.022222222222222223, 0.022222222222222223, 0.022222222222222223], [0, 0, 0, 0, 0.025, 0.8, 0.025, 0.025, 0.025, 0.025, 0.025, 0.025, 0.025], [0, 0, 0, 0, 0, 0.028571428571428574, 0.8, 0.028571428571428574, 0.028571428571428574, 0.028571428571428574, 0.028571428571428574, 0.028571428571428574, 0.028571428571428574], [0, 0, 0, 0, 0, 0, 0.03333333333333333, 0.8, 0.03333333333333333, 0.03333333333333333, 0.03333333333333333, 0.03333333333333333, 0.03333333333333333], [0, 0, 0, 0, 0, 0, 0, 0.04, 0.8, 0.04, 0.04, 0.04, 0.04], [0, 0, 0, 0, 0, 0, 0, 0, 0.05, 0.8, 0.05, 0.05, 0.05], [0, 0, 0, 0, 0, 0, 0, 0, 0, 0.06666666666666667, 0.8, 0.06666666666666667, 0.06666666666666667], [0, 0, 0, 0, 0, 0, 0, 0, 0, 0, 0.1, 0.8, 0.1], [0, 0, 0, 0, 0, 0, 0, 0, 0, 0, 0, 0.2, 0.8], [1, 0, 0, 0, 0, 0, 0, 0, 0, 0, 0, 0, 0]], [[1, 0, 0, 0, 0, 0, 0, 0, 0, 0, 0], [0, 0.14745466917769634, 0.42342882206891036, 0.0542999772488832, 0.04175427143893354, 0.12324974004175303, 0.019972051215031598, 0.09176974769448143, 0.07827467829630141, 0.019796042818009077, 0], [0, 0.23370312745423574, 0.1945929033674428, 0.09788698228983382, 0.20492872204171364, 0.05198082376024878, 0.010260873619070746, 0.08213028973420625, 0.10564500786819557, 0.018871269865052786, 0], [0, 0.16290830193409936, 0.12448192624554208, 0.06197199655616666, 0.1434797188822428, 0.0846762138583235, 0.07031740892438962, 0.14677723050845803, 0.15180508544868976, 0.053582117642088194, 0], [0, 0.14709578388839775, 0.01852901143870068, 0.028958095199050366, 0.30862117999588473, 0.08478298477191314, 0.08057112643259771, 0.21315610743215113, 0.10455183416104931, 0.013733876680255146, 0], [0, 0.0870332092239944, 0.0001365758105971642, 0.024196935774506458, 0.4069066596876384, 0.11745712056951425, 0.15449087479673318, 0.12579617568287893, 0.045849702161831124, 0.03813274629230612, 0], [0, 0.0355954630667912, 0.014606851667272587, 0.015705603338914825, 0.5859478836782682, 0.16270856005937528, 0.09560329864300217, 0.05430304041527198, 0.01084444361263862, 0.024684855518465013, 0], [0, 0.01701511433357289, 0.015385519370374714, 0.006905506314674536, 0.7599171072772546, 0.055334401184536045, 0.0766746708302528, 0.04772423723775355, 0.017594678339011266, 0.0034487651125695933, 0], [0, 0.016526747890124108, 0.0036995759506015394, 0.01745044262781224, 0.8312841618668664, 0.057755423362420316, 0.03564705134391517, 0.017914578917150353, 0.0056814367398245495, 0.014040581301285451, 0], [0, 0.022692434206867236, 0.022820386577206125, 0.002969359454732525, 0.8619239854629513, 0.03520075545950587, 0.02316886653501585, 0.007421653501027568, 0.016202200280702277, 0.007600358521991295, 0], [0, 0.006920373741968814, 0.019626289864651557, 0.007084227470599095, 0.904891967781348, 0.0151063018292932, 0.008565405313348394, 0.016222528647509157, 0.007322604304597701, 0.014260301046684255, 0], [0, 0.008242922997591632, 0.006721222591985666, 0.01835665317189883, 0.93101636858443, 0.0076215236885860335, 0.000836972042689299, 0.002118078622392664, 0.009338528114050872, 0.01574773018637481, 0], [0, 0, 0, 0, 0, 0, 0, 0, 0, 0, 1]], [\'@\', \'a\', \'b\', \'c\', \'d\', \'e\', \'f\', \'g\', \'h\', \'i\', \'$\'])", "([1, 0, 0, 0, 0, 0, 0, 0, 0, 0, 0, 0, 0], [[0, 1, 0, 0, 0, 0, 0, 0, 0, 0, 0, 0, 0], [0, 0.018181818181818184, 0.8, 0.018181818181818184, 0.018181818181818184, 0.018181818181818184, 0.018181818181818184, 0.018181818181818184, 0.018181818181818184, 0.018181818181818184, 0.018181818181818184, 0.018181818181818184, 0.018181818181818184], [0, 0, 0.02, 0.8, 0.02, 0.02, 0.02, 0.02, 0.02, 0.02, 0.02, 0.02, 0.02], [0, 0, 0, 0.022222222222222223, 0.8, 0.022222222222222223, 0.022222222222222223, 0.022222222222222223, 0.022222222222222223, 0.022222222222222223, 0.022222222222222223, 0.022222222222222223, 0.022222222222222223], [0, 0, 0, 0, 0.025, 0.8, 0.025, 0.025, 0.025, 0.025, 0.025, 0.025, 0.025], [0, 0, 0, 0, 0, 0.028571428571428574, 0.8, 0.028571428571428574, 0.028571428571428574, 0.028571428571428574, 0.028571428571428574, 0.028571428571428574, 0.028571428571428574], [0, 0, 0, 0, 0, 0, 0.03333333333333333, 0.8, 0.03333333333333333, 0.03333333333333333, 0.03333333333333333, 0.03333333333333333, 0.03333333333333333], [0, 0, 0, 0, 0, 0, 0, 0.04, 0.8, 0.04, 0.04, 0.04, 0.04], [0, 0, 0, 0, 0, 0, 0, 0, 0.05, 0.8, 0.05, 0.05, 0.05], [0, 0, 0, 0, 0, 0, 0, 0, 0, 0.06666666666666667, 0.8, 0.06666666666666667, 0.06666666666666667], [0, 0, 0, 0, 0, 0, 0, 0, 0, 0, 0.1, 0.8, 0.1], [0, 0, 0, 0, 0, 0, 0, 0, 0, 0, 0, 0.2, 0.8], [1, 0, 0, 0, 0, 0, 0, 0, 0, 0, 0, 0, 0]], [[1, 0, 0, 0, 0, 0, 0, 0, 0, 0, 0], [0, 0.1459415092083231, 0.3912342112811072, 0.056232305339489606, 0.0360040713760646, 0.2121633460657572, 0.007495760800920148, 0.026722318828426864, 0.10358232096603394, 0.020624156133877317, 0], [0, 0.08420767232247034, 0.2373284680539447, 0.04534089512344683, 0.10740539443548237, 0.1649145107663818, 0.054358716864292965, 0.04607953377084757, 0.18772819156863152, 0.0726366170945019, 0], [0, 0.12973614359719157, 0.12210134933965255, 0.06610753554630856, 0.06361505866067121, 0.13736487770570002, 0.06519825461946718, 0.09341368865796575, 0.19553858597000515, 0.126924505903038, 0], [0, 0.08128916765643891, 0.07893445004166137, 0.06966009864943785, 0.09925074030764641, 0.12001387387950459, 0.10190300423822131, 0.12417598129803997, 0.1647358562485645, 0.16003682768048508, 0], [0, 0.06501904298661644, 0.04686355892737687, 0.07672334244827479, 0.10254019873461176, 0.07102890111579799, 0.17401190868347732, 0.19072267130081855, 0.17204846696565998, 0.10104190883736631, 0], [0, 0.047744490293107594, 0.04774301561327317, 0.050568697059645396, 0.09327717656239237, 0.12538288109088327, 0.14970708678607145, 0.14227553093258824, 0.17465302500104057, 0.16864809666099792, 0], [0, 0.02758999694960079, 0.0033897049678339483, 0.04944584159445826, 0.09774133202589928, 0.17609588916636587, 0.1436563680400306, 0.15425060150248165, 0.19530220602507598, 0.15252805972825362, 0], [0, 0.00943161043079682, 0.030407699406560983, 0.04130157150629132, 0.21209941322581322, 0.1369073011808538, 0.1486664077395022, 0.17755381002001536, 0.15240964459575507, 0.0912225418944113, 0], [0, 0.03246154031946138, 0.02429780146020653, 0.03270847345530309, 0.16575240942498135, 0.16323009643126923, 0.20749199323816553, 0.2052344980994332, 0.08428343761688065, 0.0845397499542992, 0], [0, 0.08083176973369152, 0.05442484364627185, 0.05733011357057212, 0.21558561582397315, 0.17793930832853677, 0.19336363490058295, 0.07696845863942317, 0.041534835455975055, 0.10202141990097342, 0], [0, 0.05268781396080967, 0.04356579299119053, 0.04203277313511921, 0.13320600087928144, 0.25712249907560664, 0.14404089103244816, 0.09988752159935241, 0.04727392319486804, 0.1801827841313239, 0], [0, 0, 0, 0, 0, 0, 0, 0, 0, 0, 1]], [\'@\', \'a\', \'b\', \'c\', \'d\', \'e\', \'f\', \'g\', \'h\', \'i\', \'$\'])", "([1, 0, 0, 0, 0, 0, 0, 0, 0, 0, 0, 0, 0], [[0, 1, 0, 0, 0, 0, 0, 0, 0, 0, 0, 0, 0], [0, 0.018181818181818184, 0.8, 0.018181818181818184, 0.018181818181818184, 0.018181818181818184, 0.018181818181818184, 0.018181818181818184, 0.018181818181818184, 0.018181818181818184, 0.018181818181818184, 0.018181818181818184, 0.018181818181818184], [0, 0, 0.02, 0.8, 0.02, 0.02, 0.02, 0.02, 0.02, 0.02, 0.02, 0.02, 0.02], [0, 0, 0, 0.022222222222222223, 0.8, 0.022222222222222223, 0.022222222222222223, 0.022222222222222223, 0.022222222222222223, 0.022222222222222223, 0.022222222222222223, 0.022222222222222223, 0.022222222222222223], [0, 0, 0, 0, 0.025, 0.8, 0.025, 0.025, 0.025, 0.025, 0.025, 0.025, 0.025], [0, 0, 0, 0, 0, 0.028571428571428574, 0.8, 0.028571428571428574, 0.028571428571428574, 0.028571428571428574, 0.028571428571428574, 0.028571428571428574, 0.028571428571428574], [0, 0, 0, 0, 0, 0, 0.03333333333333333, 0.8, 0.03333333333333333, 0.03333333333333333, 0.03333333333333333, 0.03333333333333333, 0.03333333333333333], [0, 0, 0, 0, 0, 0, 0, 0.04, 0.8, 0.04, 0.04, 0.04, 0.04], [0, 0, 0, 0, 0, 0, 0, 0, 0.05, 0.8, 0.05, 0.05, 0.05], [0, 0, 0, 0, 0, 0, 0, 0, 0, 0.06666666666666667, 0.8, 0.06666666666666667, 0.06666666666666667], [0, 0, 0, 0, 0, 0, 0, 0, 0, 0, 0.1, 0.8, 0.1], [0, 0, 0, 0, 0, 0, 0, 0, 0, 0, 0, 0.2, 0.8], [1, 0, 0, 0, 0, 0, 0, 0, 0, 0, 0, 0, 0]], [[1, 0, 0, 0, 0, 0, 0, 0, 0, 0, 0], [0, 0.27774798607047296, 0.20312552590915356, 0.04534113727127857, 0.11646361493238733, 0.16373417703694454, 0.006326032394514282, 0.045382093833204906, 0.1379978237838772, 0.0038816087681666812, 0], [0, 0.2877823188402571, 0.14627831349109036, 0.00462013597797016, 0.20364217579532667, 0.10310393909727036, 0.008578105614272632, 0.10650218561654475, 0.0953652631629649, 0.04412756240430303, 0], [0, 0.14972479744832398, 0.15399888346454949, 0.061033230818619555, 0.1000938133875485, 0.04398332475409311, 0.0279486343494402, 0.19102518071606092, 0.13828471912434737, 0.1339074159370169, 0], [0, 0.08608833454103608, 0.08584612101614904, 0.0803962976590445, 0.04163721995396447, 0.07007036757500665, 0.0964444816951377, 0.16400030972950774, 0.18302049599248651, 0.1924963718376673, 0], [0, 0.055544345635029864, 0.06729407941094809, 0.11037542090933779, 0.054346084588487595, 0.05257647957621631, 0.07223190657515492, 0.18282894764181692, 0.12172173242525178, 0.2830810032377567, 0], [0, 0.053809252756400146, 0.006845059999779705, 0.09412542946887519, 0.040090790557790495, 0.11518439499465248, 0.15233907983142206, 0.17277046352097908, 0.09634054250986301, 0.2684949863602379, 0], [0, 0.05309582699972497, 0.06555692054668644, 0.07007320160798425, 0.13308356273152255, 0.04087446330898186, 0.13609283524407098, 0.2035537436495238, 0.09426173509102255, 0.20340771082048262, 0], [0, 0.061283141072128566, 0.018575299680394498, 0.059252434197260416, 0.10098514585224304, 0.08346936655602606, 0.22736716074873614, 0.19741795559088787, 0.12168944189272185, 0.12996005440960154, 0], [0, 0.10098529188873788, 0.02616695889746115, 0.0501448602955554, 0.1189724700722917, 0.15881365819504994, 0.21045312003133326, 0.13409352010303188, 0.0708628741766726, 0.12950724633986618, 0], [0, 0.09723655812906962, 0.027486215533261523, 0.021234729771056397, 0.16545942641347977, 0.22165484532402624, 0.1298241008241658, 0.14568056066756618, 0.06087343112177937, 0.13055013221559514, 0], [0, 0.08418345564028755, 0.05428268119830906, 0.011757083763215907, 0.07687028095995647, 0.18975832847897417, 0.16593279599752184, 0.10059914577252428, 0.062348261139098526, 0.2542679670501122, 0], [0, 0, 0, 0, 0, 0, 0, 0, 0, 0, 1]], [\'@\', \'a\', \'b\', \'c\', \'d\', \'e\', \'f\', \'g\', \'h\', \'i\', \'$\'])", "([1, 0, 0, 0, 0, 0, 0, 0, 0, 0, 0, 0, 0], [[0, 1, 0, 0, 0, 0, 0, 0, 0, 0, 0, 0, 0], [0, 0.018181818181818184, 0.8, 0.018181818181818184, 0.018181818181818184, 0.018181818181818184, 0.018181818181818184, 0.018181818181818184, 0.018181818181818184, 0.018181818181818184, 0.018181818181818184, 0.018181818181818184, 0.018181818181818184], [0, 0, 0.02, 0.8, 0.02, 0.02, 0.02, 0.02, 0.02, 0.02, 0.02, 0.02, 0.02], [0, 0, 0, 0.022222222222222223, 0.8, 0.022222222222222223, 0.022222222222222223, 0.022222222222222223, 0.022222222222222223, 0.022222222222222223, 0.022222222222222223, 0.022222222222222223, 0.022222222222222223], [0, 0, 0, 0, 0.025, 0.8, 0.025, 0.025, 0.025, 0.025, 0.025, 0.025, 0.025], [0, 0, 0, 0, 0, 0.028571428571428574, 0.8, 0.028571428571428574, 0.028571428571428574, 0.028571428571428574, 0.028571428571428574, 0.028571428571428574, 0.028571428571428574], [0, 0, 0, 0, 0, 0, 0.03333333333333333, 0.8, 0.03333333333333333, 0.03333333333333333, 0.03333333333333333, 0.03333333333333333, 0.03333333333333333], [0, 0, 0, 0, 0, 0, 0, 0.04, 0.8, 0.04, 0.04, 0.04, 0.04], [0, 0, 0, 0, 0, 0, 0, 0, 0.05, 0.8, 0.05, 0.05, 0.05], [0, 0, 0, 0, 0, 0, 0, 0, 0, 0.06666666666666667, 0.8, 0.06666666666666667, 0.06666666666666667], [0, 0, 0, 0, 0, 0, 0, 0, 0, 0, 0.1, 0.8, 0.1], [0, 0, 0, 0, 0, 0, 0, 0, 0, 0, 0, 0.2, 0.8], [1, 0, 0, 0, 0, 0, 0, 0, 0, 0, 0, 0, 0]], [[1, 0, 0, 0, 0, 0, 0, 0, 0, 0, 0], [0, 0.042814514871624555, 0.8977983902363185, 0.006136362378696614, 0.0033784701814264144, 0.0006663908052462711, 0.00747676924592871, 0.010279065839811828, 0.007006142936545512, 0.02444389350440166, 0], [0, 0.09495894261557403, 0.8113245378426022, 0.02520582194537437, 0.01761413421826435, 0.010579933278752557, 0.0166922045558926, 0.00541727760313346, 0.0022693397300444637, 0.015937808210362052, 0], [0, 0.29198025829607877, 0.5739094818963684, 0.06544239912959489, 0.005846804094114046, 0.0006804467101924599, 0.0015877204779431865, 0.0022752033130826557, 0.026253737921457028, 0.03202394816116864, 0], [0, 0.30521843065064846, 0.5317753564381831, 0.055571035537983295, 0.018791915556603662, 0.014023773117946954, 0.015838297784507512, 0.02681898051280005, 0.015722671136674103, 0.01623953926465285, 0], [0, 0.333221355083177, 0.3877661945774704, 0.12432019526621503, 0.003480659585265519, 0.01369887265831788, 0.02206035837125594, 0.0774254624080227, 0.03788364660422583, 0.00014325544604987925, 0], [0, 0.3516823323372573, 0.24643600834455226, 0.07303022068842635, 0.012135655744005356, 0.06433511913782979, 0.015864669057682003, 0.06860126630970828, 0.11333667546002577, 0.05457805292051286, 0], [0, 0.23247239602665778, 0.1538861424585972, 0.05486134528102389, 0.0932012412304138, 0.1173683402203915, 0.03567012672382896, 0.16449270595452492, 0.13301184927119802, 0.015035852833363762, 0], [0, 0.189071285641106, 0.13489797211974797, 0.022911889281804213, 0.27878247330129935, 0.10391503411848892, 0.002163738358444205, 0.1887532187775486, 0.0636237229399605, 0.01588066546160022, 0], [0, 0.13225908670583916, 0.037573036158386544, 0.017080407631492364, 0.4486376482139412, 0.1395534271818054, 0.013796881290044177, 0.14918593291962495, 0.04212574714782516, 0.019787832751040995, 0], [0, 0.08935416495619555, 0.024512661747585145, 0.010192366178984415, 0.5158717016547408, 0.17211443288387637, 0.017211640336825745, 0.12937518066231524, 0.03230500242914291, 0.009062849150333712, 0], [0, 0.07533443448048885, 0.05173499387162009, 0.0002911364378134588, 0.4619178997731161, 0.1495075921345527, 0.031508807729604724, 0.17682380058173575, 0.02093413710265034, 0.03194719788841801, 0], [0, 0, 0, 0, 0, 0, 0, 0, 0, 0, 1]], [\'@\', \'a\', \'b\', \'c\', \'d\', \'e\', \'f\', \'g\', \'h\', \'i\', \'$\'])", "([1, 0, 0, 0, 0, 0, 0, 0, 0, 0, 0, 0, 0], [[0, 1, 0, 0, 0, 0, 0, 0, 0, 0, 0, 0, 0], [0, 0.018181818181818184, 0.8, 0.018181818181818184, 0.018181818181818184, 0.018181818181818184, 0.018181818181818184, 0.018181818181818184, 0.018181818181818184, 0.018181818181818184, 0.018181818181818184, 0.018181818181818184, 0.018181818181818184], [0, 0, 0.02, 0.8, 0.02, 0.02, 0.02, 0.02, 0.02, 0.02, 0.02, 0.02, 0.02], [0, 0, 0, 0.022222222222222223, 0.8, 0.022222222222222223, 0.022222222222222223, 0.022222222222222223, 0.022222222222222223, 0.022222222222222223, 0.022222222222222223, 0.022222222222222223, 0.022222222222222223], [0, 0, 0, 0, 0.025, 0.8, 0.025, 0.025, 0.025, 0.025, 0.025, 0.025, 0.025], [0, 0, 0, 0, 0, 0.028571428571428574, 0.8, 0.028571428571428574, 0.028571428571428574, 0.028571428571428574, 0.028571428571428574, 0.028571428571428574, 0.028571428571428574], [0, 0, 0, 0, 0, 0, 0.03333333333333333, 0.8, 0.03333333333333333, 0.03333333333333333, 0.03333333333333333, 0.03333333333333333, 0.03333333333333333], [0, 0, 0, 0, 0, 0, 0, 0.04, 0.8, 0.04, 0.04, 0.04, 0.04], [0, 0, 0, 0, 0, 0, 0, 0, 0.05, 0.8, 0.05, 0.05, 0.05], [0, 0, 0, 0, 0, 0, 0, 0, 0, 0.06666666666666667, 0.8, 0.06666666666666667, 0.06666666666666667], [0, 0, 0, 0, 0, 0, 0, 0, 0, 0, 0.1, 0.8, 0.1], [0, 0, 0, 0, 0, 0, 0, 0, 0, 0, 0, 0.2, 0.8], [1, 0, 0, 0, 0, 0, 0, 0, 0, 0, 0, 0, 0]], [[1, 0, 0, 0, 0, 0, 0, 0, 0, 0, 0], [0, 0.12242920260871107, 0.09866944643787552, 0.022053832896061956, 0.18168698345454853, 0.4504332848287787, 0.04015987750256516, 0.005245333700112168, 0.04794236518824021, 0.031379673383106654, 0], [0, 0.07177338252693502, 0.07456123033447135, 0.020617838537430176, 0.43286112045274766, 0.20077715124091955, 0.058027765716239896, 0.07205161483564937, 0.027340960024775252, 0.04198893633083172, 0], [0, 0.11306099577277025, 0.034739351029840854, 0.027886320681105196, 0.13405639711169567, 0.29345319402753106, 0.08342420253960689, 0.09251983271945687, 0.06615234255800276, 0.15470736355999049, 0], [0, 0.09280329566951429, 0.03563511558267872, 0.023089706349918616, 0.1163960958424348, 0.21711496088180185, 0.05622863879541967, 0.0919544869122028, 0.04884335869976209, 0.31793434126626724, 0], [0, 0.09163156675175228, 0.027641122052179775, 0.04526988010838922, 0.04786452479761368, 0.27417326921931173, 0.054148445190256064, 0.04059783598810172, 0.029536375626967596, 0.3891369802654279, 0], [0, 0.09268032725518445, 0.05662725995602952, 0.07093270304193094, 0.03426811415181144, 0.30339999044810906, 0.024458462301045716, 0.04507506870138567, 0.06854553738384184, 0.30401253676066137, 0], [0, 0.08729092325117876, 0.1017829298050732, 0.17366136715175526, 0.01435865644006241, 0.3376592200780355, 0.0313581932973948, 0.0208313115288824, 0.09777248601026425, 0.13528491243735338, 0], [0, 0.08784351789433303, 0.17977218614748966, 0.10208205200315067, 0.047050148653924345, 0.26288731133708443, 0.1191483194345854, 0.030805437582778136, 0.0663169675327074, 0.10409405941394696, 0], [0, 0.05202882243139511, 0.28262704999491167, 0.047986021667926135, 0.06787821079693702, 0.3988911530796546, 0.07083773526690504, 0.0013185457931514618, 0.05146440785135247, 0.02696805311776645, 0], [0, 0.08871218055321135, 0.23108316039783605, 0.027474756306202764, 0.1711468585926029, 0.3669375125858489, 0.050655877746389945, 0.011968710237358742, 0.02473044793312103, 0.027290495647428508, 0], [0, 0.1299422912844279, 0.07119372546902489, 0.030156687829313862, 0.19478920457144955, 0.3859438875008461, 0.04972691826261424, 0.04662658882057516, 0.014648975399988155, 0.07697172086176016, 0], [0, 0, 0, 0, 0, 0, 0, 0, 0, 0, 1]], [\'@\', \'a\', \'b\', \'c\', \'d\', \'e\', \'f\', \'g\', \'h\', \'i\', \'$\'])", "([1, 0, 0, 0, 0, 0, 0, 0, 0, 0, 0, 0, 0], [[0, 1, 0, 0, 0, 0, 0, 0, 0, 0, 0, 0, 0], [0, 0.018181818181818184, 0.8, 0.018181818181818184, 0.018181818181818184, 0.018181818181818184, 0.018181818181818184, 0.018181818181818184, 0.018181818181818184, 0.018181818181818184, 0.018181818181818184, 0.018181818181818184, 0.018181818181818184], [0, 0, 0.02, 0.8, 0.02, 0.02, 0.02, 0.02, 0.02, 0.02, 0.02, 0.02, 0.02], [0, 0, 0, 0.022222222222222223, 0.8, 0.022222222222222223, 0.022222222222222223, 0.022222222222222223, 0.022222222222222223, 0.022222222222222223, 0.022222222222222223, 0.022222222222222223, 0.022222222222222223], [0, 0, 0, 0, 0.025, 0.8, 0.025, 0.025, 0.025, 0.025, 0.025, 0.025, 0.025], [0, 0, 0, 0, 0, 0.028571428571428574, 0.8, 0.028571428571428574, 0.028571428571428574, 0.028571428571428574, 0.028571428571428574, 0.028571428571428574, 0.028571428571428574], [0, 0, 0, 0, 0, 0, 0.03333333333333333, 0.8, 0.03333333333333333, 0.03333333333333333, 0.03333333333333333, 0.03333333333333333, 0.03333333333333333], [0, 0, 0, 0, 0, 0, 0, 0.04, 0.8, 0.04, 0.04, 0.04, 0.04], [0, 0, 0, 0, 0, 0, 0, 0, 0.05, 0.8, 0.05, 0.05, 0.05], [0, 0, 0, 0, 0, 0, 0, 0, 0, 0.06666666666666667, 0.8, 0.06666666666666667, 0.06666666666666667], [0, 0, 0, 0, 0, 0, 0, 0, 0, 0, 0.1, 0.8, 0.1], [0, 0, 0, 0, 0, 0, 0, 0, 0, 0, 0, 0.2, 0.8], [1, 0, 0, 0, 0, 0, 0, 0, 0, 0, 0, 0, 0]], [[1, 0, 0, 0, 0, 0, 0, 0, 0, 0, 0], [0, 0.06930139027589025, 0.04046045826223672, 0.11622110036398303, 0.039659906696653854, 0.10173391583229228, 0.031196209000726317, 0.10257091102329904, 0.1355673784744219, 0.3632887300704966, 0], [0, 0.07236576550994203, 0.16192690043927813, 0.06820073722850746, 0.04631254660529588, 0.15904970735585824, 0.06342497574793365, 0.018384569075611933, 0.2168162037375498, 0.19351859430002288, 0], [0, 0.08398010864844876, 0.13374947938516124, 0.06853945500770509, 0.03402704735505622, 0.19361711285559016, 0.05653058256988651, 0.01075979728996765, 0.17877456247221557, 0.2400218544159688, 0], [0, 0.10105549072394118, 0.0714554749726292, 0.07831211735542994, 0.027807761374518066, 0.15773380337863288, 0.0654688521901126, 0.034841173142898946, 0.12075815846637453, 0.34256716839546264, 0], [0, 0.10539583889629425, 0.0595905026303848, 0.05562370813386881, 0.03578159343935204, 0.11298200334665821, 0.10065043094127613, 0.1038452512794883, 0.12791477394502393, 0.29821589738765353, 0], [0, 0.054827673744046145, 0.09433943491101095, 0.07619957305062501, 0.08339289642179783, 0.10118435048570167, 0.0814774764694494, 0.10770853894616798, 0.07563465080615879, 0.32523540516504224, 0], [0, 0.07003016808132191, 0.022892260767847082, 0.05969001188012344, 0.08753614465694183, 0.1343570207104269, 0.08930120845844138, 0.09146961136582295, 0.06332402672438148, 0.38139954735469306, 0], [0, 0.06393143246705585, 0.048849354724101866, 0.06900246734977418, 0.08274343878542191, 0.16095905689639922, 0.10760827739993184, 0.1025398940947099, 0.06265819122275565, 0.30170788705984963, 0], [0, 0.08073097990649825, 0.03160552059051862, 0.04586720986577835, 0.08107880747460011, 0.12559184170236407, 0.14513912632477366, 0.15658773522201924, 0.0902017784059225, 0.24319700050752519, 0], [0, 0.0879004890462213, 0.02129377477550013, 0.03210467488022136, 0.09857874375132426, 0.08547423507308397, 0.17515480588998464, 0.1311173753079871, 0.021919473880135366, 0.3464564273955419, 0], [0, 0.056946988467398506, 0.008233202958067612, 0.07808832258063911, 0.03576104784719289, 0.01221703618232977, 0.1011685931704931, 0.08578431277131501, 0.05685576928506008, 0.564944726737504, 0], [0, 0, 0, 0, 0, 0, 0, 0, 0, 0, 1]], [\'@\', \'a\', \'b\', \'c\', \'d\', \'e\', \'f\', \'g\', \'h\', \'i\', \'$\'])", "([1, 0, 0, 0, 0, 0, 0, 0, 0, 0, 0, 0, 0], [[0, 1, 0, 0, 0, 0, 0, 0, 0, 0, 0, 0, 0], [0, 0.018181818181818184, 0.8, 0.018181818181818184, 0.018181818181818184, 0.018181818181818184, 0.018181818181818184, 0.018181818181818184, 0.018181818181818184, 0.018181818181818184, 0.018181818181818184, 0.018181818181818184, 0.018181818181818184], [0, 0, 0.02, 0.8, 0.02, 0.02, 0.02, 0.02, 0.02, 0.02, 0.02, 0.02, 0.02], [0, 0, 0, 0.022222222222222223, 0.8, 0.022222222222222223, 0.022222222222222223, 0.022222222222222223, 0.022222222222222223, 0.022222222222222223, 0.022222222222222223, 0.022222222222222223, 0.022222222222222223], [0, 0, 0, 0, 0.025, 0.8, 0.025, 0.025, 0.025, 0.025, 0.025, 0.025, 0.025], [0, 0, 0, 0, 0, 0.028571428571428574, 0.8, 0.028571428571428574, 0.028571428571428574, 0.028571428571428574, 0.028571428571428574, 0.028571428571428574, 0.028571428571428574], [0, 0, 0, 0, 0, 0, 0.03333333333333333, 0.8, 0.03333333333333333, 0.03333333333333333, 0.03333333333333333, 0.03333333333333333, 0.03333333333333333], [0, 0, 0, 0, 0, 0, 0, 0.04, 0.8, 0.04, 0.04, 0.04, 0.04], [0, 0, 0, 0, 0, 0, 0, 0, 0.05, 0.8, 0.05, 0.05, 0.05], [0, 0, 0, 0, 0, 0, 0, 0, 0, 0.06666666666666667, 0.8, 0.06666666666666667, 0.06666666666666667], [0, 0, 0, 0, 0, 0, 0, 0, 0, 0, 0.1, 0.8, 0.1], [0, 0, 0, 0, 0, 0, 0, 0, 0, 0, 0, 0.2, 0.8], [1, 0, 0, 0, 0, 0, 0, 0, 0, 0, 0, 0, 0]], [[1, 0, 0, 0, 0, 0, 0, 0, 0, 0, 0], [0, 0.028491244478692914, 0.011899598561045676, 0.0158687914339509, 0.1072515868818943, 0.7357471795677599, 0.03745440797442628, 0.0008739714571433841, 0.04052660423789968, 0.021886615407186987, 0], [0, 0.008174059523096569, 0.02473959551079372, 0.011838293508770727, 0.19542919888740184, 0.5431378829344986, 0.1742149454542704, 0.004875078857500857, 0.01327805815790461, 0.024312887165762763, 0], [0, 0.03465136593625373, 0.013690670409292637, 0.03684669949151269, 0.2349284802190049, 0.367346517473244, 0.10650507010871796, 0.05708618477382923, 0.03557812017523456, 0.11336689141291033, 0], [0, 0.14117599674328876, 0.08237243113986702, 0.044271381536465884, 0.18336130321487998, 0.28573423644708035, 0.05945149503958252, 0.0549384610124091, 0.02320355510493327, 0.12549113976149298, 0], [0, 0.2995378050488694, 0.08783435196781207, 0.04618302457456533, 0.10325005467796701, 0.17905452029477967, 0.06455352338575489, 0.027423028721017, 0.015862456567519338, 0.17630123476171533, 0], [0, 0.3598757125644432, 0.16827902511874854, 0.07680391734070498, 0.038958517622894144, 0.11369280612746155, 0.01160770564993414, 0.01106962580104781, 0.0592467255563647, 0.16046596421840106, 0], [0, 0.43017481889519904, 0.18381632434875916, 0.12455407055007332, 0.059456543499267246, 0.05873041016358759, 0.038383029303171584, 0.003160634838676032, 0.008540773188348217, 0.09318339521291781, 0], [0, 0.6316352670721108, 0.11038355073839468, 0.0755836345049624, 0.07044678304882282, 0.038606014841212316, 0.026536438661520372, 0.008539115105372398, 0.020410710270251268, 0.017858485757353017, 0], [0, 0.6235780252699304, 0.05258624099591578, 0.034284130962502546, 0.18574799023339528, 0.041321141158369955, 0.029410693484646727, 0.014911919536808801, 0.004561634638499533, 0.013598223719930903, 0], [0, 0.4601969628763693, 0.012292159216407887, 0.010928565875879011, 0.46719926941318973, 0.02283626355824748, 0.00028037948142235265, 0.0007609968006475413, 0.01571728591816698, 0.009788116859669587, 0], [0, 0.16213280168421032, 0.018583975209197138, 0.0006800394091556535, 0.7135152372165947, 0.008563076234621301, 0.041942224379602384, 0.021710647826021414, 0.014693353240123688, 0.01817864480047355, 0], [0, 0, 0, 0, 0, 0, 0, 0, 0, 0, 1]], [\'@\', \'a\', \'b\', \'c\', \'d\', \'e\', \'f\', \'g\', \'h\', \'i\', \'$\'])", "([1, 0, 0, 0, 0, 0, 0, 0, 0, 0, 0, 0, 0], [[0, 1, 0, 0, 0, 0, 0, 0, 0, 0, 0, 0, 0], [0, 0.018181818181818184, 0.8, 0.018181818181818184, 0.018181818181818184, 0.018181818181818184, 0.018181818181818184, 0.018181818181818184, 0.018181818181818184, 0.018181818181818184, 0.018181818181818184, 0.018181818181818184, 0.018181818181818184], [0, 0, 0.02, 0.8, 0.02, 0.02, 0.02, 0.02, 0.02, 0.02, 0.02, 0.02, 0.02], [0, 0, 0, 0.022222222222222223, 0.8, 0.022222222222222223, 0.022222222222222223, 0.022222222222222223, 0.022222222222222223, 0.022222222222222223, 0.022222222222222223, 0.022222222222222223, 0.022222222222222223], [0, 0, 0, 0, 0.025, 0.8, 0.025, 0.025, 0.025, 0.025, 0.025, 0.025, 0.025], [0, 0, 0, 0, 0, 0.028571428571428574, 0.8, 0.028571428571428574, 0.028571428571428574, 0.028571428571428574, 0.028571428571428574, 0.028571428571428574, 0.028571428571428574], [0, 0, 0, 0, 0, 0, 0.03333333333333333, 0.8, 0.03333333333333333, 0.03333333333333333, 0.03333333333333333, 0.03333333333333333, 0.03333333333333333], [0, 0, 0, 0, 0, 0, 0, 0.04, 0.8, 0.04, 0.04, 0.04, 0.04], [0, 0, 0, 0, 0, 0, 0, 0, 0.05, 0.8, 0.05, 0.05, 0.05], [0, 0, 0, 0, 0, 0, 0, 0, 0, 0.06666666666666667, 0.8, 0.06666666666666667, 0.06666666666666667], [0, 0, 0, 0, 0, 0, 0, 0, 0, 0, 0.1, 0.8, 0.1], [0, 0, 0, 0, 0, 0, 0, 0, 0, 0, 0, 0.2, 0.8], [1, 0, 0, 0, 0, 0, 0, 0, 0, 0, 0, 0, 0]], [[1, 0, 0, 0, 0, 0, 0, 0, 0, 0, 0], [0, 0.22717250201649977, 0.1985683202828711, 0.007990390169327082, 0.1223137983922184, 0.3573842195700162, 0.04589188809696972, 0.017794681869691683, 0.01571250641857837, 0.007171693183827471, 0], [0, 0.2537265601766108, 0.14135345870452187, 0.0013983106294647512, 0.2744826818199421, 0.2452778353534592, 0.029153437468256705, 0.023716386427044375, 0.01954475250396392, 0.011346576916736363, 0], [0, 0.20155173872325868, 0.5490056142636939, 0.021934022523058205, 0.08564166116529393, 0.10248648682502408, 0.004546535436913207, 0.0004886972976787732, 0.02654258857641942, 0.007802655188659961, 0], [0, 0.08397893562519589, 0.7852365009307631, 0.017352187268293025, 0.015352831743970986, 0.05635715614019089, 0.004691972157116402, 0.016501655239568116, 0.011405800658679069, 0.009122960236222432, 0], [0, 0.02201535224062712, 0.848610068876454, 0.007627234477272487, 0.006485370954204314, 0.06074101052156613, 0.004728778323635497, 0.017566773948897576, 0.01474356812951334, 0.017481842527829587, 0], [0, 0.012616639590293025, 0.8544990831294438, 0.0018687505342362468, 0.012771381450